14597,10129
14652,10201
14626,10162
14558,10082
14453,9929
14448,9922
14500,9863
14797,10476
14724,10297
14766,10372
7787,14473
14467,9880
8389,9087
8362,13466
7801,14450
8337,13541
7994,14102
7967,14161
7807,14441
7973,14195
8011,14096
8096,13951
8248,13659
8354,13523
8119,13912
8101,13901
13333,9929
14432,10059
14464,9927
13711,10022
14509,9997
13782,9954
13418,9944
14465,9900
14202,10152
14126,10176
14373,10046
13842,10095
13899,10214
13918,10240
7717,11918
6450,11641
8356,13404
8365,13431
9303,17965
9343,17985
9366,17997
15249,10564
15145,10636
14937,10598
14911,10587
14990,10581
15101,10640
15200,10600
15056,10625
7658,11947
15322,10513
15453,10419
4642,12491
11818,6201
3888,12618
4340,12578
4529,12570
4131,12641
14868,10467
5835,11768
5381,11847
14820,10473
4817,12366
5736,11835
5543,11837
8244,11878
5478,11860
8759,16684
5045,12243
5147,12164
5361,11910
5261,12004
-913,16641
12040,6239
8026,11764
8250,16008
8486,16425
8286,14635
8167,11865
8389,16214
8266,15134
8534,16355
8164,15840
8156,15614
8140,11850
8140,15859
14884,10508
8221,11876
8129,15701
8330,16160
8321,13033
8270,16047
8245,15004
8264,14902
12637,6309
8330,9610
12242,6234
12235,6276
8281,10791
8275,14869
8300,10823
12459,6282
8904,17059
8000,11137
8776,16718
8292,14734
8335,9702
7980,11070
8338,9593
8143,10903
8839,16873
8336,10829
8339,9448
8322,14687
8339,9560
12557,6288
9009,17255
12619,6310
8338,9099
8374,9291
7968,11048
9017,17290
7934,11275
8358,9068
8381,9247
8011,11014
8367,9006
12630,6326
8374,9074
8344,9085
8031,11249
12518,6281
8927,17119
12605,6322
12505,6287
8027,11000
12567,6302
8314,13323
8688,16533
8592,16436
9136,17509
8315,13181
8360,10133
9073,17361
8333,10167
8315,10347
8573,16443
9034,17357
9120,17553
12812,6343
8338,9971
8522,16458
9128,17455
5907,11874
8341,10721
8296,10438
9131,17664
9110,17581
9147,17941
9089,17693
8328,10585
13077,5893
8340,10753
8332,10637
8278,10384
8232,14689
9171,17937
6411,11678
7878,14514
8050,14558
5933,11775
6022,11757
7889,14519
5858,11863
7939,14447
6358,11724
8103,14582
6154,11798
7989,14478
8246,14675
12981,6366
12979,6374
9190,17932
12997,6290
13027,6168
9236,17907
6296,11756
13064,5953
8180,9099
8309,10368
4849,15875
11608,7267
7634,11920
11596,7280
7559,11888
7240,11907
6980,11790
6540,11754
7200,11881
6778,11742
7058,11809
7182,11870
7449,11883
7173,11864
5618,14981
5873,14847
5972,14820
8369,18769
8476,18773
6389,20412
6334,14756
8648,18585
9310,18108
3396,12741
8789,18476
5130,15692
8839,18504
8647,18567
8737,18516
8562,18642
9229,18178
2953,13489
8558,18597
8303,15298
5306,15387
5455,15245
5134,15565
5391,15331
8290,15304
5113,15596
8260,15226
8597,18554
5086,15664
3582,12704
3332,12742
1232,15804
8312,15470
8308,15409
4723,15907
8329,15397
3654,12672
9130,7810
3231,12749
3065,12975
4089,15978
4084,15859
2987,13448
3476,12735
9240,7811
6694,20164
4369,15950
3127,12793
3763,12624
4055,15795
3016,13315
3960,15786
9281,7795
4620,15919
3924,15768
3775,15768
9035,7810
3371,15777
8959,7824
3837,12618
4131,16017
9909,18333
11663,6806
11607,7145
11593,7237
11617,7083
11652,6879
11672,6737
11713,6380
11748,6253
11689,6634
11740,6338
3252,15781
7504,19459
-280,13318
3308,15773
-76,13296
7512,19480
102,13292
971,13498
512,13335
-285,13276
1111,13514
4799,15891
-309,13268
7996,19049
8162,18941
7792,19218
-287,13308
778,13455
-224,16095
364,15810
7393,6452
7707,7415
7605,7109
-196,16060
44,15897
7747,7521
-1073,16610
9882,18318
12116,9825
9855,18322
-995,16701
-993,16682
11141,9107
-992,16688
9716,18290
7171,5831
7227,6080
7252,6080
-822,16535
9220,11781
-910,16608
7278,6101
7223,5890
12286,9739
-238,16095
11136,9183
-1351,16587
-1429,16614
6824,14821
-1321,16543
-1159,16563
-1333,16577
-1096,16597
-1409,16597
6709,14782
13270,10030
8480,9080
12439,9660
13230,9981
6513,14725
6596,14740
8940,7835
13371,9974
13306,10006
8327,12174
12591,9584
12981,9672
12919,9584
7236,5685
13086,9825
12796,9548
13145,9861
12739,9576
8598,9074
12712,9523
12578,20749
9302,7294
8014,11753
11170,9919
11841,10747
8016,11770
7194,5763
15583,10399
10600,19225
10518,18750
10513,18854
16900,9861
15758,10578
2777,13712
5787,4400
10496,18704
10584,19132
11164,9885
2402,13602
2321,13572
2225,13562
2910,13607
2568,13662
15639,10469
15550,10361
11164,9904
2859,13686
10497,18883
10529,19055
2057,13634
2950,13552
2902,13665
2922,13594
7216,5707
15623,10449
10509,18981
9533,12925
1198,13526
14323,5395
6244,8597
1512,13511
1951,13647
1753,13587
1826,13587
7801,11875
7970,11441
12543,10223
6644,8780
7965,11467
13302,9894
6460,8688
8005,11627
12670,10160
17383,9719
7954,11399
7486,14652
7527,14644
-1928,16423
8904,12489
16925,9852
7653,14570
7605,14600
11907,19749
6454,8653
16984,9857
6339,8644
7753,14528
7695,14545
7464,14636
13311,9905
-1810,16391
10075,18472
-1734,16375
13657,9983
9286,12886
-1603,16495
9383,12915
12154,20325
12802,10097
-1715,16444
11995,19759
-1595,16525
12869,10071
-1455,16565
13579,10146
7897,11287
-1661,16506
-1473,16531
9323,12895
-1699,16513
12987,10007
-1489,16501
13229,9853
3005,15780
6006,8478
12502,10244
13145,9920
13152,9914
12384,10368
12207,20351
5660,8351
1123,13523
1737,15797
12274,10612
12235,20380
1186,13529
12331,10409
1348,15802
12457,10309
12266,20467
12328,10442
5913,8415
12310,20523
5762,8335
5831,8358
8892,12576
9300,7312
11512,10105
5806,8350
6123,8546
7199,5479
5738,4361
7157,5418
6664,8787
19052,6823
10205,18575
7245,5568
21657,10519
7018,5201
7095,5317
7823,12120
7775,12114
10359,18646
12377,20636
6953,5102
12359,20587
19407,6660
5546,4302
12500,20705
14327,5427
13646,6019
7373,14566
13532,5987
13483,5973
6923,5057
14392,5453
11640,11067
14238,5596
19988,6409
14138,5818
19995,6406
16868,5938
14340,5406
13766,6019
14221,5626
11589,10947
16353,10207
18266,9853
11543,10015
14270,5572
11507,10004
19751,6514
19590,6590
16148,10329
14223,5658
14002,5936
14323,5455
7772,12040
14325,5409
7443,14620
16734,9990
9365,18062
4910,3599
16539,10097
16878,9875
3848,8689
3713,8578
9343,18080
16811,9937
22611,13901
11081,19456
11236,19509
11273,19521
9410,18021
6847,14735
5387,4214
6940,14750
8486,16412
3738,8599
5337,4192
9460,18053
10857,19379
3831,8674
6378,20460
7314,14599
9462,18234
6428,20480
6375,20438
7167,14666
5523,4285
22195,10993
13844,12900
8185,9083
8184,8902
10636,19289
12060,13422
11039,11425
5018,3810
11249,11268
8941,8186
21970,12153
11094,11377
10722,11816
11312,19537
12141,13341
11730,19684
11052,11414
5282,4145
11883,19739
11473,11180
5139,3997
10815,11662
5225,4095
10892,11555
5074,3900
8942,7865
11349,11227
6860,8878
21869,10750
12172,10585
8188,8895
7996,8298
21950,10776
18296,10027
8175,8815
21608,10403
9281,7651
22059,10782
22103,10814
21611,9893
21686,9876
21827,10684
12005,13481
11799,10848
18312,9985
7774,7724
8002,8315
7837,7899
11668,10916
11752,10878
11770,10774
22160,10834
11776,10860
12052,10644
18301,9946
21650,9884
12142,10600
21791,10623
11472,19593
17471,9688
18382,13492
22192,10869
7838,7848
18875,13467
9654,12882
18783,13469
11857,13596
17849,9679
18066,9770
18226,13506
11004,9554
22457,13713
22462,13726
11957,13528
17668,9632
21936,12022
-744,16895
-814,16830
11555,7314
9351,7241
11518,7314
22562,13855
9461,7190
7787,7692
9509,7195
9618,12907
-914,16830
8501,11815
18631,10167
9042,11839
19711,10426
21599,7904
10672,11870
16845,5875
8571,11846
8825,11773
18339,10048
9677,7206
19921,10499
18094,13505
8813,11825
9171,11777
19959,10443
10599,11819
17290,6228
11332,7305
10515,11785
8969,11814
7664,11597
21907,12018
18149,13505
8567,11799
21972,12038
16670,5473
16816,5831
14836,12826
14355,12752
9075,11756
18387,10070
19503,13509
7711,11558
19181,13485
7717,11540
19415,13503
19059,13479
-1923,15684
15498,11380
7107,9030
15357,12813
14988,11130
19360,13499
-2447,15476
-2038,15683
18552,10135
-1942,16105
-2065,15682
11055,9539
-2702,15517
-1962,16312
9701,18256
-1967,16380
-1956,16220
11346,9655
14096,12827
17267,13067
-1945,16202
-2157,15731
22196,12961
-2453,15476
-1979,15994
-1978,15684
12575,12223
9679,11834
7665,11353
-1937,16383
-2325,15646
21593,7934
9547,11819
18715,10003
-1950,16292
9925,11947
19628,13517
-2318,15601
21351,8259
21568,8052
-1958,16269
9878,11857
-2675,15513
13979,12861
14828,10628
11311,9576
14066,12836
14805,10518
3644,8456
11274,9492
5170,8449
14880,10808
11208,9345
3644,8425
14950,11049
13960,12866
19675,10410
18773,10028
5890,4674
19116,10173
14928,10970
6975,8944
-2783,15538
21646,10510
21584,10329
21585,10289
9418,11804
21586,10344
3696,8572
14902,10859
10439,11772
21524,9488
4960,8440
21619,9993
21587,9609
10317,11875
21566,10230
10329,11842
14750,12812
10373,11781
9991,11903
19069,6928
5838,4540
11946,9913
21678,9817
21337,8273
1269,20271
11177,9935
10364,11896
21633,9731
5833,4462
14661,12798
17803,8079
4784,8508
21467,9236
21192,8839
11485,10029
11400,10022
11735,10022
22084,5877
11295,9958
4320,8596
21276,8374
21210,8883
8543,16364
4456,8598
14556,12781
21183,8731
10083,10192
12632,12630
5212,8602
14435,12761
8516,16393
21385,9049
8408,12986
21193,8468
7161,4091
11489,7748
7159,4023
1528,18971
7162,4058
8486,12918
12553,20757
21173,8576
11182,8983
8503,12895
10226,10145
22270,11210
12295,12197
-3345,13994
1397,20125
1557,19765
22244,11311
1340,20209
1463,19417
11455,15916
17492,6462
17432,6352
4783,8557
17528,6502
22268,11285
8344,12221
10362,10120
22187,13304
4772,8599
-264,13009
22236,11208
1450,19336
11255,8591
11472,7899
8348,12609
21351,9066
-3503,13773
22219,11136
8391,12389
10521,10126
-3385,13937
8424,12853
21280,8954
8354,12416
22191,13414
8306,12609
21334,9015
11507,7647
22259,13508
22279,11272
22211,13040
21365,9059
1509,19693
10069,10151
8309,12758
1472,19165
21252,8928
15205,11080
21882,11859
5347,8562
21885,11949
11823,13610
17987,7973
11441,8280
-3543,13691
18406,7760
3970,8582
11282,8428
15604,10204
11450,7921
11736,15727
8538,12245
11266,8336
22207,11069
3928,8598
11279,8489
12596,12472
11762,13619
11706,13635
5417,8519
19807,13529
18287,7815
425,8766
22009,11636
15518,10234
11419,8077
15457,10342
3964,8559
11275,8387
19726,13524
11528,7528
11554,7382
11458,7897
11547,7432
22073,11581
11785,13625
15239,11165
5533,8478
6996,3761
11593,7314
5531,8458
10705,9234
18325,7778
15496,10277
22825,14109
22839,14149
1426,18973
-304,17280
710,18727
-305,17249
1165,19009
465,18533
117,17549
-682,16975
20215,10554
6408,20603
225,17815
6421,20519
413,18500
234,17930
144,17638
897,18943
6423,20500
17418,6702
-252,17325
4822,3431
-155,17409
209,17735
22447,13690
714,18758
15245,11178
1002,19014
1200,18969
616,18640
-3546,13503
4815,3382
22843,14452
372,18411
-431,17169
-3556,13582
1447,18933
15021,11152
22827,14356
61,17495
320,18117
22359,13599
-389,17168
1122,19036
534,18553
1404,18974
6413,20582
6408,20543
17300,13118
15931,9846
4778,3352
17489,13125
16268,9670
15790,9920
16182,9591
15322,11335
10749,9342
16049,9749
16791,9137
17056,6133
7367,9146
8014,9126
7735,9121
20200,6321
15914,9858
15458,11306
15606,10179
15645,10147
8081,9120
15828,9875
15713,10035
8775,12457
17300,13061
8731,12270
7387,9184
10905,9472
7790,9126
16123,9692
16002,9787
17160,6239
8804,12280
16432,9673
16831,9078
17067,8725
9424,18276
7308,9163
9248,9350
10713,9260
9309,9347
16355,9603
8610,12254
15102,11120
15786,9957
20106,6357
16389,9633
16347,9594
16120,9653
8053,9123
9784,8209
12600,20742
10037,8269
9880,9233
15010,12855
9505,9306
6745,4999
12672,20720
15233,12829
-903,6923
9884,8265
6908,5053
15074,12850
8715,8459
6747,5010
20453,6211
20755,5750
12723,20691
15098,12849
10298,8245
20880,5736
9619,7930
9632,9280
-927,6888
20716,6029
6783,5011
10575,8218
9973,9232
15477,11338
9489,9309
9709,8127
12814,20648
14940,12843
8759,8458
14906,12837
15767,4099
21002,5755
15356,11338
15950,12886
18437,7752
10629,14299
9562,7796
4587,3097
20293,6278
16748,20586
18010,7133
16647,21038
16711,20942
6317,4804
10644,8363
10914,9925
17739,13146
8969,8278
10602,10006
9689,9266
16576,21165
14635,9786
1859,21541
9793,9241
17202,8391
16771,20740
8720,8373
8807,8353
-346,13349
10522,10056
17906,13141
-795,13437
-729,13415
-990,13502
10691,8532
17698,13124
6200,4836
7859,7486
14386,5428
17698,13134
17871,13145
7696,7562
6385,4896
18054,13477
6267,4825
17079,8456
10123,9233
10547,9233
17684,13133
7647,9196
14889,9660
11142,9939
10598,8270
10001,9234
6419,5048
16787,20515
16520,3531
14807,9704
17105,8666
14909,9649
17064,20455
7949,7607
10500,10081
16762,20895
17671,13132
16797,3321
6744,4983
17143,8565
11160,9932
17978,13328
14390,5443
9753,9252
17695,8137
9115,9046
11186,9861
-2801,15365
-2955,15129
13105,5748
8263,7611
-2809,15459
9209,12795
12821,20646
-2775,15446
11175,9882
-2779,15358
8748,8587
12880,20610
17216,6308
-2226,5120
14715,4928
9117,12705
8883,9089
6349,20396
9026,9042
8594,8777
17628,8169
-2890,15231
-2830,15208
7604,9242
17522,8220
-2915,15152
12416,13045
22672,16341
6281,20369
12344,13157
22739,16203
12382,13097
12835,20637
12180,11657
22518,15417
5847,20243
8695,9079
8601,8724
11594,9604
9171,12758
12208,11746
22771,16194
-1258,13552
-2801,15280
9091,9054
8616,8605
9079,9058
8943,9098
8962,9048
17514,6754
9098,12687
17566,8199
12380,13120
8901,9104
11141,9732
7444,9148
8827,9086
14544,5123
17748,8109
13116,5689
8722,8527
6264,20408
22670,16063
22089,5782
7018,11615
16497,5323
11075,9576
-2965,15053
17845,6986
22657,16287
9211,9354
6809,11570
11640,9710
22539,15729
11110,9661
16279,5170
17919,6978
17459,6854
12092,11475
12520,12938
13371,12694
17574,6908
12061,11406
22696,16208
17763,6960
12143,11574
22554,15780
22717,16142
21539,17442
16083,5118
6869,11567
17919,6968
9125,9078
-2929,15082
22623,15959
22441,15118
17934,7029
21555,17546
16209,5067
9150,9152
4274,2717
-3008,14992
22631,16215
-3008,14910
22518,15510
9170,9206
16320,5187
11541,9576
17632,6930
22515,15620
6519,21002
11048,8922
19837,13531
7612,11597
6560,21055
21066,17503
7648,11592
-2998,14879
21875,17533
10796,8498
20804,17848
11950,11157
11897,9754
21284,17454
12525,12151
6433,20687
22516,15399
22573,15043
10913,8463
7362,11561
22741,14761
10091,12232
10893,8608
7965,11380
20746,17848
22806,14631
10988,8867
10924,8690
12085,9778
10936,8837
20728,17670
6450,20753
15515,11416
7418,11566
10890,8567
20801,17821
10919,8755
22022,17519
7092,11593
-3030,14844
22507,15373
20362,10611
22396,15254
11754,9735
10929,8503
7549,11608
6512,11608
6596,21062
22413,15187
13506,12752
6565,21004
6503,20978
-3445,14033
6594,21134
6439,20632
10919,8785
13136,5593
21925,17542
13559,12779
20523,10686
20542,17911
22400,15321
21751,17511
10528,11729
13622,12806
22393,15292
6494,20944
22836,14520
19968,18144
20294,10585
6445,20636
6473,20858
11673,9720
15527,9096
-3159,13886
13158,5490
22296,6170
10249,11727
18186,7200
22666,16412
18121,19390
22378,16657
15513,9144
15052,9584
11042,9642
22512,16542
8160,13053
-3066,14718
9956,12523
15623,9028
15432,9322
11100,8974
13292,13931
15304,9464
22582,16455
18079,7144
1125,7184
8110,13042
7931,11391
22590,16432
11089,9751
-3204,13913
11023,9597
11115,9100
15186,9550
18025,19433
21998,12204
8274,13052
15453,9259
-3285,13947
11136,9851
16569,5380
20769,17650
18109,19352
10213,11728
11072,9711
-3437,14029
22036,12367
11098,9046
-3371,13987
22039,17350
9919,12613
20653,7289
-2857,13854
-2918,14496
10374,11734
8049,12140
-2980,13874
11598,16878
20654,7136
22139,16912
10058,12290
8234,4660
12656,13576
12766,13621
2858,13530
-2942,14666
12723,13598
22160,17132
9984,12426
22050,17230
9996,12401
22038,17264
-3049,13959
13763,3018
22137,16965
-2740,13829
7745,11332
12483,13418
17679,19532
12582,13519
22004,17470
20603,7189
22162,16861
-2913,14628
20439,7124
22071,17208
-3042,14682
-2576,13777
-3019,14286
18997,19157
20628,7200
-2923,14465
-2910,14534
18074,19227
11570,17028
11621,16749
7874,11293
17808,19508
-2928,14666
22126,17171
22002,17492
18496,2471
9611,13517
22027,17432
21992,17479
22167,17103
20640,7122
-3001,13877
20561,7229
9884,10192
8512,7757
16620,7574
16358,8841
16534,8182
16602,7810
9858,10199
16161,8852
6511,21649
9665,6029
8522,12239
8466,12197
9570,10566
6563,21425
10109,12238
9478,11317
8018,12135
18430,19248
9865,10227
16084,8833
9646,10404
22299,16730
22238,16799
15680,8914
13136,22397
15873,8884
18142,19232
10205,11758
5865,4353
16023,8860
8215,12156
10189,11773
9668,10306
21365,5832
8122,12147
7945,12592
10274,11737
9698,6024
6007,4340
9873,10285
8122,12603
7875,12363
7822,12201
12420,13370
21303,5826
18340,19247
18814,19194
16507,7254
18602,19197
6529,21620
16633,7434
8465,7699
8120,12756
7816,12150
15617,8924
12891,12549
9675,10351
13761,2993
16201,8860
12959,4195
16388,8821
13025,12523
16436,8687
-3042,14255
9587,10421
-2410,13746
9405,11413
18947,19168
21744,5804
9007,12499
15630,8979
9331,11497
19125,19130
15623,8949
15633,9007
19579,18933
11500,15988
11656,11106
8124,12840
21569,5730
19381,19003
21470,5809
9372,7798
9234,11683
19157,19122
18910,19175
17641,20141
21596,5693
9900,12643
12843,12567
9527,10927
17844,20055
11550,16068
8116,12938
19974,18799
12866,12582
7012,3743
12185,13298
9539,10820
9474,11360
9870,12657
7183,3570
19061,19145
21846,5856
17422,20268
9122,12509
9713,18322
7109,3635
21602,5685
9268,11590
13067,12583
17130,20436
12244,13240
-3381,11583
6428,21648
2004,21502
-3136,13944
9324,18137
2253,21527
5790,11643
-3187,14116
19782,18211
9554,10695
-3090,14198
-3146,14145
9239,12923
8686,7726
2352,21559
9559,10656
9242,7286
16485,6377
-3173,11520
9523,10964
12753,20884
8378,7623
866,6328
9279,12953
-3300,14039
11108,9187
16430,15168
6210,4325
6392,4312
2371,21524
7144,3965
21629,7921
1928,21595
16425,6445
9815,12705
9492,11209
7739,7531
12238,11931
6478,21652
6428,11610
19875,18182
-3069,11487
8754,12622
8553,7795
10128,11813
-3306,14035
6147,4329
6361,21707
6392,21668
-3059,14230
8618,7748
6618,4191
2074,21469
-3675,11702
9754,12775
7113,3908
1942,21564
2166,21468
9118,13070
6633,4272
1152,6659
6642,4155
8587,12642
10421,16175
-1833,11665
8498,12870
-2027,11884
6768,4113
9001,13039
10079,11845
5666,11362
13359,5086
3134,22153
-2013,11841
9927,13666
10005,16150
8715,12956
9980,16973
5373,10981
8529,12757
13078,21754
8566,12661
11958,11045
6297,11449
12807,20944
13305,5316
5230,10919
6200,11417
5215,10711
13273,12649
5459,11135
8985,13034
8401,12973
6378,11553
5727,11573
5947,4791
-2062,11925
1057,6461
79,5405
10301,16186
15341,15912
13206,22290
15395,15852
6320,21777
10603,16158
10045,16157
7708,7539
-2222,11225
8635,12629
-2413,11283
13091,12563
-2317,11254
5426,11039
8693,12951
8924,8154
-2851,11417
505,8702
13031,21538
-2476,11301
11984,11130
5756,11618
-1944,11758
-2080,12091
13232,12628
9749,13582
5929,22339
13327,5234
-2088,12071
-1824,11656
8464,12919
8921,8028
13324,4784
-2088,12007
11630,16623
8952,8030
9900,13653
6819,4051
13265,5519
5845,11615
5821,22435
19899,13534
5348,10960
10445,13675
16146,12881
9218,11793
13266,4503
10207,12055
6067,11479
8676,12976
8363,13402
11456,6103
16312,12876
15594,4152
5196,10398
6082,22183
10687,11853
9195,11972
5191,10190
13098,4452
6223,21952
11651,6192
9141,12320
12972,4384
5264,10921
22030,6600
9137,13032
15516,12838
1227,20281
1106,20424
3635,8099
11654,15572
9164,12172
22056,6613
325,5925
8434,13310
10703,11837
9212,12969
1126,6548
6052,22185
21620,7647
21888,6944
6111,22155
5984,22280
13305,4504
16333,6544
15367,12815
1166,20330
394,6368
8371,13399
16837,11920
625,20738
381,6094
15563,12870
9130,12433
6026,22227
6247,11390
8603,13076
11689,15639
331,6225
8766,12541
9207,11880
16197,12880
5192,10234
11307,15995
15605,21098
15730,11279
8760,12585
16341,21194
16242,12878
11632,15530
12341,13309
10227,12013
8632,13037
13498,22636
9167,13046
8623,13049
15643,12875
5993,22260
10301,11899
9183,12076
16073,12883
8756,12608
12307,13329
6257,22005
3587,7560
441,6435
21341,7487
13551,23072
22624,13901
13117,22337
22638,13902
16376,12874
7676,4216
9947,13674
10301,13701
895,20523
7484,4109
20681,10772
309,5669
213,5582
7539,4127
10085,13684
15381,15873
10739,16146
23333,5710
4747,10150
7585,4154
122,5416
11567,15842
17170,13070
11458,11136
15555,11351
13365,22743
3709,8082
21613,7521
834,20610
533,6479
3779,8105
9996,13678
19844,18400
21567,7284
17113,13025
15747,12880
3676,8394
13521,23057
21789,4520
1032,20580
10220,13694
21016,7325
21574,7244
15640,4222
4638,10162
9707,12974
3665,8131
161,5496
10982,16121
17227,13075
7769,4315
13110,22313
7307,4087
21475,7500
17314,12265
15668,11299
7994,4430
3753,8073
20843,10878
16865,13000
20872,7268
344,5738
11214,16043
7389,4088
21497,7597
18647,10172
21546,7635
18694,10018
16860,12861
13404,22384
13429,22943
21025,7349
22071,4501
7911,4465
-3712,11714
18703,9997
20958,7289
17048,13000
13456,22533
22978,13967
22146,6338
11388,12202
-360,9193
15618,4189
21976,6848
-3296,3686
4910,10135
23125,13961
11351,12221
22658,13898
2365,11179
2764,11519
12166,13349
22652,13906
5651,8218
12965,13709
23106,5758
7932,8325
21413,13459
22897,5740
21930,12185
15123,13965
10117,12973
21597,7711
2346,11147
22684,13929
-3890,11775
9716,12971
13385,22383
3623,12284
1810,21363
5026,10151
22848,14001
14989,7574
15153,13931
13148,22396
21616,7863
15179,13872
22670,13902
21570,7751
12384,12718
2770,11484
20891,17572
-3404,11589
22990,13996
23021,13982
12829,13621
21590,7211
9724,12992
12206,13326
9683,12913
22214,6271
12738,14459
11541,17153
9900,12942
15585,4139
1843,21440
9930,12947
22097,6414
16873,14236
15669,4266
-4001,2858
2625,13229
11251,13667
-3758,2678
22238,6195
-4496,14767
21517,10827
-4296,14707
12987,13727
11497,12463
22162,5919
13100,13803
2016,11034
-4382,14733
11462,12384
22246,6133
21826,13371
10004,12966
-4203,14688
5825,22456
22122,5884
16368,9632
-4473,14734
12084,12235
676,9104
1251,7429
8598,4985
8575,4980
-4255,14709
-4160,14690
10824,11992
-3692,13480
693,9129
-3780,2523
10895,13961
-4333,14726
10908,13978
11452,12318
-208,12938
9651,13406
11325,12021
2631,11371
10595,13100
22280,6128
2813,13416
-103,12841
-3803,13464
21542,7752
15720,4341
8784,5095
10776,11942
7263,14873
15351,1653
15800,4464
21587,7865
2607,13374
16355,9622
8618,5019
2685,13380
16768,14849
21538,7684
22204,6016
13430,13733
9611,13245
-4439,14727
11282,13661
10445,13091
13261,20919
2722,21854
11244,6080
10185,12982
13730,3111
25232,3757
7886,8335
-4625,10139
-1435,9168
-4700,14826
9314,17943
22236,6233
21559,10732
-4506,9395
2727,21802
7429,12070
11077,6028
11160,12071
1215,7797
11395,6096
14475,4635
9744,16875
16865,11931
3137,8538
10240,15318
834,8067
4973,17042
21562,13424
21592,10656
-4323,10570
9880,16994
5014,17212
-3956,2787
17313,12609
8088,8254
13289,21001
1610,20385
9590,17662
-4696,9263
15110,1732
3346,7369
2743,21924
-4445,10379
-3882,2441
-4251,11112
15908,4828
25241,3232
20236,13526
11429,6122
1349,20345
7911,8329
14363,8738
-3768,3069
11164,6007
-4305,13412
1374,15314
1655,20388
2966,22084
-4582,14807
11111,12027
1572,20412
-4510,10208
14986,1820
10526,6008
22038,13338
18708,10000
7792,8357
-4442,9625
-4671,14818
7992,8312
11068,6006
10869,11949
13435,21050
1756,20405
-3680,3160
13391,16436
-3965,2240
7716,8356
12909,20592
9719,16904
14988,1860
20150,13562
21608,12320
20225,6631
-3852,2730
-4635,9267
13128,4008
9588,13174
-4585,9836
2772,21963
4997,17241
-4232,11414
20773,13468
860,8052
-4023,13493
13075,20817
-4460,9456
10624,6042
11084,12070
3066,22117
13285,21021
1928,10728
9396,17863
1505,22368
9348,17885
2518,21565
13707,13206
-4546,9381
11280,6096
11275,12055
7899,8332
2686,21720
3889,12591
2272,11074
21473,10928
2615,21640
-3938,2287
13302,3837
9778,16915
25281,3161
17289,12964
12364,12589
-4387,10496
9363,17868
11034,12038
21781,4470
-4774,14779
-4592,10184
13543,13568
2420,21553
13789,16775
4988,17172
1263,7450
-4230,10679
1252,7741
1534,20421
11920,12266
9846,16981
20290,13518
-4254,10810
20313,6841
9341,17917
17976,3735
11347,12181
-4134,1984
13747,13110
13798,13003
-4369,13418
1043,7929
4952,17122
5232,23139
10379,14963
-4536,9800
1259,20303
13648,13334
11221,6031
2252,11037
15205,1670
20073,13535
13524,21053
-4755,9120
-3881,2374
-4751,9033
22263,6185
-4619,9867
21716,13396
13740,3252
-4631,10046
-4645,9365
15774,4612
17037,4794
15716,4519
-4250,11267
-4372,13402
13258,3912
-4556,14805
17301,12585
10339,13052
10792,6036
8078,8256
8086,8289
20186,13533
-4804,14783
-3820,2479
10354,14987
11607,12412
-4645,10192
-4011,13407
10366,14992
11545,13690
21296,13520
-4881,13631
3763,12279
-5053,14926
4725,3685
10339,5948
17320,12308
20118,6617
4236,2678
11698,16311
15433,12686
14489,20963
13574,13505
15024,21116
3033,13633
4830,3607
15610,18596
4699,3707
13331,16424
13624,21057
7640,8359
13057,14267
11673,16367
17357,12566
19732,3340
14050,20955
11926,16088
17346,12490
-3624,14113
10370,14946
761,7922
10448,14707
1566,21898
1280,15591
-4101,11708
10241,11830
21311,13522
10706,13043
14390,4548
11659,16457
1579,22101
811,8022
14987,21022
-5168,14943
11635,12398
14091,20962
1556,22050
23402,5483
10402,14835
25259,3116
445,8429
3517,8464
8276,8295
-3462,14041
9771,17154
8234,8303
3005,13728
-3712,14393
8265,8305
-4518,13433
12362,12540
16767,15549
9549,17625
-4922,13641
12857,16627
10380,14911
5801,20339
20906,13454
4601,3704
4664,3712
20391,13511
15102,21180
2925,13516
-4945,14883
8210,8291
13909,20928
12814,14556
9242,7145
23403,5385
-4798,13570
13609,13427
14789,20995
-4861,14834
9955,5993
1238,15705
9787,17050
3455,8454
4596,3738
11655,16486
2717,12463
14577,20966
5284,20603
5630,7875
-4076,11810
20508,13497
15082,21165
19842,3419
1569,22250
8482,8364
13224,14025
20060,6575
19904,3464
14694,20983
14172,21011
-4398,13401
4476,3820
5631,8011
9559,13087
9242,7218
15424,12732
4307,3959
11833,15912
23404,5325
9242,7044
1595,22172
10188,15474
3757,12372
7039,12314
1523,22310
12713,16682
9417,6063
9653,17400
17337,12428
3701,12279
11845,12292
12360,12505
3358,8511
14925,21013
15413,18626
-3552,14082
21039,13464
13875,21077
21337,13470
4754,3651
11618,16183
20632,13485
23420,5159
10440,14730
1588,22209
3871,12396
-4691,8899
3550,8453
-4661,13485
15048,21203
13631,2938
10254,5921
10215,5959
12279,12113
3295,8524
13158,14117
23433,5037
3597,8457
21262,13517
614,8006
10185,15487
-4255,11600
15395,12762
5833,20273
8100,8288
5631,8141
13744,21067
9840,6003
-4027,11818
13104,16522
12620,14979
9516,17595
-4031,11796
-3689,13513
1610,21721
3314,7269
4874,3617
12345,12435
15294,11964
20169,6636
12798,14536
2688,12701
10404,5969
9242,6962
21150,13493
1847,10697
-5383,14984
22365,6149
2717,7093
16884,15833
22513,5747
3258,12035
4045,4005
16821,14765
12745,14613
15168,7256
20693,12742
15365,11564
12709,14745
3131,8435
15124,21163
-1,10327
15158,21049
15176,7315
3443,21908
15200,7233
-5179,13674
17300,12173
3670,21496
22467,6135
3038,13612
16905,15924
10230,11839
10506,14521
1557,10306
-5689,15114
15337,11639
1170,13521
4170,2727
10472,14632
-5564,15039
-5686,15113
-3656,14272
16975,12000
22608,5732
3946,21246
23461,4948
22200,5776
571,11255
12592,14838
2643,12453
-5694,15115
2997,7181
3380,12059
12097,16263
3784,21362
20707,6098
-5054,13665
16834,14539
-5681,15113
-3027,14689
12798,14682
15317,11953
16181,10609
10933,14122
16966,4847
4234,4020
16839,14676
8527,8293
12391,2382
17195,12125
23461,5013
20623,6136
15054,7474
-643,7252
15335,11943
2911,7153
-5641,15109
4208,21159
480,11204
16764,11919
15272,7151
15042,7513
17139,12100
-5610,15079
-5280,13659
3085,7211
8327,8302
10567,14337
16811,15611
15464,3936
13630,16629
21146,4229
12694,2517
15301,11876
5257,20551
15445,11455
-3700,14375
368,11051
7407,3473
15181,21144
2947,13898
15412,11510
12640,14800
3189,7249
3251,12025
100,8339
-3769,14429
22292,5774
10530,14452
18580,2121
16246,10641
7383,12095
3979,21211
3389,7383
265,10935
4190,21181
3839,21357
14361,9772
23444,4942
16964,3210
11482,17459
16193,10593
15414,11487
16852,14412
14841,8207
3605,21589
12384,2379
15349,1614
12709,15112
4156,21175
15377,11555
17088,12069
15349,11911
3545,21677
15132,7402
22696,5728
16080,10743
504,11243
12789,14670
12090,16199
3507,12076
16919,15978
3295,12068
-363,7630
9538,12993
454,11159
3468,7455
4226,21133
15327,11724
16959,4831
12593,2472
10739,14228
15350,1636
7458,3451
2881,14061
8394,8313
23620,5096
18388,2509
-3529,13452
-4256,1831
12841,14380
17719,2646
9245,6791
8776,8285
9247,6687
7946,7411
18496,2409
4827,20862
18567,2218
22271,10971
10295,11856
10013,16972
131,12672
13026,14234
1159,13541
9249,6642
-4166,1941
8861,8242
18134,9080
-3451,13300
15904,12340
11522,17248
12883,14344
23461,5054
16961,16042
3161,2482
-1467,9768
21935,12153
16416,6741
1415,22552
-1504,10736
12949,14292
225,10885
-5612,13586
18293,3890
18446,2504
22393,10896
-45,12778
4600,20972
16827,5187
4568,9685
5033,20757
3003,13634
17115,4757
3304,21971
12211,16688
22798,5731
-4180,1941
5170,20673
4626,20960
8666,8305
16591,5284
-3947,14611
-4139,1976
23982,5030
4550,9539
15670,1474
18036,2531
-1529,9465
4533,9400
12226,16757
7030,4937
-1860,10317
-1545,10660
194,10846
18092,9141
17524,2765
3387,2473
18350,2533
23776,5040
10262,11814
-3441,13270
3218,22094
20525,11488
1344,10012
3221,2479
18592,3743
-442,13058
12013,16120
11052,13870
12822,12067
-874,12755
6000,4846
6034,4893
14318,9688
18382,2506
18518,2370
12639,14913
-998,12689
-3352,13135
22310,10927
3016,13615
3302,2476
17009,5016
2809,7120
4294,21148
15327,7065
-5411,13631
10089,18180
18442,3740
4587,20947
3172,22109
23852,5036
16262,6913
11134,13820
984,14086
10893,14705
16274,6929
5110,20708
4587,9840
-1602,9915
20435,12869
15367,7031
5475,20381
41,10501
3117,11852
1457,10168
11508,17315
18037,9195
96,10701
7854,7572
23,12739
16328,7005
16899,5146
5744,22586
10864,14692
4315,21142
12891,12008
2876,13594
7578,8358
4609,9949
16428,7144
11921,11185
23962,5031
10179,17772
10054,18210
19657,3417
16286,6946
2683,14878
12075,16144
6006,4852
9441,16058
12060,11323
16375,7070
18247,2490
-3337,13111
-1487,9271
4623,10066
-1491,9801
7934,7621
1124,13599
11899,16037
2921,13618
1053,13790
10822,14179
12735,12131
4458,18613
14404,9847
6097,4858
16474,6675
-1464,9626
8561,8252
7858,7506
22490,10868
4644,20952
-1994,11496
-1084,12644
14560,8528
-1409,12216
-1020,7446
14400,5110
20230,12970
10502,14070
3011,2487
14562,4985
10463,13747
1858,20740
-453,13012
16035,14748
601,20709
-1730,12067
3160,22121
20428,3786
-1245,4351
25346,2956
-1431,12284
-2046,12036
890,9399
-1387,12201
10050,11942
875,23836
-1664,12057
-1966,11999
6183,4785
-3669,11766
2657,14486
7091,4760
6030,4743
20012,3532
20593,6082
3560,2467
20068,13036
25030,4421
-3170,12603
-2333,16609
1460,22874
25131,4400
3983,2454
5005,16824
23745,13830
21137,11294
-4188,14566
24834,4541
15454,12519
2793,14374
-3253,12511
7166,4643
24041,13795
2953,11830
5350,20495
10141,18030
19826,13444
1559,23039
5575,22762
20352,3744
5463,20461
5357,23004
25474,2848
20137,13016
1394,23482
7171,4200
3902,2456
2396,2485
13359,13832
25347,4320
20326,12921
15030,7928
-1523,11012
7494,8354
8895,7797
3145,22123
20559,12809
1435,22771
7203,4737
19868,13131
11442,17664
4065,2576
-1396,12347
24398,4842
-1501,10833
13379,3587
25376,4207
-1608,12068
1238,9869
13387,3513
15606,1537
5610,22777
-2335,16535
25373,4266
2860,14118
14843,15007
-446,13035
7052,4911
23869,13830
-3257,12407
14299,4383
-3208,12889
23240,13938
-1391,12304
14295,4462
7979,7525
20637,3919
15437,1613
1534,23277
2588,2494
6107,4718
904,23964
3868,8759
20082,3578
15457,12449
-1523,12138
11616,10288
4891,17289
14300,5236
7974,15418
7138,4379
4228,9093
2671,14653
14466,5087
10561,14181
13336,3628
25385,4414
24147,4930
23619,13864
1003,23752
15505,1591
-3211,12868
21138,11271
19837,13218
11457,17585
1566,23179
6026,4744
23397,13905
5521,22825
20362,3750
22383,4470
3473,2470
14975,7665
15025,7860
10480,13871
20428,6157
6092,4717
-1875,11602
-4081,14550
14599,14679
14700,8368
-3230,12938
12025,11346
-2006,12006
-3252,12580
10122,11913
15053,7966
1117,9706
1476,22938
4901,17341
10064,11953
-3985,14582
23801,13839
16991,3241
7058,4890
25286,3931
1479,23355
25373,4371
25262,3828
13066,11854
-3211,12784
3732,2461
-3228,12920
-629,12862
-471,9647
8796,7751
2831,14219
-472,12961
-1105,12631
1019,9573
11985,11261
23548,13879
-1112,7891
3641,2464
2781,2493
10487,13928
20354,11500
25251,3789
16975,16164
2769,14482
7118,4540
6849,14831
16966,16127
13052,11867
2673,14756
-2209,16501
2226,18228
7143,4350
21138,11254
25132,4385
6012,4662
4158,22896
873,24112
4465,18475
-2095,11399
14347,5273
19866,13174
-4944,1298
11412,17823
-3900,14530
17142,3393
23987,13805
2934,11747
5291,23072
-717,12823
16306,18011
-122,9213
1872,20683
16043,1311
11763,10635
19735,11721
20546,3865
1753,20511
4613,22928
5037,23036
2155,6873
20692,3951
2576,7026
11595,15460
20449,3799
-57,10103
20772,3999
-4156,14677
15688,1506
15899,14598
151,12541
7001,14837
20834,4035
21329,4383
3952,8980
7432,14969
15947,12626
262,12085
14276,16411
511,20600
14485,16362
4996,16990
19005,11767
6494,20520
13173,11788
1733,20470
13563,3385
21053,4162
19223,7189
2688,7067
-153,9854
4181,8933
232,12207
1741,20571
1746,5922
14580,14636
13624,3355
4824,22907
-75,10017
5007,16861
2266,6911
130,12624
20159,3623
14183,16547
4993,23020
20788,4008
-103,9934
13998,16956
5100,23045
14188,16501
15972,14681
12825,2573
9400,5938
-4744,1466
-4827,1433
-4492,1624
4944,22978
4543,22964
11824,10708
4240,19019
4407,22897
11554,16075
13295,11792
15256,14237
19084,7009
-4368,1731
19830,11677
-5621,13613
4876,22955
10911,8457
4994,17023
3268,15787
11722,10533
4332,22916
4596,22955
4697,22901
-324,9701
5206,23103
2857,8487
14134,11272
10799,8504
6989,8687
21370,4442
-4587,1542
7139,14785
20304,3714
12421,15278
2661,8307
8024,15401
1761,20539
-232,9768
17111,4643
13495,3399
9378,5773
15204,14087
12012,11235
14449,16394
20322,3725
-3631,11774
7073,20577
1851,21328
14682,14572
6694,12627
7624,15083
19879,11595
4750,22915
4198,9015
2885,8513
14406,16379
-4644,1514
20219,3661
6964,14849
20136,3609
-1282,4244
2130,6865
18922,2238
436,20558
17106,4701
11671,10402
12998,17480
4006,8967
1819,21116
22419,4457
208,12305
14499,16341
14754,14406
-3281,12297
2403,6962
-3349,12213
14635,13725
11682,15397
-426,9473
9390,5870
14006,13761
11781,10696
11897,10887
13393,3459
19881,11591
14328,19527
1736,20441
2713,8357
4459,22931
179,12434
16611,5333
20149,3617
2465,6984
6601,20542
30,9105
15189,14027
880,6645
14433,4716
3108,18103
15598,15793
15829,11282
22095,5585
13377,16378
1024,6898
-3425,12157
13366,11651
15350,3749
14239,4367
22540,11031
7929,15355
301,11942
1150,6774
16368,11912
16218,15386
6580,12775
17876,11217
97,20103
297,8894
1787,20836
11535,14900
1179,15260
7754,15160
16512,11894
1549,17718
7368,8595
18929,2454
1110,13462
14316,9542
1270,17566
16051,1293
7306,20635
21273,4333
16388,9614
11777,15808
7366,8624
16329,1128
22123,5452
660,17352
14164,4271
14555,4976
221,20430
7694,15125
11436,14741
22184,5545
7579,11032
7365,8595
2819,18130
22092,5673
15952,12679
22634,11024
7353,8633
16376,9602
16119,11435
6230,14246
7595,11086
9176,5803
16535,11920
18928,2319
11411,9810
15776,1456
7313,8661
16256,17651
15928,1395
4833,15916
2792,18130
13310,20168
13400,20113
16702,11920
14869,24387
12981,17557
2905,11653
1101,6960
1697,5938
2768,18147
7166,8487
15307,3683
22947,10998
884,6701
-5785,13606
2248,2486
165,20308
854,24387
17848,11204
21269,4316
21179,4249
1712,20907
22512,10941
197,8973
7086,8579
2747,18162
2212,2493
12208,15108
5635,7660
16413,11906
22755,11013
22847,11008
21025,10815
2839,18131
16076,1272
13473,11456
15795,1428
16005,1350
21131,10812
2397,8064
323,11801
-3511,11979
1808,20817
13031,17775
17953,3955
7098,20582
21193,4305
10970,12822
13321,20161
7289,20618
2695,7082
1066,7093
14411,4757
14828,15050
12670,16675
15936,11314
22865,11007
13477,20064
18738,16957
12560,16602
21585,4459
16419,1048
2848,18138
1750,20868
16242,11533
872,24330
14422,4787
2052,6847
298,20480
8049,15470
6608,12858
13400,16395
5636,7685
5636,7709
21546,4457
15886,1382
1132,13504
8981,5692
22093,4499
1138,21895
10079,15661
10081,15853
10022,16237
17364,3565
919,22068
-4494,8428
6890,4124
11651,15273
7410,8593
22128,5003
931,14268
7242,8586
15738,11851
14286,11186
14676,1777
14531,9244
17365,9654
-4540,8535
2926,15381
16269,17759
10550,4320
355,22344
-2418,16609
19984,11557
9996,16328
-1162,4656
-2972,16399
1427,21237
18624,11712
8402,15162
11595,15058
8947,5434
6226,13951
1254,21718
1282,14710
6230,14184
-3050,16429
14109,13449
88,5136
2933,15270
22196,4847
7490,8593
7096,4051
22451,4441
22017,5159
-2445,16610
10045,15754
18733,8633
9453,6415
2929,15138
16610,15000
12327,15333
3470,20683
13953,23497
16514,15092
17236,14140
17491,3627
-5963,13593
6227,13938
5868,20198
5587,11397
23960,6153
-1163,4532
3183,15599
16277,17830
15825,15547
3213,18115
21346,12427
16686,15448
21435,12390
22043,5346
17995,13675
10046,15844
6365,13879
8968,5554
14751,13693
14922,15082
14425,13780
6288,14661
-1017,4966
16314,15223
3160,15603
14357,11148
17110,14187
-4504,8457
10209,16674
21053,12582
6231,14308
-1048,4893
12252,15376
11941,15586
1329,15124
15220,16019
-4590,8666
10614,4314
21221,12484
-4509,8385
24089,6144
-2779,16330
9254,6542
14821,13674
2539,8196
3302,15796
3249,15654
1927,2570
1157,14459
10070,15624
9959,16510
1133,14387
22101,5064
3310,15790
14948,1878
1348,6701
13217,13884
7534,10850
1577,5982
8750,5173
18520,11685
15552,15660
21265,12468
9389,6348
9381,6277
18627,1396
14558,9111
10061,15775
-1146,4741
18008,13507
22154,4923
15130,16098
17994,13750
9404,6392
6228,14077
3094,22216
14347,9452
18286,11275
11631,15192
7167,10074
10190,16930
14211,11229
1461,21203
14810,16282
22556,4386
-2504,16558
21992,13045
-1147,4705
21140,10786
1235,14609
1023,14259
7877,24037
10281,16263
11582,15021
1265,15192
10254,16363
-4578,8336
1184,14515
15102,16212
24125,13781
1085,14250
6281,14630
21446,10915
10062,15927
1334,14862
14475,9199
10197,16528
7080,10098
22087,5404
-5949,13600
2026,2542
21205,12489
-4839,7791
10122,15457
10065,16110
3174,18090
14485,9271
-2510,16357
16435,1063
3105,15487
455,22285
12976,20371
10091,15630
-666,5152
1343,14972
-2391,16607
22812,4227
8707,5289
3537,20624
15263,3617
17388,3576
14052,13389
9460,6519
22133,4986
488,22275
50,5397
-2419,13237
3140,15503
22674,4309
-2632,16347
7288,8635
1347,21428
22269,4494
13140,20272
18024,13843
13550,14973
7132,4028
-3677,11685
16965,14235
-2972,16420
14895,1842
7517,10775
6366,13716
968,14263
21191,12516
16354,15323
1375,6138
5636,7734
6859,4085
17224,14151
14898,1834
16376,15209
6377,13321
21200,12512
17253,3496
-753,5074
22341,4483
22046,5305
11609,15114
6007,5882
18656,2465
8996,5823
2056,2535
13264,20196
10225,16436
20150,11512
10026,16165
13348,16387
17266,14144
15194,16186
1351,15081
21322,10863
10055,16104
3563,20589
17360,9629
18778,11742
14888,1869
14398,9373
9975,16425
15453,15848
20879,10820
1351,15057
4309,22922
16618,15356
12932,4175
15407,19024
-6076,13583
20549,11659
11915,19580
17621,4063
13888,11405
3971,2106
-104,5283
5621,23966
23011,6181
10252,17357
12616,12844
-3925,11519
8351,24346
16485,1162
12280,2330
10298,17299
15085,15271
12594,12866
13596,14934
16543,1148
13940,23486
13559,23116
4340,18636
22074,4664
18884,3752
7414,10804
-130,22647
-4102,11493
16281,15009
14625,24215
15731,16208
23132,11001
11747,2091
9945,16738
17387,4446
10849,12944
10,5343
15836,11840
7497,5610
15920,14357
15572,11533
22060,13446
15825,18385
17125,4565
17832,3740
2171,9244
17549,9529
11094,14769
15928,12483
7315,10537
12462,20785
15782,16277
14265,23759
16596,1188
14356,23862
15080,11905
17507,4216
7354,10671
-3752,11379
5744,20155
-6020,13598
15168,4970
14744,5211
15363,3770
17425,9605
15356,3759
15896,13547
20780,12702
13970,11366
14358,14155
-1297,4385
4209,2641
7887,24043
10288,4354
-6265,13475
18640,1394
917,6301
9949,16866
-3828,11491
14442,11101
-4199,11419
11940,22587
4150,22955
14988,5214
6661,13130
22603,6141
-578,5245
14492,8853
-1239,4436
15211,4923
8427,24391
-3625,11529
18278,9818
-188,22682
17428,4503
14694,5230
8191,24233
-3606,11532
-6272,13472
12686,16667
15434,18731
17231,6179
17593,3748
-3785,11445
20610,12050
12556,15518
14513,11075
17660,4204
329,11696
15592,16069
17927,3737
15412,19082
14682,11037
15520,14444
14507,5499
23392,10997
17612,4066
12373,2375
15245,4843
10214,17401
6564,13260
15400,18840
10776,13005
-1197,4454
7706,11878
13833,23400
17638,4224
15639,11653
12901,20546
-6209,13499
22777,6151
13963,23505
6535,13327
23575,10972
22888,4184
12923,20486
21,22545
17422,17288
14808,5202
15034,5119
14546,5495
2840,14982
5517,20120
17171,4575
17456,9594
13972,16639
7393,10809
9954,16590
-5135,1377
22965,4124
17471,3735
-3445,11505
4190,19048
16295,15024
14421,5465
8722,9743
8607,15426
6573,13149
15805,10949
12187,22486
22857,6155
12949,20426
13588,11490
15664,16115
-618,5235
7038,10088
15055,3787
4421,18243
12103,15218
8456,15235
15660,11695
19017,2214
11950,18529
4272,2704
22124,13606
15479,16060
17883,3976
8172,24234
14639,11051
12796,4002
15313,15858
20851,12669
8218,24269
15081,15353
12442,20805
14218,13834
4053,2300
7946,24088
12702,16668
20975,12620
15376,18908
15413,16007
15399,18782
-4178,11448
2889,15033
16522,15258
4247,2652
17624,4137
3185,4894
18688,1260
15532,14468
395,11486
12690,12769
13633,14904
-1371,4424
22058,13366
17476,4337
16358,17627
2717,5578
13567,23101
12040,22519
17225,4568
22082,13542
17276,4539
20575,11698
238,22412
-3995,11521
17896,3738
8413,24365
15866,16393
16567,1142
14089,13509
13561,2898
12185,22465
13711,11458
18716,1249
9955,16578
12873,4123
-48,22595
16698,1392
5389,18907
5542,11075
16805,1488
19819,13606
4914,17399
15600,18551
10435,20098
3787,4053
12257,21079
13264,2763
-5499,1349
15305,13829
11934,18576
11673,16003
15323,13777
14859,3602
24168,11054
3510,8814
10740,13621
14439,8987
18930,3703
10589,19275
10718,13625
7322,10495
15886,10947
20128,2271
15364,4748
15918,16383
18031,3737
23928,11038
15435,16063
3147,6384
4346,18853
16849,1437
15896,12273
13194,2732
9216,16022
10503,19371
-4520,7748
-6176,15168
6931,3870
23812,6154
14854,3587
8779,9829
3643,12092
13854,13701
3489,8839
-5969,15040
11942,19567
11953,19541
3243,22311
9123,15963
15219,13888
4447,9082
13430,2837
19581,3495
5170,20182
461,11455
15311,15679
12489,22420
19363,3730
7190,10150
13187,2729
3094,22233
12166,21208
13585,14117
15178,15502
16915,17231
15374,13542
-4755,7736
24230,6135
15143,15431
-5766,15025
5565,11147
3635,12187
4462,9166
14119,4153
425,11455
7701,11798
9811,16112
17241,1750
-2725,13287
10203,17478
13565,11492
9765,16106
24116,11051
12450,11980
7238,10299
15445,4878
14995,13645
15621,5034
11614,16034
11940,19380
12476,22423
15863,11992
15098,12213
4353,18986
23252,6262
1845,6800
14327,8856
23397,6275
12780,17318
9184,16013
24329,6089
23222,6276
3216,6393
7312,10505
11852,16061
1553,6741
15176,15473
6782,3491
15247,13662
23788,11042
19162,3935
16650,1356
16942,16174
12202,21158
11139,13008
1628,6754
10575,19327
23485,6237
15239,13580
22101,13616
23397,6253
11390,17962
12257,22452
18875,16872
5376,18773
-6118,15135
8761,9765
11064,12910
14957,3696
3936,4014
7623,11624
11271,14755
23735,6184
-2554,13242
15879,12131
16905,17281
16617,1278
18490,16761
15828,5156
15313,15848
3118,22294
13948,2910
3379,8969
15721,5211
18527,16789
18587,16834
-5697,15098
13485,14054
4285,18983
7275,10418
15254,13899
13190,2730
-5791,15026
11187,14763
22153,4840
12298,21015
10489,19406
7298,10430
15752,11115
12397,22429
15361,12071
17397,17310
15406,12444
23640,11025
12409,11902
15947,5137
15953,12753
11980,18900
541,11464
19487,3593
15474,4845
13385,13992
13136,2705
14666,14845
24039,11018
7201,10180
4477,9176
-6004,15063
2746,5537
23532,6233
3420,18470
7649,11717
-5268,1393
15420,12178
11958,19158
4352,18969
14335,8771
15965,16482
15177,3669
9276,16032
12337,20954
14525,8894
-5161,1387
4232,18981
16837,17440
7209,10205
16988,1571
20587,11824
13906,13722
10207,17448
14107,16889
1960,6826
19593,14472
25837,2485
14882,10732
12010,16774
3333,9026
10879,4360
14017,2985
26026,2532
5324,18560
-4521,7578
9196,5272
12023,23039
14042,14249
4396,17622
15408,12394
4893,17431
13884,22879
6957,3699
-6197,15188
11014,4347
-4490,7203
11889,21543
10741,24266
25942,2453
15425,14360
3072,5062
15117,12106
15060,13735
15504,14415
10802,4367
4538,17573
12561,7472
14935,12596
15144,13772
4877,20314
25600,2681
22426,13735
4335,17642
3496,12176
15181,13791
8503,13553
11982,21392
18216,11656
-4579,6913
1229,7254
14246,22900
10731,4302
13805,22935
27218,2300
12924,2617
14184,16889
22445,13720
20599,11938
11825,16666
14658,14328
15094,13750
7736,21247
15266,13667
8933,19179
12568,22421
-6252,15228
14999,12462
4233,2675
15896,13387
11877,15366
20349,10239
11235,13143
15879,10954
11291,13218
14858,12775
1641,2914
3986,4051
15430,14272
14043,22903
25547,2779
-4267,11590
1843,8059
14692,11015
10799,24194
14845,10954
1971,12368
-1047,9123
22389,13824
4034,4033
22263,13758
8885,24344
5345,18675
13501,2413
25785,2576
13950,22969
8548,13577
3306,6453
16646,6925
12003,15311
14338,22885
14906,10820
25958,2450
14276,22914
11073,4342
-4511,7503
15912,13153
13849,9310
2835,5410
10521,24382
12865,17381
11870,21574
4762,17484
8521,9911
3528,12276
13656,23036
14436,22869
13640,2229
2913,5294
15896,13512
16488,10381
1405,7471
-1424,4504
22110,13639
4325,9082
10377,19565
15370,13508
11276,13408
11191,13080
15468,14430
4392,17777
4466,17600
-1279,9093
15098,19112
4015,4053
-4518,7664
14290,8907
-2950,14624
10439,19576
14843,10621
10614,24272
14977,19129
15035,13701
15192,13834
10508,19910
-4678,6625
22140,13649
12182,16322
12285,16392
14721,14379
17010,16349
-4664,6746
2414,12418
14151,8967
2280,12403
3350,6467
16615,7062
16751,17560
13848,16721
12089,14891
-2944,14652
1449,7519
8830,19239
-4491,7330
13455,2465
25836,2499
10486,19955
12821,22437
4617,17542
15054,12323
14862,10942
11937,15349
11308,13389
-6498,15301
12592,22427
12027,23057
-4734,6531
2768,14923
-4438,7169
23131,6237
26805,2381
10462,4328
3521,12243
4826,17456
18326,5850
-4774,6514
10371,4337
13029,2661
15912,13301
14185,22803
12096,21224
14211,8909
14667,14336
6829,18887
14798,10985
-4460,7071
15042,12353
3955,4039
12562,17135
15865,10965
-4383,11512
-6584,15311
4694,17511
18215,11690
11105,23704
3493,12228
18673,1487
17102,16464
13982,2916
14839,10853
13709,1381
12855,22431
2193,12393
24407,13717
-3025,14644
20352,10304
14794,10844
15708,11193
2152,12389
16563,7012
8601,13584
20340,10065
4377,18037
22347,13858
15009,12441
10560,24309
-2121,5039
12870,15342
15859,10970
25758,2627
11153,4325
22141,13036
25790,2507
-1188,9090
26000,2522
26459,2440
-6704,15293
2785,5482
16779,17521
-6824,15292
11451,13301
15850,14308
11842,13576
13639,1372
-5061,11305
2857,14222
14274,3129
18822,16417
11253,18168
-1515,11278
15443,12222
-1336,9001
17226,10865
7615,23884
8453,12099
1757,9282
7252,23931
12298,15658
1141,9078
17201,13519
-3218,16426
11134,23753
11492,18347
17186,17593
24396,6046
4808,20159
3643,4232
12987,15262
-5390,5941
12624,15481
8907,7773
5492,7543
-2883,15571
12294,10663
-1360,4014
7487,3089
2357,8055
9555,23971
1932,9263
13699,14801
9188,5333
14594,3712
-6361,5222
22046,13251
18757,16561
14174,17226
8377,13463
17109,18772
16666,10219
10067,24067
18161,9029
14136,17170
9480,18539
1341,9244
16544,10337
18072,8470
15396,6125
8262,11883
-1323,4111
20529,10056
14335,3231
7498,2845
1782,9270
21136,11134
18299,8925
11653,21613
10777,13614
13324,15109
5201,20103
20262,10317
11838,21580
18782,16597
9419,18330
-3755,16369
11990,14714
18594,1727
7039,24077
20706,10047
17856,8162
11320,18218
2787,14284
12017,16734
9425,5896
13759,14706
12267,16946
16265,10681
7463,3182
3632,19934
19257,3172
-4751,11262
14137,2934
16886,6665
-4935,11273
12382,17006
16677,6892
-5918,5610
6870,24061
8812,7730
12314,16950
19331,3098
16830,10030
12357,16696
9794,23980
13123,15244
8674,13593
10066,10071
15860,14208
14645,3691
16502,21751
3267,8987
14204,3029
8952,24192
7409,3331
12700,22451
7750,21250
-5853,5674
13872,2939
8634,13588
21035,11100
1704,9293
1312,9220
11703,13426
8522,12187
13894,2906
1878,8107
11326,13196
16390,21828
9522,7624
-1204,4328
127,17176
22171,12965
1978,8087
8690,7704
5606,7651
11607,13928
18659,1551
11303,18096
22067,13333
2309,8058
-3006,15534
7312,23775
13094,15196
27214,2281
936,8933
3179,9002
12230,16915
13765,14665
-5688,5837
21067,11131
24650,6034
13787,3017
11645,18440
21308,3644
21221,11398
2654,5678
16038,10818
8944,24186
9702,10129
11995,15827
11796,18482
22043,4562
8513,24464
16895,9922
-3348,16406
-1317,8836
3449,6863
11652,13372
12180,10903
-3312,16425
12180,7387
20012,10336
1937,9253
18649,1600
12232,15695
18375,8874
8369,13465
12361,10783
13704,14780
11696,18454
16835,10052
10071,24087
13328,15127
-4545,11403
10527,19867
14019,14265
16843,6712
11995,22884
9419,5926
13854,3016
15346,13298
16720,6845
7339,23782
14124,16544
2585,5696
11395,18274
9411,5873
20261,10307
14218,13661
1447,9334
22057,4531
2106,8075
2074,9225
11979,22801
14380,3309
-850,9181
16300,10753
144,5102
12272,10840
16265,10628
2453,9156
2215,8066
16375,10545
20947,9999
9631,10142
14725,3617
21032,11033
10466,24468
-5202,11347
16288,10637
9364,24192
-5828,5739
15870,10938
24498,6043
8886,15799
7675,23968
3587,4312
15370,12264
-5264,6001
12168,15731
18221,8978
9171,24349
14918,11249
9161,5535
17077,18744
-4789,11225
11352,13180
13915,2673
-2908,15498
7207,24103
15871,14106
4326,17801
7571,23885
18953,16105
14407,3356
-5037,6085
13776,14675
14811,3597
13867,14507
-5188,11342
8923,15850
22057,4618
15990,16479
-2388,13193
12673,3619
-3665,16378
18518,8778
11578,18406
17159,17631
27761,2124
16049,10844
4088,20301
11764,21593
9378,18370
17141,10838
16841,9997
12375,15615
11820,13804
20703,10004
-6037,5371
-3495,16393
11959,22696
13759,14723
-4835,6220
9176,5413
-6277,5180
12399,16479
18451,8823
12367,7429
15897,13942
13886,2653
21324,3691
18445,2642
13861,16836
18609,8717
8872,24343
11784,13513
12684,3406
15347,13268
12931,15300
15896,13760
10165,4386
15347,13124
6910,18861
15896,13594
3766,4058
2892,14149
7528,2964
11905,15878
-1505,11307
2896,14187
-6474,5144
11346,13441
9797,24154
13914,2601
6930,24045
14761,3580
22308,12940
17676,11055
22493,12999
11598,587
11691,554
16647,10632
11821,14317
7501,3432
19827,13684
-1432,16633
2674,9111
20546,10615
14049,13846
-7539,8788
17466,10941
10597,13647
12687,3319
17892,17092
-7729,8553
16421,22433
2728,11805
5085,24232
7111,3432
11560,23421
17621,10994
1806,12289
17866,17116
5819,6428
3947,6814
-6429,13426
2706,9108
-1750,11719
14671,17214
14178,5980
22419,12975
13930,13100
14900,17213
-5928,10782
-2076,13060
6716,23949
-1443,16676
13347,16447
19599,7075
7704,2482
18499,16788
18733,8650
17790,17126
9579,10122
6609,23892
17486,17266
16978,13819
11912,14486
18731,8577
-1580,11493
13999,13276
3501,4435
18005,8517
11687,7284
3518,4106
9837,10117
17645,11028
18007,8377
6019,6710
12726,3870
15264,17438
17884,17103
11949,14557
15949,18555
15982,10765
8244,4649
2662,12306
1112,2880
20024,7187
16486,22267
14076,13958
16210,18706
15489,6839
-2220,13014
-5509,11256
-6349,13444
-1635,11535
6084,24073
836,24440
16468,10695
16353,16900
-5224,11248
13895,13017
7555,2540
15470,6886
-5416,11306
17719,11092
8349,9697
18282,16920
12557,799
20051,14441
21594,9895
-1247,4408
15903,10906
5888,6520
13542,1268
2030,5833
16313,10747
-6563,13403
2132,9267
17083,10814
5387,7433
9683,6199
2739,11730
13971,13818
12655,3882
1812,2594
5829,6397
16528,22074
17015,19287
2672,12190
16725,10662
1909,5872
-7231,9099
5216,24157
4815,20170
12754,3318
2314,5745
11922,586
16875,13834
2193,9195
17961,8312
5918,6301
2331,9178
7517,2574
-5229,11230
17024,18674
15902,14498
15248,11880
9386,7326
14881,17209
18070,9292
-7597,8735
19524,14474
9816,10119
1916,12358
16303,16816
14217,14206
4291,18264
18477,11388
5214,23420
12025,14695
18046,3192
-6660,9953
18164,5701
13886,12995
5318,7424
4418,20185
-2276,13110
18361,2972
14308,5627
-5564,11209
18229,11256
11539,13425
12663,3762
16939,18652
5632,23992
-5716,11054
-2024,12969
5860,24067
14346,17224
9681,6180
6625,3314
-1471,11416
17930,8567
20068,14516
9277,10057
16381,16969
-5869,1261
7042,3281
13629,1343
16442,22505
6757,5858
3632,3943
21749,9856
17834,11192
11561,13451
1709,7848
16597,10651
7009,8705
15880,10680
5450,7494
15217,17284
15121,11899
21842,9829
8446,9670
1740,7917
21534,9901
16362,16843
5093,20192
13245,17737
7483,3440
20895,17594
7052,5883
5419,7464
5693,24037
12984,1011
-1584,11499
19686,1562
5823,6413
4187,20258
15923,14334
11657,14018
18228,2989
16699,10611
18229,2973
16495,22350
13943,13129
18374,2971
-1536,11176
3966,23009
19395,14477
20316,7170
3777,4042
13449,1227
17902,17074
9431,7425
15543,14491
18482,16774
22516,12946
15278,17352
19463,7117
9796,5790
6259,23947
9536,10064
18027,11244
22012,13095
-1593,11507
-1196,4351
17988,8350
21371,9923
11788,23229
21311,11528
9339,6076
16402,16990
1586,9316
6395,23785
-2122,12680
16881,14063
-7530,8825
6567,23905
18027,3276
18073,17007
10457,19670
16892,10731
9108,10101
13807,2863
813,24497
18200,11269
817,20953
3425,4541
13125,17758
15582,6493
16423,22141
11059,13480
14584,17224
16415,22467
12805,3231
13109,1061
1772,2602
16601,10650
5979,6646
11486,13350
16161,18687
18491,2128
12257,16876
5352,7428
3596,6828
14170,13496
12673,3627
11629,23360
16751,10674
22357,12956
15595,6569
1711,2620
19856,13721
5136,24201
13336,1162
-5202,11342
-5348,11279
2576,9132
17257,10875
-5462,11326
4332,20211
15922,14344
5534,24005
15896,14548
5316,23661
9073,9915
-7252,8982
16499,22789
19827,13607
9355,10038
21997,13059
14164,5936
20057,14471
18645,6511
17879,8773
20540,10652
-7255,8971
-6603,9918
4950,20299
11608,13417
19887,7148
-5650,11143
14234,6010
18179,11278
-6287,13472
1787,3905
7104,3416
19859,13765
19856,13794
3557,4355
16998,18695
7667,2501
11713,14118
18475,16761
18421,11344
3391,20746
18260,5746
19721,7138
11160,13492
16459,22118
-5870,10847
17073,13765
2689,12042
15416,6944
9525,7558
4854,20252
11982,14614
17851,8662
17008,18701
20134,7175
18416,16867
-7414,8970
16783,14927
18059,11256
18312,5824
1775,7971
3583,4011
9448,10014
15143,5936
14464,14216
4457,24400
16833,11897
7131,5865
5242,23156
9426,6239
7602,2522
14522,16260
14331,5613
5965,24047
-1538,11126
15119,5978
9463,6232
22443,12998
15615,6610
5275,24168
12246,706
7143,3508
9521,10010
1828,12370
17920,8256
14039,13834
9321,6079
22279,12938
14342,5990
1750,2636
19847,14019
3073,9020
19676,1577
15532,6794
-7783,8524
18472,16844
3312,20789
9974,5385
16818,11878
7489,2787
17560,10973
11794,550
12711,3881
17086,18719
2829,9076
14298,6009
2972,9037
17068,18736
9679,6160
17861,17105
15156,6034
8881,5143
6544,3235
25584,6029
24739,13637
9312,13388
2137,5798
13871,1473
5426,16539
6125,18971
19133,15004
21150,11925
4026,20356
25050,13539
-3734,14879
15358,6022
19018,15608
14444,3433
6715,18918
9003,6121
1282,21118
8824,13569
3390,22264
11598,13598
6508,5931
12121,16317
12810,2751
19113,15056
8775,13606
9201,18777
17996,8966
14641,1771
19012,15376
15144,6054
16887,17349
1664,7773
6677,2718
10178,20525
20056,14373
2477,5694
8779,9851
1800,3903
13168,13125
20061,14220
7781,18897
12705,16708
-3638,14995
3498,22333
-303,19740
3971,3950
9366,18669
21368,15231
6437,18958
4777,24342
7006,9292
19687,14469
13887,2710
16858,15300
17888,8899
13819,9333
1485,7651
8958,19149
14468,3484
7085,15226
4022,22691
1130,2838
12189,16578
14355,2294
16091,16523
9279,18724
27599,1521
8791,19249
-6724,13359
17167,13655
11490,13463
-6811,4893
4849,24335
5842,18941
15774,18656
-1470,3566
15611,18627
1954,5328
11433,13389
19347,14936
3531,18418
14692,16328
-1422,3785
8892,13498
20725,10594
4102,18298
11085,317
5984,6233
6629,5946
-3572,15082
16198,18753
-1675,16813
8579,19263
12807,2958
21175,9989
6490,18952
6665,2836
20040,14179
3772,22482
24963,13571
-7080,4896
19194,2157
24964,6046
3907,22606
3879,22574
14171,1634
20260,15434
21411,15232
21645,11912
4224,9241
25287,13464
-1409,3834
3631,22417
2530,14854
15873,18561
17910,8881
13161,7173
5259,20186
5223,5704
14276,2293
6696,5854
10830,17985
21100,11960
14166,14069
8853,13539
2308,3862
19235,14511
6842,2995
19063,15183
19041,15458
10012,5231
3674,22396
10029,5230
3715,22399
10383,20295
27804,1337
10130,15647
21979,13014
3831,22479
13273,12902
-1832,16858
21164,9960
20715,12040
8721,19256
8780,9968
4009,18322
1621,7741
3355,22230
9457,18612
3427,18467
8682,19260
1509,7700
13760,15187
-1444,3655
-3665,14966
6263,8456
17257,13117
3271,22321
21775,11989
19241,14561
27741,1394
11343,405
4779,24321
-882,2260
25529,6058
7988,18861
18737,8686
6003,6210
3572,20020
22752,12195
6558,18947
-3735,14832
12712,16695
10846,13362
9893,5569
21962,12844
9225,13389
20051,14191
4111,24488
11267,17027
8700,19242
16239,16737
19651,956
-8215,7937
9991,15629
11117,10326
21152,11945
7022,9211
24910,13590
14018,9118
4042,3982
6912,8617
21941,12761
1275,21094
10849,17848
24772,13631
11488,531
2040,14948
11563,501
4000,3950
4233,24459
11652,13564
22016,2391
5905,5088
14433,1739
-790,2300
16172,16686
18736,2764
21896,12500
7645,2110
5870,4992
11094,10261
-2212,17031
2371,14863
17901,2075
25373,13447
