14597,10129
14652,10201
14626,10162
14558,10082
14453,9929
14448,9922
14500,9863
14797,10476
14724,10297
14766,10372
7787,14473
14467,9880
8389,9087
8362,13466
7801,14450
8337,13541
7994,14102
7967,14161
7807,14441
7973,14195
8011,14096
8096,13951
8248,13659
8354,13523
8119,13912
8101,13901
13333,9929
14432,10059
14464,9927
13711,10022
14509,9997
13782,9954
13418,9944
14465,9900
14202,10152
14126,10176
14373,10046
13842,10095
13899,10214
13918,10240
7717,11918
6450,11641
8356,13404
8365,13431
9303,17965
9343,17985
9366,17997
15249,10564
15145,10636
14937,10598
14911,10587
14990,10581
15101,10640
15200,10600
15056,10625
7658,11947
15322,10513
15453,10419
4642,12491
11818,6201
3888,12618
4340,12578
4529,12570
4131,12641
14868,10467
5835,11768
5381,11847
14820,10473
4817,12366
5736,11835
5543,11837
8244,11878
5478,11860
8759,16684
5045,12243
5147,12164
5361,11910
5261,12004
-913,16641
12040,6239
8026,11764
8250,16008
8486,16425
8286,14635
8167,11865
8389,16214
8266,15134
8534,16355
8164,15840
8156,15614
8140,11850
8140,15859
14884,10508
8221,11876
8129,15701
8330,16160
8321,13033
8270,16047
8245,15004
8264,14902
12637,6309
8330,9610
12242,6234
12235,6276
8281,10791
8275,14869
8300,10823
12459,6282
8904,17059
8000,11137
8776,16718
8292,14734
8335,9702
7980,11070
8338,9593
8143,10903
8839,16873
8336,10829
8339,9448
8322,14687
8339,9560
12557,6288
9009,17255
12619,6310
8338,9099
8374,9291
7968,11048
9017,17290
7934,11275
8358,9068
8381,9247
8011,11014
8367,9006
12630,6326
8374,9074
8344,9085
8031,11249
12518,6281
8927,17119
12605,6322
12505,6287
8027,11000
12567,6302
8314,13323
8688,16533
8592,16436
9136,17509
8315,13181
8360,10133
9073,17361
8333,10167
8315,10347
8573,16443
9034,17357
9120,17553
12812,6343
8338,9971
8522,16458
9128,17455
5907,11874
8341,10721
8296,10438
9131,17664
9110,17581
9147,17941
9089,17693
8328,10585
13077,5893
8340,10753
8332,10637
8278,10384
8232,14689
9171,17937
6411,11678
7878,14514
8050,14558
5933,11775
6022,11757
7889,14519
5858,11863
7939,14447
6358,11724
8103,14582
6154,11798
7989,14478
8246,14675
12981,6366
12979,6374
9190,17932
12997,6290
13027,6168
9236,17907
6296,11756
13064,5953
8180,9099
8309,10368
4849,15875
11608,7267
7634,11920
11596,7280
7559,11888
7240,11907
6980,11790
6540,11754
7200,11881
6778,11742
7058,11809
7182,11870
7449,11883
7173,11864
5618,14981
5873,14847
5972,14820
8369,18769
8476,18773
6389,20412
6334,14756
8648,18585
9310,18108
3396,12741
8789,18476
5130,15692
8839,18504
8647,18567
8737,18516
8562,18642
9229,18178
2953,13489
8558,18597
8303,15298
5306,15387
5455,15245
5134,15565
5391,15331
8290,15304
5113,15596
8260,15226
8597,18554
5086,15664
3582,12704
3332,12742
1232,15804
8312,15470
8308,15409
4723,15907
8329,15397
3654,12672
9130,7810
3231,12749
3065,12975
4089,15978
4084,15859
2987,13448
3476,12735
9240,7811
6694,20164
4369,15950
3127,12793
3763,12624
4055,15795
3016,13315
3960,15786
9281,7795
4620,15919
3924,15768
3775,15768
9035,7810
3371,15777
8959,7824
3837,12618
4131,16017
9909,18333
11663,6806
11607,7145
11593,7237
11617,7083
11652,6879
11672,6737
11713,6380
11748,6253
11689,6634
11740,6338
3252,15781
7504,19459
-280,13318
3308,15773
-76,13296
7512,19480
102,13292
971,13498
512,13335
-285,13276
1111,13514
4799,15891
-309,13268
7996,19049
8162,18941
7792,19218
-287,13308
778,13455
-224,16095
364,15810
7393,6452
7707,7415
7605,7109
-196,16060
44,15897
7747,7521
-1073,16610
9882,18318
12116,9825
9855,18322
-995,16701
-993,16682
11141,9107
-992,16688
9716,18290
7171,5831
7227,6080
7252,6080
-822,16535
9220,11781
-910,16608
7278,6101
7223,5890
12286,9739
-238,16095
11136,9183
-1351,16587
-1429,16614
6824,14821
-1321,16543
-1159,16563
-1333,16577
-1096,16597
-1409,16597
6709,14782
13270,10030
8480,9080
12439,9660
13230,9981
6513,14725
6596,14740
8940,7835
13371,9974
13306,10006
8327,12174
12591,9584
12981,9672
12919,9584
7236,5685
13086,9825
12796,9548
13145,9861
12739,9576
8598,9074
12712,9523
12578,20749
9302,7294
8014,11753
11170,9919
11841,10747
8016,11770
7194,5763
15583,10399
10600,19225
10518,18750
10513,18854
16900,9861
15758,10578
2777,13712
5787,4400
10496,18704
10584,19132
11164,9885
2402,13602
2321,13572
2225,13562
2910,13607
2568,13662
15639,10469
15550,10361
11164,9904
2859,13686
10497,18883
10529,19055
2057,13634
2950,13552
2902,13665
2922,13594
7216,5707
15623,10449
10509,18981
9533,12925
1198,13526
14323,5395
6244,8597
1512,13511
1951,13647
1753,13587
1826,13587
7801,11875
7970,11441
12543,10223
6644,8780
7965,11467
13302,9894
6460,8688
8005,11627
12670,10160
17383,9719
7954,11399
7486,14652
7527,14644
-1928,16423
8904,12489
16925,9852
7653,14570
7605,14600
11907,19749
6454,8653
16984,9857
6339,8644
7753,14528
7695,14545
7464,14636
13311,9905
-1810,16391
10075,18472
-1734,16375
13657,9983
9286,12886
-1603,16495
9383,12915
12154,20325
12802,10097
-1715,16444
11995,19759
-1595,16525
12869,10071
-1455,16565
13579,10146
7897,11287
-1661,16506
-1473,16531
9323,12895
-1699,16513
12987,10007
-1489,16501
13229,9853
3005,15780
6006,8478
12502,10244
13145,9920
13152,9914
12384,10368
12207,20351
5660,8351
1123,13523
1737,15797
12274,10612
12235,20380
1186,13529
12331,10409
1348,15802
12457,10309
12266,20467
12328,10442
5913,8415
12310,20523
5762,8335
5831,8358
8892,12576
9300,7312
11512,10105
5806,8350
6123,8546
7199,5479
5738,4361
7157,5418
6664,8787
19052,6823
10205,18575
7245,5568
21657,10519
7018,5201
7095,5317
7823,12120
7775,12114
10359,18646
12377,20636
6953,5102
12359,20587
19407,6660
5546,4302
12500,20705
14327,5427
13646,6019
7373,14566
13532,5987
13483,5973
6923,5057
14392,5453
11640,11067
14238,5596
19988,6409
14138,5818
19995,6406
16868,5938
14340,5406
13766,6019
14221,5626
11589,10947
16353,10207
18266,9853
11543,10015
14270,5572
11507,10004
19751,6514
19590,6590
16148,10329
14223,5658
14002,5936
14323,5455
7772,12040
14325,5409
7443,14620
16734,9990
9365,18062
4910,3599
16539,10097
16878,9875
3848,8689
3713,8578
9343,18080
16811,9937
22611,13901
11081,19456
11236,19509
11273,19521
9410,18021
6847,14735
5387,4214
6940,14750
8486,16412
3738,8599
5337,4192
9460,18053
10857,19379
3831,8674
6378,20460
7314,14599
9462,18234
6428,20480
6375,20438
7167,14666
5523,4285
22195,10993
13844,12900
8185,9083
8184,8902
10636,19289
12060,13422
11039,11425
5018,3810
11249,11268
8941,8186
21970,12153
11094,11377
10722,11816
11312,19537
12141,13341
11730,19684
11052,11414
5282,4145
11883,19739
11473,11180
5139,3997
10815,11662
5225,4095
10892,11555
5074,3900
8942,7865
11349,11227
6860,8878
21869,10750
12172,10585
8188,8895
7996,8298
21950,10776
18296,10027
8175,8815
21608,10403
9281,7651
22059,10782
22103,10814
21611,9893
21686,9876
21827,10684
12005,13481
11799,10848
18312,9985
7774,7724
8002,8315
7837,7899
11668,10916
11752,10878
11770,10774
22160,10834
11776,10860
12052,10644
18301,9946
21650,9884
12142,10600
21791,10623
11472,19593
17471,9688
18382,13492
22192,10869
7838,7848
18875,13467
9654,12882
18783,13469
11857,13596
17849,9679
18066,9770
18226,13506
11004,9554
22457,13713
22462,13726
11957,13528
17668,9632
21936,12022
-744,16895
-814,16830
11555,7314
9351,7241
11518,7314
22562,13855
9461,7190
7787,7692
9509,7195
9618,12907
-914,16830
8501,11815
18631,10167
9042,11839
19711,10426
21599,7904
10672,11870
16845,5875
8571,11846
8825,11773
18339,10048
9677,7206
19921,10499
18094,13505
8813,11825
9171,11777
19959,10443
10599,11819
17290,6228
11332,7305
10515,11785
8969,11814
7664,11597
21907,12018
18149,13505
8567,11799
21972,12038
16670,5473
16816,5831
14836,12826
14355,12752
9075,11756
18387,10070
19503,13509
7711,11558
19181,13485
7717,11540
19415,13503
19059,13479
-1923,15684
15498,11380
7107,9030
15357,12813
14988,11130
19360,13499
-2447,15476
-2038,15683
18552,10135
-1942,16105
-2065,15682
11055,9539
-2702,15517
-1962,16312
9701,18256
-1967,16380
-1956,16220
11346,9655
14096,12827
17267,13067
-1945,16202
-2157,15731
22196,12961
-2453,15476
-1979,15994
-1978,15684
12575,12223
9679,11834
7665,11353
-1937,16383
-2325,15646
21593,7934
9547,11819
18715,10003
-1950,16292
9925,11947
19628,13517
-2318,15601
21351,8259
21568,8052
-1958,16269
9878,11857
-2675,15513
13979,12861
14828,10628
11311,9576
14066,12836
14805,10518
3644,8456
11274,9492
5170,8449
14880,10808
11208,9345
3644,8425
14950,11049
13960,12866
19675,10410
18773,10028
5890,4674
19116,10173
14928,10970
6975,8944
-2783,15538
21646,10510
21584,10329
21585,10289
9418,11804
21586,10344
3696,8572
14902,10859
10439,11772
21524,9488
4960,8440
21619,9993
21587,9609
10317,11875
21566,10230
10329,11842
14750,12812
10373,11781
9991,11903
19069,6928
5838,4540
11946,9913
21678,9817
21337,8273
1269,20271
11177,9935
10364,11896
21633,9731
5833,4462
14661,12798
17803,8079
4784,8508
21467,9236
21192,8839
11485,10029
11400,10022
11735,10022
22084,5877
11295,9958
4320,8596
21276,8374
21210,8883
8543,16364
4456,8598
14556,12781
21183,8731
10083,10192
12632,12630
5212,8602
14435,12761
8516,16393
21385,9049
8408,12986
21193,8468
7161,4091
11489,7748
7159,4023
1528,18971
7162,4058
8486,12918
12553,20757
21173,8576
11182,8983
8503,12895
10226,10145
22270,11210
12295,12197
-3345,13994
1397,20125
1557,19765
22244,11311
1340,20209
1463,19417
11455,15916
17492,6462
17432,6352
4783,8557
17528,6502
22268,11285
8344,12221
10362,10120
22187,13304
4772,8599
-264,13009
22236,11208
1450,19336
11255,8591
11472,7899
8348,12609
21351,9066
-3503,13773
22219,11136
8391,12389
10521,10126
-3385,13937
8424,12853
21280,8954
8354,12416
22191,13414
8306,12609
21334,9015
11507,7647
22259,13508
22279,11272
22211,13040
21365,9059
1509,19693
10069,10151
8309,12758
1472,19165
21252,8928
15205,11080
21882,11859
5347,8562
21885,11949
11823,13610
17987,7973
11441,8280
-3543,13691
18406,7760
3970,8582
11282,8428
15604,10204
11450,7921
11736,15727
8538,12245
11266,8336
22207,11069
3928,8598
11279,8489
12596,12472
11762,13619
11706,13635
5417,8519
19807,13529
18287,7815
425,8766
22009,11636
15518,10234
11419,8077
15457,10342
3964,8559
11275,8387
19726,13524
11528,7528
11554,7382
11458,7897
11547,7432
22073,11581
11785,13625
15239,11165
5533,8478
6996,3761
11593,7314
5531,8458
10705,9234
18325,7778
15496,10277
22825,14109
22839,14149
1426,18973
-304,17280
710,18727
-305,17249
1165,19009
465,18533
117,17549
-682,16975
20215,10554
6408,20603
225,17815
6421,20519
413,18500
234,17930
144,17638
897,18943
6423,20500
17418,6702
-252,17325
4822,3431
-155,17409
209,17735
22447,13690
714,18758
15245,11178
1002,19014
1200,18969
616,18640
-3546,13503
4815,3382
22843,14452
372,18411
-431,17169
-3556,13582
1447,18933
15021,11152
22827,14356
61,17495
320,18117
22359,13599
-389,17168
1122,19036
534,18553
1404,18974
6413,20582
6408,20543
17300,13118
15931,9846
4778,3352
17489,13125
16268,9670
15790,9920
16182,9591
15322,11335
10749,9342
16049,9749
16791,9137
17056,6133
7367,9146
8014,9126
7735,9121
20200,6321
15914,9858
15458,11306
15606,10179
15645,10147
8081,9120
15828,9875
15713,10035
8775,12457
17300,13061
8731,12270
7387,9184
10905,9472
7790,9126
16123,9692
16002,9787
17160,6239
8804,12280
16432,9673
16831,9078
17067,8725
9424,18276
7308,9163
9248,9350
10713,9260
9309,9347
16355,9603
8610,12254
15102,11120
15786,9957
20106,6357
16389,9633
16347,9594
16120,9653
8053,9123
