#: #: -*- coding: iso-8859-1 -*-
#: title: Strassen-Koordinaten (standard coords)
#: title.de: Straßen und Plätze in Berlin
#: title.en: Streets and places in Berlin
#:
Dudenstr.	H 9229,8785 9076,8783 8982,8781 8763,8780 8594,8777 8472,8776 8425,8775 8291,8773 8209,8773
Methfesselstr.	N 8982,8781 9063,8935 9111,9036 9115,9046 9150,9152 9170,9206 9211,9354
Mehringdamm	HH 9229,8785 9227,8890 9225,9038 9224,9053 9225,9111 9248,9350 9280,9476 9334,9670 9387,9804 9444,9919 9448,10014 9416,10196 9409,10226
Katzbachstr.	H 8594,8777 8598,9074 8598,9264 8595,9495
Kreuzbergstr.	N 8389,9087 8475,9240 8598,9264
Kreuzbergstr.	H 8598,9264 8769,9290 8969,9320 9133,9343 9211,9354 9248,9350
Kleine Parkstr.	N 9133,9343 9104,9262
Wilhelmshöhe	N 9225,9111 9186,9107 9155,9029 9149,8961
Yorckstr.	HH 9334,9670 9043,9745 9002,9731 8777,9601 8648,9526 8595,9495 8192,9619 8097,9650 7938,9694
