Berlin	Z 3332,1028 3319,843 3263,812 4405,-886 4527,-720 5445,-132
Berlin	Z 1867,28177 2195,28088 2638,28036 3026,28030 3505,28080 3702,27828 3067,27385 3625,26359 3672,26365 3698,26193 3598,25934 3519,25868 3544,25644 3483,25623 3539,25414 3777,24880 3755,24877 3744,24837 3776,24808 3736,24750 3265,24547 3263,24505 3852,24612
Berlin	Z 680,24404 714,25194 535,25725 493,25944 1016,25827 1326,25893 1461,25889 1949,25996 2028,27263 1814,27280 1867,28177
Berlin	Z 5631,24043 5413,24112 5288,24210 4685,24424 4402,24447 3852,24612
Berlin	Z 5631,24043 5737,24104 6562,24182 6579,24091 6812,24168 6966,24112
Berlin	Z -2904,21068 -3098,21278 -3245,21514 -3478,21822 -3523,22088 -3435,22183 -3195,22324 -2658,23498 -2530,23607 -2321,24120 -2279,24523 -1904,24524 -1906,24484 -1607,24427 -793,24539 -477,24427 372,24488 680,24404
Berlin	Z -2904,21068 -2403,20627 -2295,20386 -2423,19963
Berlin	Z -2423,19963 -3094,20052 -3148,19849 -3581,20088 -4217,20239 -4651,20568 -4859,20632 -5077,20733 -5397,20773 -5505,20889 -5796,20966 -6018,21154 -6508,21017 -6731,20790 -7047,20349 -7434,20121 -7809,19997 -7965,19850 -8268,19777 -8443,19812 -8479,19696 -8432,19682 -8495,19397 -8352,19383 -8164,18980 -7816,19094 -7697,19069 -7365,19225 -6989,19420 -6880,19267 -6721,18721
Berlin	Z -6721,18721 -6701,18292 -6779,17970 -6867,17918 -6928,17619 -7098,17301 -7114,16961 -7210,16865 -7180,16717 -7107,16211 -7152,16131
Berlin	Z -7152,16131 -7196,16009 -7283,15968 -7304,15920 -7511,15963 -7848,15982 -7979,16048 -8253,16333 -8619,14983 -8560,14948 -8709,14182 -8813,13995 -8859,13769 -8975,13288 -9001,12355 -9071,11976 -8451,12017 -7712,12189 -7322,12296
Berlin	Z -7322,12296 -7217,12232 -7147,12056 -7023,12014 -6217,11531 -5639,11191 -6163,10521 -6587,9994
Berlin	Z -6587,9994 -8376,7754 -8772,7632 -8970,7578 -8950,7260 -9028,6994 -9382,6387 -9290,5370 -9324,4948 -9490,4579 -9072,4016 -8806,3827 -8811,3726 -8751,3567 -8535,3364
Berlin	Z -8535,3364 -8531,3290 -8593,3198 -8934,3010 -9142,2645 -9270,2588 -9216,2229 -9545,1936 -9611,1831 -9713,1794 -9769,1645 -9976,1712 -10019,1777 -10096,1798 -10180,1739 -10226,1585 -10349,1402 -10849,1142 -10720,454 -10688,243 -10572,201 -10492,119 -10222,4 -10117,157 -10131,208 -10205,241 -10283,412 -9997,495 -9973,160 -9720,45 -9684,65 -9661,34 -9571,75 -9552,332 -9572,440 -9521,451 -9402,402 -9366,235 -9268,240 -9258,136 -9337,120 -9329,26 -9478,-8 -9577,-3 -9588,-40 -9450,-64 -9407,-113 -9466,-240 -9279,-462 -9272,-539 -9222,-597 -8808,-792 -8623,-1057 -8294,-1375 -8181,-1383 -7833,-1178 -7744,-1080 -7644,-1171 -7429,-1245 -7619,-1299 -7594,-1424 -7364,-1426 -7863,-1909 -8158,-1962 -8195,-2165 -7905,-2408 -7837,-2391 -7751,-2409 -7683,-2240 -7774,-2257 -7932,-2085 -7408,-1523 -7077,-1304 -7080,-1371 -6903,-1497 -5995,-1650 -5327,-1586 -5129,-1443 -5176,-1202 -6079,-1385 -6077,-1277 -5982,-1013 -5985,-663 -4237,349 -3451,816 -3184,814 -2945,857 -2339,1085 -1988,1280
Berlin	Z -1988,1280 -1563,1465 -1509,1441
Berlin	Z -1509,1441 -1005,1396 -832,1451 -139,1506 -37,1232 12,878 40,731 98,118 79,58 98,9 154,-317 419,-183 722,-146 1006,-246 1325,-362 1470,-374
Berlin	Z 1470,-374 1707,-346 1964,-217 3332,1028
Berlin	Z 5445,-132 6516,564 6502,107 7096,-463 7643,-907 8486,-1402 8396,-1986 8895,-2007 9204,-1981 9536,-1946 9639,-3118 10115,-3132 11108,-3231 11301,-3189 11285,-3241 11857,-3258 12288,-2178 11595,248 11629,478 12527,776 13551,1275 13606,1343 13718,1348 14086,1571 14666,1759 14823,1709 14945,1664 15226,841 15642,-180 15636,-249 15736,-547 15793,-1005 16055,-888 16541,-786 16828,-688 18269,-318 18273,-368 18681,-497 19038,-684 19238,-835 19825,-449 19733,-708 19638,-1072 19594,-1522 19641,-1751 21582,-1801 22281,-1561 22846,-1403 23517,-1122 23613,-1258 23585,-1532 23639,-1637 23681,-1646 23675,-1821 23772,-1982 23989,-2024 24250,-2304 24297,-2417 24497,-2703 24494,-2780 24431,-2828 24493,-2970 24525,-3058 24499,-3305 25999,-2418 26323,-2979 26958,-2831 26975,-3388 26924,-3609 27030,-3646 27259,-3668 27248,-3747 27299,-3909 27277,-4161 27232,-4219 26887,-4486 26722,-4854 26746,-4967 26698,-5213 26707,-6142 26615,-6287 26667,-6540 26769,-6703 26934,-6833 27046,-7043 27179,-7059 27233,-7176 27438,-7234 27618,-7138 27675,-7066 27628,-6731 27779,-6375 27942,-6184 27940,-6112 28012,-5711 28135,-5617 28336,-5415 28355,-5272 28406,-5125 28533,-5002 28616,-5014 28571,-4833 28627,-4536 28764,-4281 28844,-4255 28925,-4048 29216,-3901 29474,-3700 29670,-3679 29848,-3764 30016,-3928 30224,-3869 30351,-3950 30369,-3920 30322,-3886 30419,-3842 30404,-3704 30562,-3523 30830,-3039 30910,-2780 30820,-2721 30681,-2751 30779,-2305 30530,-2374 30142,-2131 30025,-2156 29890,-2056 29933,-1904 29990,-1910 30014,-1801 30108,-1915 30334,-1745 30662,-1382 30707,-1196 30765,-1165 30741,-1299 30845,-1235 30997,-992 31061,-1003 31148,-964 31279,-784 31382,-782 31484,-651 31519,-668 31679,-496 31752,-458 31789,-361 31902,-272 31973,-268 32022,-363 32111,-373 32174,-332 32374,-419 32495,-340 32532,-263 32592,-281 32681,-198 32782,-245 32820,-195 32888,-255 33086,-6 33139,26 33138,265 33212,467 33422,610 33337,788 33303,886 33110,978 33036,1186 32815,1553 32803,1652 32897,1913 32879,2073 33304,2783 33432,2776 33551,2803 33555,2966 33384,3026 33459,3418 32885,3508 32583,3635 32266,3872 32265,3926 32634,3673 33009,3553 33481,3497 33646,3496 33709,4052 34144,4434 34516,4470 34399,3922 34795,3877 34867,4056 34502,4124 34609,4615 34387,4637 34532,4973 34461,4952 34320,5126 33732,5284 33628,5252 33450,5302 33097,5390 33094,5442 33010,5448 32903,5403 32655,5442 32065,6107 31744,6779 31567,6780 31431,6809 31063,7032 30761,7270 30722,7355 30563,7357 30791,6908 30876,6441 31026,6430 31043,6203 31027,5939 30982,5852 30747,5859 30542,5901 30571,6042 30485,6260 30477,6506 30333,6878 29994,6940 29934,6978 29718,6978 29449,7066 29161,7424 28992,7519 28533,7849 28370,7903 28359,7969 28135,7887 28047,7893 27766,8022 27596,8196 27068,8424 26741,8480 26703,8416 26273,8122 25925,7991 25747,7827 25553,7842 25519,7324 25544,7292 25402,7291 25422,7055 25304,7045 25333,7268 25279,7271 25285,7476 24993,7556 24855,7395 24593,7471 24940,7947 24732,8039 24825,8601 25810,10011 25517,10071 25420,10129 25603,10710 25726,11455 25974,12072 26249,12503 26620,12883 27433,13494 27658,13716 27528,14152 26982,14108 26624,14129 26416,14186 25828,14188 25434,14118 25411,14273 25378,14536 25426,14591 25348,15006 25577,14945 25631,14973 25893,14754 26242,15391 26210,15501 25968,15553 24994,15672 22759,16226 22690,16274 22778,16696 22721,17035 22535,17364 22500,17829 22433,18057 22450,18393 22391,18611 22201,18681 22130,18852 22014,18921 21878,18930 21447,18802 21368,18973 21279,19166 20876,19737 20511,20062 19938,20436 19952,20471 18598,20914 18288,20977 17297,20871 17108,21301 16650,22319 16494,22298 16602,22957 16919,23872 17054,23964 17076,24625 17468,24871 17882,25072 17954,25466 18114,26094 18170,26317 18196,26801 18015,26782 17934,27005 17509,26828 17299,26981 17131,26812 17197,27065 16924,27283 16796,27330 15960,27827 15591,28332 15781,29569 15549,29429 15097,29209 14912,29069 14850,29297 14948,29613 15197,30013 15144,30083 14988,29902 14882,30045 14257,29151 13824,29348 13232,28632 13452,28551 14034,28080 14269,28004 14787,27991 14838,27891 14827,27738 14534,27457 14387,27442 14107,27263 14066,27119 13949,27096 13884,27026 13387,27081 13390,27200 13104,27250 12892,27169 12772,27174 12666,27112 12650,27166 12626,27151 12552,26725 12158,26583 12120,26316 12193,25888 12119,25815 11736,25824 11533,25609 11016,26007 10832,26220 10852,26290 10826,26371 10691,26476 10384,26376 10306,26480 9691,26984 9584,26864 9462,26905 9269,26455 9150,26210 9187,26083 9074,25779 8873,25661 8726,25658 8623,25631 8679,25549 8475,25349 8417,25424 8259,25164 8254,25041 8312,24892 8162,24669 7887,24594 7817,24427 7692,24444 6966,24112
