#: #: -*- coding: iso-8859-1 -*-
#: title: Grenze von Berlin und Postleitzahlgrenzen
#:
Kreuzberg	Z 9213,8752 8205,8737 8122,8737 8148,8794 8443,8804 8458,9048 8366,9068 8458,9251 8514,9556 8256,9636 8031,9710 8033,10132 8095,10251 8184,10426 8320,10806 8366,10912 8437,10816 8617,11324 8718,11205 9195,11253 10022,11355 10106,11515 10406,11361 10496,11432 10685,11214 10786,11276 10904,11059 11022,10998 11093,11079 11322,11064 11408,11094 11473,11180 11656,11106 11800,11118 11921,11185 12026,11348 12158,11457 13262,10685 13614,10421 13783,10298 13699,10285 13583,10217 13396,9967 13333,9929 13267,9901 12911,9408 12840,9388 12795,9449 12712,9523 11522,10071 11918,9175 11820,8958 11602,9057 10743,9210 10758,9068 10672,8906 10479,8784 10301,8784 10209,8641 9788,8662 9778,8885 9245,8870 9238,8819 9213,8752
Friedrichshain	Z 13783,10298 13614,10421 13262,10685 12158,11457 12119,11536 11713,11866 11738,12024 11870,12283 11957,12598 11982,12669 12033,12669 12068,12973 11931,13095 11850,13105 11474,13319 11471,13321 11743,13613 11840,13608 12657,13786 12698,13689 12967,13958 13313,13456 13648,13618 13912,13009 13871,12902 14374,12760 14983,12856 15268,12201 15237,12095 15278,11887 15278,11760 15237,11612 15029,11228 14887,10972 14800,10550 14929,10522 15517,10072 15727,9779 15836,9617 15902,9612 16395,9210 16365,9154 16263,9190 16090,9190 15953,9124 15811,9017 15725,9144 15593,9210 15506,9180 15440,9327 15308,9464 15146,9581 14912,9642 14633,9779 14511,9845 14481,9916 14529,10020 14215,10183 13922,10290 13813,10319 13783,10298
Gesundbrunnen	Z 7655,16828 7762,16838 8052,17143 8493,17173 8559,17752 8762,17777 8955,17930 9148,17894 9225,17965 9550,17625 9570,17635 9758,17330 9846,16981 9859,16731 9910,16284 9875,16137 10281,14923 9824,14695 9626,14588 9423,14390 9255,14111 9204,14075 8828,14426 8717,14634 8681,14741 8388,14518 8057,14876 8016,15085 8015,15353 8059,15463 7987,15501 7960,15801 7754,16364 7655,16828
Wedding	Z 8388,14518 8346,14487 8275,14542 7975,14380 7919,14461 7838,14410 7563,14522 7374,14634 7079,14750 6946,14787 6595,14678 6485,14676 6204,14724 5879,14795 5721,14903 5583,14969 5147,14959 4471,15705 3337,15755 3891,16793 4730,17071 4969,17143 5040,17234 5050,17300 5253,17290 5304,17305 5385,17234 5726,17549 6574,17285 7122,17300 7315,17275 7325,17127 7615,17209 7655,16828 7754,16364 7960,15801 7987,15501 8059,15463 8015,15353 8016,15085 8057,14876 8388,14518
Mitte	Z 10281,14923 9824,14695 9626,14588 9423,14390 9255,14111 9204,14075 8828,14426 8717,14634 8681,14741 8388,14518 8346,14487 8275,14542 7975,14380 7919,14461 7838,14410 7864,14349 7845,14316 8149,13770 8291,13556 8328,13458 8292,13390 8204,13344 8219,12994 8382,12948 8478,12846 8539,12669 8580,12613 8564,12415 8580,12313 8544,12237 8595,12176 8549,11506 8580,11404 8617,11324 8718,11205 9195,11253 10022,11355 10106,11515 10352,11384 10406,11361 10496,11432 10685,11214 10786,11276 10904,11059 11022,10998 11093,11079 11322,11064 11408,11094 11473,11180 11656,11106 11800,11118 11921,11185 12026,11348 12158,11457 12119,11536 11713,11866 11738,12024 11870,12283 11957,12598 11982,12669 12033,12669 12068,12973 11931,13095 11850,13105 11474,13319 11195,13491 10921,13618 10763,13694 10464,13771 10514,14050 10646,14289 10586,14344 10372,14964 10281,14923
Prenzlauer Berg	Z 14983,12856 14374,12760 13871,12902 13912,13009 13648,13618 13313,13456 12967,13958 12698,13689 12657,13786 11840,13608 11743,13613 11471,13321 11474,13319 11195,13491 10921,13618 10763,13694 10464,13771 10514,14050 10646,14289 10586,14344 10372,14964 10281,14923 9875,16137 9910,16284 9859,16731 9846,16975 10017,16950 10200,16914 11007,16884 11073,16604 11063,16487 11728,16371 11916,16335 12094,16234 12185,16294 12855,16010 13323,15746 13836,15350 14628,14804 14658,14786 14369,14146 14237,13811 13922,13684 14110,13446 14267,13339 14511,13263 14790,13151 14882,13060 14983,12856
Alt-Treptow	Z 15811,9017 15725,9144 15593,9210 15506,9180 15440,9327 15308,9464 15146,9581 14912,9642 14633,9779 14511,9845 14481,9916 14529,10020 14215,10183 13922,10290 13813,10319 13783,10298 13699,10285 13583,10217 13396,9967 13333,9929 13267,9901 12911,9408 13216,9149 13353,9302 13668,9058 14013,8814 14135,8987 14198,9174 14161,9332 14201,9518 15170,8507 15554,8839
Baumschulenweg	Z 15354,7032 15582,6697 15588,6504 15506,6326 15349,6062 15335,5975 14110,6005 14530,5152 14725,4890 15652,4183 16040,3906 16314,4227 16390,4340 16450,4303 16599,4515 16617,4498 16884,4856 16362,5112 16279,5170 16062,5242 15870,5251 15738,5369 15382,5687 15609,5950 15853,5999 16133,6102 16505,5938 16846,5968 17047,6194 16596,6596 16901,7181 16736,7370 16675,7486 16508,7263 16142,7903 15904,7693 16072,7504 15920,7312 15728,7355 15207,7257
Plänterwald	Z 16675,7486 16620,7821 16700,8199 16578,8680 16542,8804 16456,9022 16365,9154 16263,9190 16090,9190 15953,9124 15811,9017 15554,8839 15170,8507 14201,9518 14161,9332 14198,9174 14145,8971 15053,7966 14969,7580 15207,7257 15728,7355 15920,7312 16072,7504 15904,7693 16142,7903 16508,7263 16675,7486
Johannisthal	Z 17047,6194 16846,5968 16505,5938 16133,6102 15853,5999 15609,5950 15382,5687 15738,5369 15870,5251 16062,5242 16279,5170 16362,5112 16884,4856 16617,4498 16599,4515 16450,4303 16390,4340 16314,4227 16040,3906 16950,3251 17699,2666 18089,2477 18488,2445 18337,3133 18942,3724 19432,3739 19029,4069 18698,4335 17711,5414 17047,6194
Altglienicke	Z 20770,2385 20496,2306 20167,2269 18948,2336 18512,2394 18406,2062 18516,1898 18570,1703 18772,1063 18759,978 18820,935 18619,350 18491,70 18491,-9 18369,-118 18345,-258 18269,-318 18273,-368 18681,-497 19038,-684 19207,-807 19788,-408 19769,-493 19709,-658 19721,-712 19664,-740 19677,-780 19617,-1032 20199,-552 21167,332 21624,926 21817,1308 21214,1974 20770,2385
Bohnsdorf	Z 21817,1308 21624,926 21167,332 20199,-552 19617,-1032 19594,-1522 19641,-1751 21582,-1801 22281,-1561 22846,-1403 23517,-1122 23514,-1026 23565,-935 23530,-864 23535,-777 23347,-737 23225,-493 23078,-488 22946,-305 23088,-21 22753,313 22402,557 22179,852 21817,1308
Adlershof	Z 21032,5079 20752,5152 20630,4811 20027,5000 19783,4768 19338,4811 19320,4707 19613,4360 19381,4177 19277,4287 19162,4183 19029,4069 19432,3739 18942,3724 18337,3133 18488,2445 18512,2394 18948,2336 20167,2269 20496,2306 20770,2385 21422,2548 21402,2761 21209,3756 21092,4153 21032,5079
Niederschöneweide	Z 16901,7181 16596,6596 17047,6194 17711,5414 18698,4335 19029,4069 19162,4183 19277,4287 19381,4177 19613,4360 19320,4707 19338,4811 19783,4768 20027,5000 20630,4811 20752,5152 21032,5079 20990,5432 20874,5444 20758,5463 20624,5463 20326,5585 20167,5645 19954,5688 19631,5688 19485,5548 19259,5426 18985,5359 18686,5444 18443,5603 18418,5743 18430,5828 18375,5914 18101,5950 17894,6078 17754,6176 17595,6291 17413,6371 17218,6523 16986,6998 16901,7181
Neukölln	Z 14983,7585 14958,7651 15004,7870 15014,8017 14135,8987 14013,8814 13668,9058 13353,9302 13216,9149 12911,9408 12840,9388 12795,9449 12712,9523 11522,10071 11918,9175 11820,8958 11602,9057 10743,9210 10758,9068 10672,8906 10611,8545 10545,8088 10768,8042 11109,8154 11307,7037 11373,6661 11672,6702 11718,6407 11738,6295 11779,6229 12566,6387 13231,6504 13820,6676 13836,6478 13988,6179 14054,6062 14948,6026 15024,6092 15146,6092 15349,6062 15506,6326 15588,6504 15582,6697 15354,7032 14983,7585
Buckow	Z 14666,1759 14086,1571 13718,1348 13606,1343 13551,1275 12527,776 11629,478 11347,699 11068,791 10748,770 10545,684 10286,1375 10514,1476 10662,1852 10545,1913 10712,2456 11118,2209 11331,2014 11355,1892 11831,2099 12306,2129 12379,2349 12666,2471 12704,2384 13129,2343 13309,2414 13369,2337 13476,2416 13625,2212 13829,2071 14666,1759
Buckow	Z 13781,3494 13909,3854 14226,4354 14287,4372 14482,4317 14890,3988 14939,3866 14987,3823 15030,3884 15243,3653 15146,3537 15463,3269 15676,2885 15512,2750 15042,3138 14747,2728 14412,2977 14587,3150 14375,3294 14164,2923 14013,2985 14125,3239 13898,3375 13781,3494
Gropiusstadt	Z 16118,2132 15859,1803 15630,1438 15399,1563 14945,1664 14666,1759 13829,2071 13625,2212 13476,2416 13446,2446 13567,2568 13628,3092 13714,3184 13781,3494 13898,3375 14125,3239 14013,2985 14164,2923 14375,3294 14587,3150 14412,2977 14747,2728 15042,3138 15512,2750 15336,2616 15353,2319 15962,2319 16118,2132
Rudow	Z 15243,3653 15146,3537 15463,3269 15676,2885 15512,2750 15336,2616 15353,2319 15962,2319 16118,2132 15859,1803 15630,1438 15399,1563 14945,1664 15226,841 15642,-180 15636,-249 15736,-547 15793,-1005 16055,-888 16541,-786 16828,-688 18269,-318 18345,-258 18369,-118 18491,-9 18491,70 18619,350 18820,935 18759,978 18772,1063 18570,1703 18516,1898 18406,2062 18512,2394 18488,2445 18089,2477 17699,2666 16950,3251 16040,3906 15652,4183 15615,4122 15566,4152 15243,3653
Britz	Z 15652,4183 15615,4122 15566,4152 15243,3653 15030,3884 14987,3823 14939,3866 14890,3988 14482,4317 14287,4372 14226,4354 13909,3854 13781,3494 13714,3184 13628,3092 13567,2568 13446,2446 13476,2416 13369,2337 13309,2414 13129,2343 12704,2384 12666,2471 12379,2349 12306,2129 11831,2099 11355,1892 11331,2014 11118,2209 10712,2456 10921,3147 11088,3700 11195,4325 11408,5127 11662,5691 11916,5666 12063,5681 11911,5828 11632,5976 11713,6179 11779,6229 12566,6387 13231,6504 13820,6676 13836,6478 13988,6179 14054,6062 14948,6026 15024,6092 15146,6092 15349,6062 15335,5975 14110,6005 14366,5493 14530,5152 14725,4890 15652,4183
Tempelhof	Z 11779,6229 11738,6295 11718,6407 11672,6702 11373,6661 11307,7037 11109,8154 10768,8042 10545,8088 10611,8545 10672,8906 10479,8784 10301,8784 10209,8641 9788,8662 9778,8885 9245,8870 9238,8819 9213,8752 8205,8737 7889,7717 7960,7535 8102,7392 8234,7326 8229,6940 8209,6072 8280,6001 8305,5904 8234,5788 8199,5595 8219,5478 8006,5493 7985,5427 7813,5432 7818,5498 7584,5524 7468,5463 7473,5579 7269,5640 7290,5468 7315,5346 7630,4523 7732,4254 7742,4203 7980,4417 8234,4670 8554,4970 8762,5102 9103,5249 9133,5168 9316,5229 9550,5254 10184,5254 10596,5234 10804,5280 11241,5239 11408,5127 11662,5691 11916,5666 12063,5681 11911,5828 11632,5976 11713,6179 11779,6229
Mariendorf	Z 8361,2553 8092,3269 7742,4203 7980,4417 8234,4670 8554,4970 8762,5102 9103,5249 9133,5168 9316,5229 9550,5254 10184,5254 10596,5234 10804,5280 11241,5239 11408,5127 11195,4325 11088,3700 10921,3147 10712,2456 10545,1913 10662,1852 10514,1476 10286,1375 10235,1222 10108,1304 9692,1563 9123,1923 9514,2096 9448,2380 9159,2324 9047,2340 8590,2411 8605,2487 8361,2553
Marienfelde	Z 10108,1304 9692,1563 9123,1923 9514,2096 9448,2380 9159,2324 9047,2340 8590,2411 8605,2487 8361,2553 8168,2421 7859,1695 7549,1512 7102,1283 6609,1004 6533,933 6516,564 6502,107 7096,-463 7643,-907 8486,-1402 8396,-1986 8895,-2007 9204,-1981 9209,-1834 9016,-1747 9072,-1270 9098,-1255 9133,-864 9336,-828 9651,-727 9443,-138 9880,750 9864,816 9910,841 10108,1304
Lichtenrade	Z 10286,1375 10235,1222 10108,1304 9910,841 9864,816 9880,750 9443,-138 9651,-727 9336,-828 9133,-864 9098,-1255 9072,-1270 9016,-1747 9209,-1834 9204,-1981 9536,-1946 9639,-3118 10115,-3132 11108,-3231 11301,-3189 11285,-3241 11857,-3258 12288,-2178 11595,248 11629,478 11347,699 11068,791 10748,770 10545,684 10286,1375
Schöneberg	Z 7269,5640 7473,5579 7468,5463 7584,5524 7818,5498 7813,5432 7985,5427 8006,5493 8219,5478 8199,5595 8234,5788 8305,5904 8280,6001 8209,6072 8229,6940 8234,7326 8102,7392 7960,7535 7889,7717 8205,8737 8122,8737 8148,8794 8443,8804 8458,9048 8366,9068 8458,9251 8514,9556 8256,9636 8031,9710 8033,10132 8095,10251 8052,10292 7630,10373 7290,10515 6716,10729 6142,10947 5842,10373 6015,10322 5959,10150 5924,9942 5914,9342 5934,8418 5949,8068 6228,8098 6406,8027 5964,7377 5969,6885 5898,6773 6025,6702 6112,6575 6513,6153 6716,5879 6711,5823 6787,5833 6802,5645 6904,5574 7041,5615 7102,5452 7290,5468 7269,5640
Friedenau	Z 5898,6773 5969,6885 5964,7377 6406,8027 6228,8098 5949,8068 5639,8012 5634,7966 5060,7956 5060,7885 4817,7885 4807,7225 4812,6727 4898,6686 5355,6417 5497,6631 5756,6671 5827,6666 5898,6773
Moabit	Z 8219,12994 8204,13344 8292,13390 8328,13458 8291,13556 8149,13770 7845,14316 7864,14349 7838,14410 7563,14522 7374,14634 7079,14750 6946,14787 6595,14678 6485,14676 6204,14724 5879,14795 5721,14903 5583,14969 5147,14959 5167,14761 5243,14608 5101,14524 4096,14288 4171,13922 4426,13979 4485,13802 4223,13706 4347,13220 4483,12649 4497,12613 4553,12713 4605,13008 4718,13102 4946,13122 5132,13047 5272,12929 5311,12856 5338,12768 5340,12677 5329,12601 5334,12446 5383,12359 5458,12307 5588,12270 5673,12290 5790,12413 5902,12568 5941,12633 5989,12774 6048,12878 6157,12933 6285,12946 6464,12906 6714,12678 7026,12374 7053,12364 7141,12344 7230,12349 7334,12388 7554,12548 7777,12642 7941,12792 8053,12960 8169,12998 8219,12994
Hansaviertel	Z 5761,11856 5776,12003 5673,12290 5790,12413 5902,12568 5941,12633 5989,12774 6048,12878 6157,12933 6285,12946 6464,12906 6714,12678 6553,12501 6575,12410 6479,12378 6352,12417 6430,12189 6308,12129 5973,12085 5930,12023 5927,11884 5761,11856
Tiergarten	Z 5761,11856 5411,11805 5467,11739 5599,11689 5436,11648 5391,11531 5690,11364 5721,11318 5594,11084 5741,10998 6066,10998 6142,10947 6716,10729 7290,10515 7630,10373 8052,10292 8095,10251 8184,10426 8320,10806 8366,10912 8437,10816 8617,11324 8580,11404 8549,11506 8595,12176 8544,12237 8580,12313 8564,12415 8580,12613 8539,12669 8478,12846 8382,12948 8219,12994 8169,12998 8053,12960 7941,12792 7777,12642 7554,12548 7334,12388 7230,12349 7141,12344 7053,12364 7026,12374 6714,12678 6553,12501 6575,12410 6479,12378 6352,12417 6430,12189 6308,12129 5973,12085 5930,12023 5927,11884 5761,11856
Charlottenburg-Nord	Z 4096,14288 5101,14524 5243,14608 5167,14761 5147,14959 4471,15705 3337,15755 2983,15766 1262,15782 1242,15690 1475,15035 1414,14674 1404,14619 1536,14548 1643,14421 1689,14263 2110,14075 2034,13654 2276,13626 2480,13720 2685,13871 2853,13881 2954,13811 2998,13659 4171,13922 4096,14288
Westend	Z 2034,13654 1836,13669 1612,13507 1171,13517 957,13486 653,13364 297,13293 -108,13329 -271,13385 -220,12983 -438,13039 -712,13110 -1987,13080 -2150,12674 -2150,12430 -2099,11851 -2165,11770 -2307,11526 -2383,11303 -2287,11272 -2312,11206 -2434,11247 -2530,11186 -2622,11191 -2789,10840 -2769,10576 -2642,10551 -1520,10642 196,10835 348,10724 180,10505 226,10460 180,10383 307,10287 119,10008 424,9723 465,9454 536,9246 668,9109 774,9033 922,9170 1440,9926 1846,10180 2114,10317 2087,10442 2123,10792 2166,11095 2336,11517 2355,11873 2057,12910 2182,13596 2034,13654
Charlottenburg	Z 4096,14288 4171,13922 2998,13659 2954,13811 2853,13881 2685,13871 2480,13720 2276,13626 2034,13654 2182,13596 2057,12910 2355,11873 2336,11517 2166,11095 2123,10792 2087,10442 2114,10317 2208,10368 2239,10331 2344,10388 2349,10444 2516,10536 3029,10688 3060,10612 2989,10576 3121,10480 3476,10292 3476,10211 3832,10317 4146,10394 4355,10272 4664,10312 5071,10363 5477,10419 5528,10424 5578,10490 5817,10338 5842,10373 6142,10947 6066,10998 5741,10998 5594,11084 5721,11318 5690,11364 5391,11531 5436,11648 5599,11689 5467,11739 5411,11805 5761,11856 5776,12003 5673,12290 5588,12270 5458,12307 5383,12359 5334,12446 5329,12601 5340,12677 5338,12768 5311,12856 5272,12929 5132,13047 4946,13122 4718,13102 4605,13008 4553,12713 4497,12613 4483,12649 4347,13220 4223,13706 4485,13802 4426,13979 4171,13922 4096,14288
Wilmersdorf	Z 3476,10211 3832,10317 4146,10394 4355,10272 4664,10312 5071,10363 5477,10419 5528,10424 5578,10490 5817,10338 5842,10373 6015,10322 5959,10150 5924,9942 5914,9342 5934,8418 5949,8068 5639,8012 5634,7966 5060,7956 5060,7885 4817,7885 4807,7225 4812,6727 4177,6686 4024,6676 3847,6742 3278,6885 3298,7255 3334,7367 3385,7387 4156,8097 3862,8474 3440,8992 3403,9035 3476,10211
Halensee	Z 3476,10211 3403,9035 3044,9444 2724,9718 2420,9757 2269,9982 2114,10317 2208,10368 2239,10331 2344,10388 2349,10444 2516,10536 3029,10688 3060,10612 2989,10576 3121,10480 3476,10292 3476,10211
Schmargendorf	Z 3278,6885 3298,7255 3334,7367 3385,7387 4156,8097 3862,8474 3440,8992 3403,9035 3044,9444 2724,9718 2724,9104 2684,8550 2344,8601 2323,8662 2151,8403 2110,7824 2148,7735 2054,7634 1963,7535 1953,7479 1671,7483 1614,6754 1973,6839 1978,6793 2679,7032 2719,7011 2755,7032 3278,6885
Grunewald	Z 1614,6754 1671,7483 1953,7479 1963,7535 2054,7634 2148,7735 2110,7824 2151,8403 2323,8662 2344,8601 2684,8550 2724,9104 2724,9718 2420,9757 2269,9982 2114,10317 1846,10180 1440,9926 922,9170 774,9033 668,9109 536,9246 465,9454 424,9723 119,10008 307,10287 180,10383 226,10460 180,10505 348,10724 196,10835 -1520,10642 -2642,10551 -2769,10576 -3104,10368 -3627,10328 -3942,10135 -4110,9601 -4237,9231 -4252,8763 -4069,8327 -4227,7753 -4105,6986 -3734,6966 -3622,7017 -3516,6935 -3480,6768 -3404,6763 -3318,6788 -3252,6900 -2972,6956 -2663,6879 -2490,6844 -2261,6915 -2084,6910 -1835,6905 -1505,6991 -1225,7027 -921,6920 -728,6849 -113,6712 180,6615 495,6600 825,6666 947,6636 1614,6754
Zehlendorf	Z -113,6712 -728,6849 -2759,4132 -2404,3782 -2292,3599 -2013,2766 -1875,2680 -1616,2395 -1266,2538 -1286,2202 -657,1898 -1509,1441 -1005,1396 -832,1451 -139,1506 -37,1232 12,878 40,731 98,118 79,58 98,9 154,-317 419,-183 722,-146 1006,-246 1325,-362 1470,-374 1424,-51 1369,125 1607,166 1770,257 1678,613 1973,2126 2151,2817 2293,3579 2333,3893 2232,3838 1917,3878 1694,3899 1506,3899 1470,4071 1308,4259 1003,4645 998,4742 912,4924 637,5341 505,5468 109,5402 89,5590 -88,5894 -118,6148 -113,6712
Nikolassee	Z -4105,6986 -3734,6966 -3622,7017 -3516,6935 -3480,6768 -3404,6763 -3318,6788 -3252,6900 -2972,6956 -2663,6879 -2490,6844 -2261,6915 -2084,6910 -1835,6905 -1505,6991 -1225,7027 -921,6920 -728,6849 -2759,4132 -2404,3782 -2292,3599 -2013,2766 -1875,2680 -1616,2395 -1266,2538 -1286,2202 -657,1898 -1509,1441 -1563,1465 -1988,1280 -2339,1085 -2945,857 -3184,814 -3451,816 -4237,349 -4958,907 -4973,1055 -4806,1207 -4592,1161 -4572,1395 -4308,1618 -4348,1761 -4247,1822 -4186,1974 -4201,2065 -4308,2314 -4308,2385 -4430,2411 -5034,2380 -5552,3614 -5801,4889 -5415,5249 -4689,5392 -4440,5904 -4338,6483 -4105,6986
Wannsee	Z -5801,4889 -5552,3614 -5034,2380 -4430,2411 -4308,2385 -4308,2314 -4201,2065 -4186,1974 -4247,1822 -4348,1761 -4308,1618 -4572,1395 -4592,1161 -4806,1207 -4973,1055 -4958,907 -4237,349 -5985,-663 -5982,-1013 -6077,-1277 -6079,-1385 -5176,-1202 -5129,-1443 -5327,-1586 -5995,-1650 -6903,-1497 -7080,-1371 -7077,-1304 -7408,-1523 -7932,-2085 -7774,-2257 -7683,-2240 -7751,-2409 -7837,-2391 -7905,-2408 -8195,-2165 -8158,-1962 -7863,-1909 -7364,-1426 -7594,-1424 -7619,-1299 -7429,-1245 -7644,-1171 -7744,-1080 -7833,-1178 -8181,-1383 -8294,-1375 -8623,-1057 -8808,-792 -9222,-597 -9272,-539 -9279,-462 -9466,-240 -9407,-113 -9450,-64 -9588,-40 -9577,-3 -9478,-8 -9329,26 -9337,120 -9258,136 -9268,240 -9366,235 -9402,402 -9521,451 -9572,440 -9552,332 -9571,75 -9661,34 -9684,65 -9720,45 -9973,160 -9997,495 -10283,412 -10205,241 -10131,208 -10117,157 -10222,4 -10492,119 -10572,201 -10688,243 -10720,454 -10849,1142 -10349,1402 -10226,1585 -10180,1739 -10096,1798 -10019,1777 -9976,1712 -9769,1645 -9713,1794 -9611,1831 -9545,1936 -9216,2229 -9270,2588 -9142,2645 -8934,3010 -8593,3198 -8531,3290 -8535,3364 -8355,3518 -7964,3568 -6872,3944 -6258,4462 -5801,4889
Dahlem	Z 2333,3893 2232,3838 1917,3878 1694,3899 1506,3899 1470,4071 1308,4259 1003,4645 998,4742 912,4924 637,5341 505,5468 109,5402 89,5590 -88,5894 -118,6148 -113,6712 180,6615 495,6600 825,6666 947,6636 1614,6754 1973,6839 1978,6793 2679,7032 2719,7011 2755,7032 3278,6885 3847,6742 4024,6676 3918,6565 3847,6529 3786,6285 3740,5742 3456,5275 3202,4853 3156,4782 3024,4401 3055,4325 2333,3893
Steglitz	Z 7732,4254 7630,4523 7315,5346 7290,5468 7102,5452 7041,5615 6904,5574 6802,5645 6787,5833 6711,5823 6716,5879 6513,6153 6112,6575 6025,6702 5898,6773 5827,6666 5756,6671 5497,6631 5355,6417 4898,6686 4812,6727 4177,6686 4024,6676 3918,6565 3847,6529 3786,6285 3740,5742 3918,5798 3918,5625 4080,5422 4065,5386 4136,5270 4334,5097 4502,5163 4497,4858 4634,4975 4807,4579 4969,4183 5066,4158 5203,4036 5365,4158 5563,4259 5761,4315 6010,4305 6366,4274 6868,4163 7295,4046 7534,4081 7732,4254
Lankwitz	Z 7742,4203 7732,4254 7534,4081 7295,4046 6868,4163 6366,4274 6010,4305 5761,4315 5563,4259 5365,4158 5391,3975 5375,3843 5396,3731 5340,3690 5391,3584 5512,3259 5583,3035 5563,2979 5670,2807 5792,2583 5756,2548 5883,2147 5853,2126 5878,1994 5817,1949 5837,1811 5985,1766 6294,1085 6609,1004 7102,1283 7549,1512 7859,1695 8168,2421 8361,2553 8092,3269 7742,4203
Lichterfelde	Z 6609,1004 6294,1085 5985,1766 5837,1811 5817,1949 5878,1994 5853,2126 5883,2147 5756,2548 5792,2583 5670,2807 5563,2979 5583,3035 5512,3259 5391,3584 5340,3690 5396,3731 5375,3843 5391,3975 5365,4158 5203,4036 5066,4158 4969,4183 4807,4579 4634,4975 4497,4858 4502,5163 4334,5097 4136,5270 4065,5386 4080,5422 3918,5625 3918,5798 3740,5742 3456,5275 3202,4853 3156,4782 3024,4401 3055,4325 2333,3893 2293,3579 2151,2817 1973,2126 1678,613 1770,257 1607,166 1369,125 1424,-51 1470,-374 1707,-346 1964,-217 3332,1028 3319,843 3263,812 4405,-886 4527,-720 5445,-132 6516,564 6533,933 6609,1004
Hakenfelde	Z -6972,17695 -6528,17532 -6328,17349 -5506,16954 -4359,16487 -3865,16340 -3071,16410 -3054,16259 -2929,15997 -2866,15685 -3002,15280 -2812,15204 -2839,15125 -2749,15081 -2510,15116 -2216,15172 -1992,15599 -1982,15863 -2033,16325 -1845,16909 -1596,17188 -1582,17171 -1596,17188 -1677,17300 -1652,17645 -1738,17828 -1885,18392 -2358,18915 -2368,19194 -2480,19605 -2423,19958 -2423,19963 -3094,20052 -3148,19849 -3581,20088 -4217,20239 -4651,20568 -4859,20632 -5077,20733 -5397,20773 -5505,20889 -5796,20966 -6018,21154 -6508,21017 -6731,20790 -7047,20349 -7048,20348 -7434,20121 -7809,19997 -7965,19850 -8268,19777 -8443,19812 -8479,19696 -8432,19682 -8495,19397 -8352,19383 -8164,18980 -7816,19094 -7746,19104 -7442,19243 -7051,19420 -6938,19294 -6780,18773 -6780,18304 -6852,17999 -6923,17950 -6972,17695
Spandau	Z -2839,15125 -2749,15081 -2921,14954 -2886,14644 -2866,14451 -2957,14223 -2718,14233 -2099,13994 -1550,14004 -1337,14070 -814,13826 -281,13435 -271,13385 -220,12983 -438,13039 -712,13110 -1987,13080 -2023,13098 -1960,13285 -2011,13463 -2301,13315 -2464,13256 -2711,13308 -2703,13372 -2943,13513 -3002,13419 -2958,13172 -2800,12872 -2703,12847 -2681,12727 -2720,12595 -2691,12381 -2835,12185 -2971,12195 -2928,12358 -2929,12459 -3037,12343 -3054,12729 -3165,12978 -3227,12922 -3321,13087 -3351,13021 -3448,13020 -3573,13117 -3660,13280 -3734,13273 -3720,13473 -3814,13480 -4024,13423 -4029,13470 -4382,13379 -4869,13565 -5158,13617 -5573,13533 -5606,13601 -5857,13608 -6004,13867 -6039,14390 -5918,14527 -5933,14715 -5156,14472 -5103,14432 -4777,14358 -4686,14657 -4659,14801 -4478,14811 -4061,15174 -4132,15362 -4159,15849 -3865,16340 -3071,16410 -3054,16259 -2929,15997 -2866,15685 -3002,15280 -2812,15204 -2839,15125
Falkenhagener Feld	Z -5933,14715 -5989,14807 -5994,14974 -6197,15157 -6502,15269 -6821,15330 -7152,15512 -7278,15543 -7344,15782 -7304,15920 -7283,15968 -7196,16009 -7152,16131 -7107,16211 -7180,16717 -7210,16865 -7114,16961 -7160,17314 -6972,17695 -6528,17532 -6328,17349 -5506,16954 -4359,16487 -3865,16340 -4158,15850 -4159,15849 -4132,15362 -4061,15174 -4478,14811 -4659,14801 -4686,14657 -4777,14358 -5103,14432 -5156,14472 -5933,14715
Wilhelmstadt	Z -5857,13608 -5606,13601 -5573,13533 -5158,13617 -4869,13565 -4382,13379 -4029,13470 -4024,13423 -3814,13480 -3720,13473 -3734,13273 -3660,13280 -3573,13117 -3448,13020 -3351,13021 -3321,13087 -3227,12922 -3165,12978 -3054,12729 -3037,12343 -2929,12459 -2928,12358 -2971,12195 -2835,12185 -2691,12381 -2720,12595 -2681,12727 -2703,12847 -2800,12872 -2958,13172 -3002,13419 -2943,13513 -2703,13372 -2711,13308 -2464,13256 -2301,13315 -2011,13463 -1960,13285 -2023,13098 -1987,13080 -2150,12674 -2150,12430 -2099,11851 -2165,11770 -2307,11526 -2383,11303 -2287,11272 -2312,11206 -2434,11247 -2530,11186 -2622,11191 -2789,10840 -2769,10576 -3104,10368 -3627,10328 -3942,10135 -6318,10346 -5639,11191 -6292,11606 -6245,11693 -6276,11723 -6216,11789 -6176,11768 -6098,11871 -5905,11730 -5867,11775 -5904,11820 -5857,11876 -5799,11844 -5537,12293 -5455,12425 -5237,12365 -5136,12650 -5161,12695 -5282,12741 -5272,12788 -5328,12801 -5638,12928 -5719,13065 -5857,13608
Staaken	Z -6292,11606 -7023,12014 -7147,12056 -7217,12232 -7322,12296 -7712,12189 -8451,12017 -9071,11976 -9001,12355 -8975,13288 -8859,13769 -8813,13995 -8709,14182 -8609,14972 -8653,15012 -8292,16352 -7979,16048 -7848,15982 -7511,15963 -7304,15920 -7344,15782 -7278,15543 -7152,15512 -6821,15330 -6502,15269 -6197,15157 -5994,14974 -5989,14807 -5933,14715 -5918,14527 -6039,14390 -6004,13867 -5857,13608 -5719,13065 -5638,12928 -5328,12801 -5272,12788 -5282,12741 -5161,12695 -5136,12650 -5237,12365 -5455,12425 -5537,12293 -5799,11844 -5857,11876 -5904,11820 -5867,11775 -5905,11730 -6098,11871 -6176,11768 -6216,11789 -6276,11723 -6245,11693 -6292,11606
Kladow	Z -4338,6483 -4440,5904 -4689,5392 -5415,5249 -5801,4889 -6258,4462 -6872,3944 -7964,3568 -8355,3518 -8535,3364 -8751,3567 -8811,3726 -8806,3827 -9072,4016 -9490,4579 -9324,4948 -9290,5370 -9382,6387 -9028,6994 -8950,7260 -8970,7578 -8772,7632 -8376,7754 -7774,8502 -7450,8240 -7474,7807 -7390,7667 -7252,7731 -7230,7693 -6821,7780 -6664,7750 -6512,7790 -6491,7434 -6653,7263 -5934,6646 -5820,6782 -5628,6651 -5481,6846 -4969,6529 -4841,6523 -4338,6483
Gatow	Z -6318,10346 -6587,9994 -7774,8502 -7450,8240 -7474,7807 -7390,7667 -7252,7731 -7230,7693 -6821,7780 -6664,7750 -6512,7790 -6491,7434 -6653,7263 -5934,6646 -5820,6782 -5628,6651 -5481,6846 -4969,6529 -4841,6523 -4338,6483 -4105,6986 -4227,7753 -4069,8327 -4252,8763 -4237,9231 -4110,9601 -3942,10135 -6318,10346
Siemensstadt	Z -880,16579 -230,16051 196,15817 739,15756 1252,15782 1242,15690 1475,15035 1414,14674 1404,14619 1536,14548 1643,14421 1689,14263 2110,14075 2034,13654 1836,13669 1612,13507 1171,13517 957,13486 653,13364 297,13293 -108,13329 -271,13385 -281,13435 -814,13826 -1337,14070 -748,14324 -565,14268 -428,14502 -220,14492 -245,14786 -337,15096 -276,15355 -281,15563 -844,15482 -966,15538 -1017,15624 -1037,15726 -900,16355 -880,16579
Haselhorst	Z -1337,14070 -748,14324 -565,14268 -428,14502 -220,14492 -245,14786 -337,15096 -276,15355 -281,15563 -844,15482 -966,15538 -1017,15624 -1037,15726 -900,16355 -880,16579 -1479,17031 -1596,17188 -1845,16909 -2033,16325 -1982,15863 -1992,15599 -2216,15172 -2510,15116 -2749,15081 -2921,14954 -2886,14644 -2866,14451 -2957,14223 -2718,14233 -2099,13994 -1550,14004 -1337,14070
Oberschöneweide	Z 20990,5432 20874,5444 20758,5463 20624,5463 20326,5585 20167,5645 19954,5688 19631,5688 19485,5548 19259,5426 18985,5359 18686,5444 18443,5603 18418,5743 18430,5828 18375,5914 18101,5950 17894,6078 17754,6176 17595,6291 17413,6371 17218,6523 16986,6998 16901,7181 16736,7370 16675,7486 16620,7821 16700,8199 16578,8680 16785,8784 17053,8686 17145,8516 17248,8217 17510,7790 17772,7845 18040,7839 18406,7717 18528,7918 18991,7023 19801,7851 19948,7766 20295,7711 20301,7492 20606,7266 20588,7193 21221,6072 21343,5834 21575,5712 21441,5469 21331,5487 21270,5457 21099,5457 20990,5432
Lichtenberg	Z 15029,11228 15237,11612 15278,11760 15278,11887 15237,12095 15268,12201 14983,12856 14882,13060 14790,13151 15017,13125 15734,13162 15900,13164 15882,14014 15834,14341 16840,14469 18010,14591 18138,14347 18211,13531 18193,12166 18183,12227 17768,12232 17511,12200 17447,12215 17153,12093 15971,11229 15697,11234 15418,11335 15220,11340 15029,11228
Rummelsburg	Z 17511,12200 17212,11691 16950,11173 16718,10673 16645,10642 16541,10447 16377,10301 16297,10228 16523,10094 16846,9893 16980,9814 17376,9686 17358,9613 17480,9546 18028,9174 18107,9070 17979,8991 17705,8881 17382,8869 17413,8729 17315,8698 17303,8747 17053,8686 16785,8784 16578,8680 16542,8804 16456,9022 16365,9154 16395,9210 15902,9612 15836,9617 15727,9779 15517,10072 14929,10522 14800,10550 14887,10972 15029,11228 15220,11340 15418,11335 15697,11234 15971,11229 17153,12093 17447,12215 17511,12200
Fennpfuhl	Z 14790,13151 14511,13263 14267,13339 14110,13446 13922,13684 14237,13811 14369,14146 14658,14786 14628,14804 14804,15030 15024,14597 15207,14268 15834,14341 15882,14014 15900,13164 15734,13162 15017,13125 14790,13151
Friedrichsfelde	Z 19875,10472 18711,9996 17894,9637 17681,9588 17510,9594 17480,9546 17358,9613 17376,9686 16980,9814 16846,9893 16523,10094 16297,10228 16377,10301 16541,10447 16645,10642 16718,10673 16950,11173 17212,11691 17511,12200 17768,12232 18183,12227 18193,12166 18540,12160 19095,12166 19290,12135 19460,12014 19509,11819 19521,11721 19399,11721 19271,11575 19442,10661 19838,10557 19875,10472
Karlshorst	Z 20295,7711 19948,7766 19801,7851 18991,7023 18528,7918 18406,7717 18040,7839 17772,7845 17510,7790 17248,8217 17145,8516 17053,8686 17303,8747 17315,8698 17413,8729 17382,8869 17705,8881 17979,8991 18107,9070 18028,9174 17480,9546 17510,9594 17681,9588 17894,9637 18711,9996 19875,10472 20393,8150 20514,7992 20575,7723 20295,7711
Marzahn	Z 20335,14403 20740,14439 20801,14469 21398,14469 21453,14585 21831,14475 21965,14469 22117,14311 22562,14055 22666,14104 22739,14213 22714,14354 22763,14603 22538,15000 22410,15079 22367,15146 22343,15329 22349,15517 22458,15694 22574,16048 22690,16274 22778,16696 22721,17035 22535,17364 22500,17829 22433,18057 22450,18393 22391,18611 22201,18681 22130,18852 22014,18921 21878,18930 21447,18802 21368,18973 21221,18717 19893,18174 19838,18083 19680,17985 19613,17973 18765,16950 18595,16809 18741,16316 19101,14981 18443,14683 18010,14591 18138,14347 18211,13531 18193,12166 18540,12160 19095,12166 19290,12135 19460,12014 19509,11819 19521,11721 19912,11713 20084,13060 20137,13070 20293,14356 20335,14403
Biesdorf	Z 19521,11721 19912,11713 20084,13060 20137,13070 20293,14356 20335,14403 20740,14439 20801,14469 21398,14469 21453,14585 21831,14475 21965,14469 22117,14311 22562,14055 22276,13659 22172,13433 22172,13043 21922,12184 21922,12032 21910,11855 22081,11617 22294,11422 22330,11276 22276,11014 22227,10868 22141,10783 21861,10740 21782,10612 21648,10514 21593,10289 21666,10033 21654,9832 21563,9588 21496,9491 21447,9247 21313,8948 21288,8412 21416,8223 21587,8083 21611,7925 21575,7784 21441,7742 21398,7809 21221,7766 21002,7736 20575,7723 20514,7992 20393,8150 19875,10472 19838,10557 19442,10661 19271,11575 19399,11721 19521,11721
Weißensee	Z 14804,15030 14628,14804 13836,15350 13323,15746 12855,16010 12185,16294 12094,16234 11995,16761 12276,16925 13196,17565 13379,17693 13604,17845 13878,17973 14378,17955 14823,17833 15219,17748 15225,17705 15536,17650 15548,17699 15700,17650 15828,17626 15816,17407 15999,17364 16304,17120 16389,16968 16523,16657 16456,16255 15877,16419 15639,16102 15475,16084 15469,15944 15444,15865 14811,15871 14731,15920 14597,15932 14804,15030
Stadtrandsiedlung Malchow	Z 15700,17650 15548,17699 15536,17650 15225,17705 15219,17748 14823,17833 14378,17955 13878,17973 13890,18333 13909,19143 14073,19680 14226,19588 14262,19881 14847,20502 15249,20661 15600,21718 16456,22032 16494,22298 16650,22319 17108,21301 15914,20508 15767,20277 15712,20106 15658,20124 15633,20009 15511,20027 15481,19917 15396,19923 15402,18973 15444,18967 15457,18698 15676,18662 15670,18473 16011,18199 15731,17937 15700,17650
Heinersdorf	Z 11995,16761 12276,16925 13196,17565 13379,17693 13604,17845 13878,17973 13890,18333 13909,19143 13823,19149 13836,19235 13616,19095 13281,19424 13049,19552 12714,19673 12507,19631 12336,19643 12263,19564 12288,19497 12263,19442 12288,19375 12038,18991 12020,18759 11971,18522 11861,17723 12032,16834 11995,16761
Blankenburg	Z 12263,19564 12336,19643 12507,19631 12714,19673 13049,19552 13281,19424 13616,19095 13836,19235 13823,19149 13909,19143 14073,19680 14226,19588 14262,19881 14847,20502 15249,20661 15600,21718 15383,21599 14939,21544 14622,21648 14421,21678 14549,22093 14664,22367 14177,22720 13574,23104 13415,22903 13366,22720 13318,22245 13037,21185 12172,19710 12263,19564
Karow	Z 16456,22032 15600,21718 15383,21599 14939,21544 14622,21648 14421,21678 14549,22093 14664,22367 14177,22720 13574,23104 13964,23476 14354,23805 14628,24177 14890,24354 15182,24500 15353,24561 15530,24542 15828,24384 17054,23964 16919,23872 16602,22957 16494,22298 16456,22032
Alt-Hohenschönhausen	Z 15828,17626 15816,17407 15999,17364 16304,17120 16389,16968 16523,16657 16456,16255 15877,16419 15639,16102 15475,16084 15469,15944 15444,15865 14811,15871 14731,15920 14597,15932 14804,15030 15024,14597 15207,14268 15834,14341 16840,14469 18010,14591 18443,14683 19101,14981 18741,16316 18595,16809 18564,16864 17876,17059 17382,17242 16870,17480 16773,17522 15828,17626
Neu-Hohenschönhausen	Z 16988,19252 16988,19249 16980,19021 16736,19159 16657,19204 16602,19198 16699,19080 16648,18966 16426,18785 16221,18741 16097,18543 16154,18281 16080,18163 16011,18199 16015,18196 16011,18199 15731,17937 15700,17650 15828,17626 16773,17522 16781,17519 16870,17480 17382,17242 17876,17059 18564,16864 18595,16809 18765,16950 18766,16952 19613,17973 19680,17985 19378,18177 19304,18130 18820,18467 18817,18469 18189,18644 17685,18704 17692,18909 17608,18912 17612,19121 17558,19124 17575,19379 17434,19393 16988,19249 16988,19242
Malchow	Z 16699,19080 16602,19198 16657,19204 15767,20277 15712,20106 15658,20124 15633,20009 15511,20027 15481,19917 15396,19923 15402,18973 15444,18967 15457,18698 15676,18662 15670,18473 16011,18199 16080,18163 16154,18281 16097,18543 16221,18741 16426,18785 16648,18966 16699,19080
Wartenberg	Z 18918,18738 19204,18759 19216,18814 19277,18814 19938,20436 19952,20471 18598,20914 18288,20977 17297,20871 17108,21301 15914,20508 15767,20277 16657,19204 16736,19159 16980,19021 16988,19249 17434,19393 17575,19379 17558,19124 17612,19121 17608,18912 17692,18909 17685,18704 18189,18644 18817,18469 18918,18738
Falkenberg	Z 19304,18130 18817,18469 18918,18738 19204,18759 19216,18814 19277,18814 19938,20436 20511,20062 20876,19737 21279,19166 21368,18973 21221,18717 19893,18174 19838,18083 19680,17985 19378,18177 19304,18130
Pankow	Z 9225,17965 9550,17625 9570,17635 9758,17330 9846,16981 9859,16731 9846,16975 10017,16950 10200,16914 11007,16884 11073,16604 11063,16487 11728,16371 11916,16335 12094,16234 11995,16761 12032,16834 11861,17723 11971,18522 12020,18759 12038,18991 12288,19375 12263,19442 12288,19497 12263,19564 12172,19710 12012,19666 11941,19687 11880,19661 11774,19626 11687,19570 11606,19570 11560,19514 11368,19438 11261,19407 11296,19280 11063,19250 10743,19037 10611,18839 10514,18742 10484,18849 9920,18382 9468,18260 9316,18102 9357,18051 9225,17965
Wilhelmsruh	Z 7310,20585 6655,20519 6401,20443 7660,19362 7774,19660 8026,19727 8247,19873 8207,20106 8093,20412 7980,20533 8098,20815 7629,20701 7310,20585
Rosenthal	Z 8247,19873 9159,20326 10012,20585 11251,21007 10961,21698 10088,21855 9834,21880 8940,22073 8265,22332 8251,22285 7960,21525 7726,21235 7310,20585 7629,20701 8098,20815 7980,20533 8093,20412 8207,20106 8247,19873
Blankenfelde	Z 10961,21698 10088,21855 9834,21880 8940,22073 8265,22332 8331,22480 8397,22805 8234,23328 7899,24044 7692,24444 7817,24427 7887,24594 8162,24669 8312,24892 8254,25041 8259,25164 8417,25424 8475,25349 8679,25549 8623,25631 8726,25658 8873,25661 9074,25779 9187,26083 9150,26210 9269,26455 9462,26905 9584,26864 9691,26984 10306,26480 10384,26376 10691,26476 10826,26371 10852,26290 10832,26220 11016,26007 11533,25609 12155,24719 11941,24221 11906,23917 11505,24252 11280,23938 10706,23265 10764,22957 10932,22818 10824,22662 10916,22185 10961,21698
Niederschönhausen	Z 11251,21007 10012,20585 9159,20326 8247,19873 8026,19727 7774,19660 7660,19362 8757,18448 8839,18468 9316,18102 9468,18260 9920,18382 10484,18849 10514,18742 10611,18839 10743,19037 11063,19250 11296,19280 11261,19407 11368,19438 11560,19514 11606,19570 11687,19570 11774,19626 11880,19661 11870,19809 11835,19925 11855,20067 11825,20159 11743,20128 11393,20728 11251,21007
Französisch Buchholz	Z 14628,24177 14354,23805 13964,23476 13574,23104 13415,22903 13366,22720 13318,22245 13037,21185 12172,19710 12012,19666 11941,19687 11880,19661 11870,19809 11835,19925 11855,20067 11825,20159 11743,20128 11393,20728 11251,21007 10961,21698 10916,22185 10824,22662 10932,22818 10764,22957 10706,23265 11280,23938 11505,24252 11906,23917 11941,24221 12155,24719 12266,24958 12337,24922 12977,26156 13805,25562 13998,24993 14130,24871 14089,24475 14206,24318 14359,24282 14628,24177
Buch	Z 17054,23964 15828,24384 15530,24542 15353,24561 15182,24500 14890,24354 14628,24177 14359,24282 14206,24318 14089,24475 14130,24871 13998,24993 13805,25562 12977,26156 12337,24922 12266,24958 12155,24719 11533,25609 11736,25824 12119,25815 12193,25888 12120,26316 12158,26583 12552,26725 12626,27151 12650,27166 12666,27112 12772,27174 12892,27169 13104,27250 13390,27200 13387,27081 13884,27026 13949,27096 14066,27119 14107,27263 14387,27442 14534,27457 14827,27738 14838,27891 14787,27991 14269,28004 14034,28080 13452,28551 13232,28632 13824,29348 14257,29151 14882,30045 14988,29902 15144,30083 15197,30013 14948,29613 14850,29297 14912,29069 15097,29209 15549,29429 15781,29569 15591,28332 15960,27827 16796,27330 16924,27283 17197,27065 17131,26812 17299,26981 17509,26828 17934,27005 18015,26782 18196,26801 18170,26317 18114,26094 17954,25466 17882,25072 17468,24871 17076,24625 17054,23964
Reinickendorf	Z 9316,18102 9357,18051 9225,17965 9148,17894 8955,17930 8762,17777 8559,17752 8493,17173 8052,17143 7762,16838 7655,16828 7615,17209 7325,17127 7315,17275 7122,17300 6574,17285 5726,17549 5385,17234 5304,17305 5253,17290 5050,17300 5040,17234 4969,17143 4730,17071 4705,17229 4258,17478 3766,17706 3618,17894 3501,17914 3334,17991 3222,18077 3781,19001 4238,19016 5162,19103 5634,19123 6289,19448 5888,20240 6401,20443 7660,19362 8757,18448 8839,18468 9316,18102
Tegel	Z 4730,17071 4710,17224 4258,17478 3771,17706 3628,17894 3496,17919 3324,17985 3227,18072 3776,18991 3623,19037 2801,19519 2689,19748 2724,19793 2638,19986 2816,20047 2968,20240 3441,20347 3593,20606 3268,20839 3405,20910 3639,21098 3542,21286 3491,21286 3410,21540 3359,21505 3141,22134 3019,22134 2836,22033 2791,21972 2694,21972 2674,21855 2567,21835 2521,21764 2592,21728 2567,21662 2440,21606 2430,21540 2359,21505 2339,21581 2333,21677 2308,21733 2349,21799 2333,21855 2394,21951 2008,22612 2750,23125 2232,24018 2410,24135 2349,24227 2318,24359 1572,24206 1409,24227 1211,24318 -433,22911 -144,22683 515,22256 414,22033 155,22114 28,22205 -164,22216 -372,21489 -423,21266 -560,21256 -809,21210 -855,21037 -1037,20987 -1307,20987 -1885,20982 -2144,20768 -1982,20535 -1769,20438 -1525,20240 -1347,20149 -1301,20001 -1154,19875 -997,19773 -1078,19438 -1225,19438 -1423,19331 -1540,19326 -1708,19296 -1784,19174 -1891,19108 -1992,19092 -2012,18844 -1875,18813 -1632,18696 -1484,18646 -1444,18554 -1322,18448 -1307,18326 -1083,18107 -946,18062 -900,17686 -1652,17645 -1677,17300 -1596,17188 -1479,17031 -880,16579 -230,16051 196,15817 739,15756 1252,15782 2989,15766 3337,15755 3891,16793 4730,17071
Konradshöhe	Z -1652,17645 -900,17686 -946,18062 -1083,18107 -1307,18326 -1322,18448 -1444,18554 -1484,18646 -1632,18696 -1875,18813 -2012,18844 -1992,19092 -1891,19108 -1784,19174 -1708,19296 -1540,19326 -1423,19331 -1225,19438 -1078,19438 -997,19773 -1154,19875 -1301,20001 -1347,20149 -1525,20240 -1769,20438 -1982,20535 -2144,20768 -2403,20627 -2295,20386 -2423,19963 -2480,19605 -2368,19194 -2358,18915 -1885,18392 -1738,17828 -1652,17645
Heiligensee	Z 680,24404 372,24488 -477,24427 -793,24539 -1607,24427 -1906,24484 -1904,24524 -2279,24523 -2321,24120 -2530,23607 -2658,23498 -3195,22324 -3435,22183 -3523,22088 -3478,21822 -3245,21514 -3098,21278 -2904,21068 -2403,20627 -2144,20768 -1885,20982 -1307,20987 -1037,20987 -855,21037 -809,21210 -560,21256 -423,21266 -372,21489 -164,22216 28,22205 155,22114 414,22033 515,22256 -144,22683 -433,22911 1211,24318 1074,24333 876,24328 680,24404
Frohnau	Z 2318,24359 1572,24206 1409,24227 1211,24318 1074,24333 876,24328 680,24404 714,25194 535,25725 493,25944 1016,25827 1326,25893 1461,25889 1949,25996 2028,27263 1814,27280 1867,28177 2195,28088 2638,28036 3026,28030 3505,28080 3702,27828 3067,27385 3625,26359 3672,26365 3698,26193 3598,25934 3519,25868 3544,25644 3483,25623 3539,25414 3777,24880 3755,24877 3744,24837 3776,24808 3736,24750 3265,24547 3263,24505 2831,24430 2511,24374 2318,24359
Hermsdorf	Z 3141,22134 3019,22134 2836,22033 2791,21972 2694,21972 2674,21855 2567,21835 2521,21764 2592,21728 2567,21662 2440,21606 2430,21540 2359,21505 2339,21581 2333,21677 2308,21733 2349,21799 2333,21855 2394,21951 2008,22612 2750,23125 2232,24018 2410,24135 2349,24227 2318,24359 2511,24374 2831,24430 3263,24505 3852,24612 4402,24447 4685,24424 5288,24210 5413,24112 5631,24043 5573,23988 5451,23947 5391,23825 5258,23724 5137,23673 5132,23526 5198,23409 5177,23277 5076,23099 4903,22972 4801,22937 4730,22916 4619,22926 4416,22866 4314,22896 4197,22866 4136,22749 3903,22571 3821,22378 3689,22343 3583,22271 3501,22180 3385,22033 3258,22099 3141,22134
Waidmannslust	Z 5177,23277 5076,23099 4903,22972 4801,22937 4730,22916 4619,22926 4416,22866 4314,22896 4197,22866 4136,22749 3903,22571 3821,22378 3689,22343 3583,22271 3501,22180 3385,22033 3258,22099 3141,22134 3359,21505 3410,21540 3491,21286 3542,21286 3639,21098 3684,21139 3699,21215 3816,21271 3837,21241 3928,21251 4091,21261 4136,21337 4091,21494 3999,21616 4207,21748 4223,21804 4324,21825 4360,21906 4487,21957 4761,22134 4979,22084 5167,22124 5238,22068 5360,22068 5512,22099 5629,22175 5675,22287 5736,22373 5873,22469 5639,22754 5609,22734 5360,23074 5177,23277
Lübars	Z 5873,22469 5639,22754 5609,22734 5360,23074 5177,23277 5198,23409 5132,23526 5137,23673 5258,23724 5391,23825 5451,23947 5573,23988 5631,24043 5737,24104 6562,24182 6579,24091 6812,24168 6966,24112 7692,24444 7899,24044 8234,23328 8397,22805 8331,22480 8265,22332 8251,22285 7455,22305 6711,22348 6137,22150 5873,22469
Märkisches Viertel	Z 6401,20443 6655,20519 7310,20585 7726,21235 7960,21525 8251,22285 7455,22305 6711,22348 6137,22150 6269,22002 6215,21959 6313,21781 5900,21519 5587,21133 6401,20443
Wittenau	Z 6137,22150 5873,22469 5736,22373 5675,22287 5629,22175 5512,22099 5360,22068 5238,22068 5167,22124 4979,22084 4761,22134 4487,21957 4360,21906 4324,21825 4223,21804 4207,21748 3999,21616 4091,21494 4136,21337 4091,21261 3928,21251 3837,21241 3816,21271 3699,21215 3684,21139 3639,21098 3405,20910 3268,20839 3593,20606 3441,20347 2968,20240 2816,20047 2638,19986 2724,19793 2689,19748 2801,19519 3623,19037 3776,18991 3227,18072 3324,17985 3496,17919 3628,17894 3771,17706 4258,17478 3766,17706 3618,17894 3501,17914 3334,17991 3222,18077 3781,19001 4238,19016 5162,19103 5634,19123 6289,19448 5888,20240 6401,20443 5587,21133 5900,21519 6313,21781 6215,21959 6269,22002 6137,22150
Köpenick	Z 21611,7925 21575,7784 21441,7742 21398,7809 21221,7766 21002,7736 20575,7723 20295,7711 20301,7492 20606,7266 20588,7193 21221,6072 21343,5834 21575,5712 21441,5469 21331,5487 21270,5457 21099,5457 20990,5432 21032,5079 21092,4153 21209,3756 21402,2761 21422,2548 22062,2670 22301,2680 22565,2507 22722,2121 22885,1720 22920,1299 23332,974 23956,1019 24378,806 24748,669 24946,557 25561,684 25815,501 25805,202 26145,-295 26414,-178 26800,95 27166,633 27029,806 27216,1553 27536,1446 27917,1720 28191,1776 28263,2091 28461,2370 28689,2629 28765,2792 28852,2969 28821,3081 28862,3117 28831,3213 28963,3167 29045,3117 29222,3122 29065,3416 28999,3497 27892,3838 25591,4549 25485,4544 25444,4508 25322,4518 25246,4462 25129,4427 25048,4437 24936,4554 24713,4650 24510,4772 24429,4853 24215,4914 24002,5041 23794,5046 23631,5102 23464,5087 23448,5275 23509,5392 23509,5524 23601,5559 23657,5803 23616,5925 23916,6016 23911,6143 24266,6128 24312,6316 24484,6448 24545,6422 25165,6656 25190,6869 25304,7045 25333,7268 25279,7271 25285,7476 24993,7556 24855,7395 24593,7471 24571,7433 24362,7499 24357,7702 24022,7697 23789,7890 22875,8581 22590,8459 22443,8530 22123,8418 21991,8164 21793,8022 21611,7925
Grünau	Z 26145,-295 25805,202 25815,501 25561,684 24946,557 24748,669 24378,806 23956,1019 23332,974 22920,1299 22885,1720 22722,2121 22565,2507 22301,2680 22062,2670 21422,2548 20770,2385 21214,1974 21817,1308 22179,852 22402,557 22753,313 23088,-21 22946,-305 23078,-488 23225,-493 23347,-737 23535,-777 23530,-864 23565,-935 23514,-1026 23517,-1122 23613,-1258 23585,-1532 23639,-1637 23681,-1646 23675,-1821 23772,-1982 23989,-2024 24250,-2304 24297,-2417 24497,-2703 25018,-2118 24713,-1849 25241,-1189 25495,-838 25434,-721 25495,-650 25607,-676 25784,-468 25825,-528 26008,-351 26033,-402 26120,-427 26206,-381 26145,-295
Schmöckwitz	Z 26206,-381 26120,-427 26033,-402 26008,-351 25825,-528 25784,-468 25607,-676 25495,-650 25434,-721 25495,-838 25241,-1189 24713,-1849 25018,-2118 24497,-2703 24494,-2780 24431,-2828 24493,-2970 24525,-3058 24499,-3305 25999,-2418 26323,-2979 26958,-2831 26975,-3388 26924,-3609 27030,-3646 27259,-3668 27248,-3747 27299,-3909 27277,-4161 27232,-4219 26887,-4486 26722,-4854 26746,-4967 26698,-5213 26707,-6142 26615,-6287 26667,-6540 26769,-6703 26934,-6833 27046,-7043 27179,-7059 27233,-7176 27438,-7234 27618,-7138 27675,-7066 27628,-6731 27779,-6375 27942,-6184 27940,-6112 28012,-5711 28135,-5617 28336,-5415 28355,-5272 28406,-5125 28533,-5002 28616,-5014 28571,-4833 28627,-4536 28764,-4281 28844,-4255 28925,-4048 29216,-3901 29474,-3700 29670,-3679 29848,-3764 30016,-3928 30224,-3869 30351,-3950 30369,-3920 30322,-3886 30419,-3842 30404,-3704 30562,-3523 30830,-3039 30910,-2780 30820,-2721 30681,-2751 30779,-2305 30530,-2374 30142,-2131 30025,-2156 29890,-2056 29933,-1904 29990,-1910 30014,-1801 30108,-1915 30334,-1745 30662,-1382 30707,-1196 30765,-1165 30741,-1299 30845,-1235 30997,-992 31061,-1003 31148,-964 31279,-784 31382,-782 31259,-640 31152,-620 30959,-508 30416,-935 29639,-1752 28811,-2458 28161,-2616 27882,-2626 27648,-2438 27140,-1976 27110,-1412 26830,-833 26424,-589 26206,-381
Rahnsdorf	Z 27892,3838 28999,3497 29065,3416 29222,3122 29045,3117 28963,3167 28831,3213 28862,3117 28821,3081 28852,2969 28999,2878 29172,2873 29309,2944 29491,2964 29588,2929 29816,2934 30004,3035 30101,3061 30502,2990 30659,2868 30847,2685 31188,2624 31431,2604 31655,2624 31792,2558 31954,2299 32112,2116 32183,1852 32350,1730 32447,1619 32584,1654 32772,1796 32828,1888 32897,1913 32879,2073 33304,2783 33432,2776 33551,2803 33555,2966 33384,3026 33459,3418 32885,3508 32583,3635 32266,3872 32265,3926 32634,3673 33009,3553 33481,3497 33646,3496 33709,4052 34144,4434 34516,4470 34399,3922 34795,3877 34867,4056 34502,4124 34609,4615 34387,4637 34532,4973 34461,4952 34320,5126 33732,5284 33628,5252 33450,5302 33097,5390 33094,5442 33010,5448 32903,5403 32655,5442 32065,6107 31744,6779 31567,6780 31431,6809 31063,7032 30761,7270 30722,7355 30563,7357 30791,6908 30876,6441 31026,6430 31043,6203 31027,5939 30982,5852 30747,5859 30542,5901 30571,6042 30485,6260 30477,6506 30333,6878 29994,6940 29934,6978 29718,6978 29449,7066 29161,7424 28992,7519 28533,7849 27892,3838
Müggelheim	Z 28852,2969 28765,2792 28689,2629 28461,2370 28263,2091 28191,1776 27917,1720 27536,1446 27216,1553 27029,806 27166,633 26800,95 26414,-178 26145,-295 26206,-381 26424,-589 26830,-833 27110,-1412 27140,-1976 27648,-2438 27882,-2626 28161,-2616 28811,-2458 29639,-1752 30416,-935 30959,-508 31152,-620 31259,-640 31382,-782 31484,-651 31519,-668 31679,-496 31752,-458 31789,-361 31902,-272 31973,-268 32022,-363 32111,-373 32174,-332 32374,-419 32495,-340 32532,-263 32592,-281 32681,-198 32782,-245 32820,-195 32888,-255 33086,-6 33139,26 33138,265 33212,467 33422,610 33337,788 33303,886 33110,978 33036,1186 32815,1553 32803,1652 32897,1913 32828,1888 32772,1796 32584,1654 32447,1619 32350,1730 32183,1852 32112,2116 31954,2299 31792,2558 31655,2624 31431,2604 31188,2624 30847,2685 30659,2868 30502,2990 30101,3061 30004,3035 29816,2934 29588,2929 29491,2964 29309,2944 29172,2873 28999,2878 28852,2969
Friedrichshagen	Z 27892,3838 25591,4549 25485,4544 25444,4508 25322,4518 25246,4462 25129,4427 25048,4437 24936,4554 24713,4650 24510,4772 24429,4853 24215,4914 24002,5041 23794,5046 23631,5102 23464,5087 23448,5275 23509,5392 23509,5524 23601,5559 23657,5803 23616,5925 23916,6016 23911,6143 24266,6128 24312,6316 24484,6448 24545,6422 25165,6656 25190,6869 25304,7045 25422,7055 25402,7291 25544,7292 25519,7324 25553,7842 25747,7827 25925,7991 26273,8122 26703,8416 26741,8480 27068,8424 27596,8196 27766,8022 28047,7893 28135,7887 28359,7969 28370,7903 28533,7849 28540,7844 28533,7849 27892,3838
Mahlsdorf	Z 22875,8581 23789,7890 24022,7697 24357,7702 24362,7499 24571,7433 24593,7471 24940,7947 24732,8039 24825,8601 25810,10011 25517,10071 25420,10129 25603,10710 25726,11455 25974,12072 26249,12503 26620,12883 27433,13494 27658,13716 27528,14152 26982,14108 26624,14129 26416,14186 25828,14188 25434,14118 25439,14022 25149,13742 25177,13718 24591,13004 24362,12542 24093,12140 23942,11977 23652,11272 23565,10988 23448,10658 23464,10272 23149,9591 22981,9632 22819,9368 22986,9241 22925,9002 22788,8794 22925,8667 22875,8581
Hellersdorf	Z 25149,13742 25098,13787 24989,13708 24902,13787 24682,13866 24549,13750 23575,13942 23365,12712 23068,12635 23039,12679 22280,12071 21922,12032 21922,12184 22172,13043 22172,13433 22276,13659 22562,14055 22666,14104 22739,14213 22714,14354 22763,14603 22538,15000 22410,15079 22367,15146 22343,15329 22349,15517 22458,15694 22574,16048 22690,16274 22759,16226 24994,15672 25968,15553 26210,15501 26242,15391 25893,14754 25631,14973 25577,14945 25348,15006 25426,14591 25378,14536 25411,14273 25434,14118 25439,14022 25149,13742
Kaulsdorf	Z 25149,13742 25177,13718 24591,13004 24362,12542 24093,12140 23942,11977 23652,11272 23565,10988 23448,10658 23464,10272 23149,9591 22981,9632 22819,9368 22986,9241 22925,9002 22788,8794 22925,8667 22875,8581 22590,8459 22443,8530 22123,8418 21991,8164 21793,8022 21611,7925 21587,8083 21416,8223 21288,8412 21313,8948 21447,9247 21496,9491 21563,9588 21654,9832 21666,10033 21593,10289 21648,10514 21782,10612 21861,10740 22141,10783 22227,10868 22276,11014 22330,11276 22294,11422 22081,11617 21910,11855 21922,12032 22280,12071 23039,12679 23068,12635 23365,12712 23575,13942 24549,13750 24682,13866 24902,13787 24989,13708 25098,13787 25149,13742
