#: #: -*- coding: iso-8859-1 -*-
#: title: Abweichung des Kfz-Verkehrs von der Straßenkategorie
#:
B96 Oranienburg - Abzweig nach Grüneberg: viel Verkehr	+1 -1864,43042 -1943,43360 -2602,45078 -2631,45150 -2715,45284 -3168,45996 -3962,47034 -4284,47803 -4587,48481 -5125,48725 -5719,48993 -6068,49150 -6042,49596 -6042,49937 -6459,50093 -6671,50534 -6548,51220 -6563,51290
für eine Bundesstraße sehr ruhige Straße	-2 46564,76483 46926,76762 46925,76792 46849,76858 46820,76962 46884,77326 47087,77557 47117,77681 47187,78531 47170,78686 46902,80280 46879,80401 46691,80813 46448,81530 46410,82013 46505,82340 46661,82722 46743,82844 47081,83093 47089,83300 47137,83456 47428,83799 47778,84572 48176,84999 48204,85121 48185,85197 48165,85228 48116,85298 48092,85567 48075,85756 48162,86912
für eine Bundesstraße relativ ruhige Straße	-1 48624,87416 48772,87442 48856,87456 49112,87743 49525,88337 49743,88576 49939,88985 49935,89343 49930,89857
relativ ruhig	-1 31581,37911 31613,37843 31663,37734 32854,37244 33877,36906 34072,36841 34145,36854 36000,36534 36215,36497 36307,36503 36359,36493 36523,36465 36605,36450 37641,36894 37790,37032 38171,37238 38986,37512 39156,37578 39402,37410
B109 bis Wandlitz: besonders am Wochenende starker Verkehr	+1 13345,27187 13378,27325 13389,27440 13356,27581 13028,27641 12913,27641 12871,28012 12352,29576 12362,29651 12466,30452 12560,31435 12635,32221 12473,33109 12463,33159 12395,33537 12307,34017 12207,34503 12056,34918 12025,35002 11964,35230 12006,35572 12191,35674 12572,35866 12644,35950 12815,36368 12839,36428 12854,36464 12887,36543 13546,37474 13894,37979 14367,38641 14433,38733 14498,38870 14517,39074 14538,39303 14593,39903 14630,40076 14664,40223 14701,40362
B158: starker Verkehr	+1 24203,22171 24196,22163 24114,22074 24010,21960 23973,21919 23930,21873 23741,21626 23565,21396 23285,21067 23026,20493 22986,20408 22551,19476 22525,19420 22475,19310 22418,19268 22092,19121 21975,19068 21821,19021 21558,18947 21442,18880 21434,18875
Gitschiner: starker Verkehr	+1 9948,10280 9873,10285
Gitschiner/Skalitzer Str.: starker Verkehr	+1 9865,10227 9948,10280 10122,10294 10363,10303 10605,10312 10708,10312 10871,10322 10975,10334 11117,10326 11130,10326 11316,10372 11335,10375
Kanalstraßen, südliches Ufer: starker Verkehr	+1 6873,11011 7002,11034 7089,11073 7248,11143 7461,11051 7579,11032 7747,11075 7980,11070 8104,11037 8205,10979 8328,10831 8358,10782 8371,10769 8430,10710 8527,10621 8644,10408 8661,10377 8724,10327 8810,10305 9146,10284 9368,10211 9416,10196 9472,10182 9599,10175 9687,10180 9825,10206 9865,10227
Kanalstraßen, nördliches Ufer: starker Verkehr	+1 9873,10285 9593,10238 9492,10226 9404,10250 9239,10313 9158,10342 9028,10371 8995,10370 8953,10366 8919,10360 8824,10366 8771,10381 8701,10428 8581,10663 8541,10714 8443,10780 8390,10835 8378,10858 8342,10916 8261,11015 8241,11024 8102,11099 8000,11137 7828,11133 7690,11108 7595,11086 7492,11111 7419,11137 7322,11177 7253,11208 7160,11225 7115,11220 7004,11168 6880,11110
Leipziger Str.: starker Verkehr	+1 9569,11631 9444,11616 9268,11590
Leipziger Str.: starker Verkehr	+1 9268,11590 9058,11564
Modersohnstr./Gärtnerstr.: starker Verkehr	+1 13919,10583 14011,10812 14024,10861 14026,10869 14043,10928 14076,11057 14096,11134 14134,11272 14181,11434 14211,11552
Corinthstr.	+1 14011,10812 14170,10675
Wühlischstr.	-1 13651,11731 13895,11663 13954,11647 13996,11631 14065,11605 14211,11552
Wühlischstr.	-1 14575,11407 14674,11370 14737,11347 14759,11339 14771,11345
Jessnerstr.	+1 15077,11910 15110,12107
Kreuzbergstr.	-1 9248,9350 9211,9354 9154,9347 8970,9323 8769,9295 8598,9269
Bergmannstr.: Lieferverkehr, aber 20er-Zone	+1 9248,9350 9309,9347 9489,9309 9505,9306 9632,9280 9689,9266 9753,9252
Möckernstr.	+1 8824,10366 8878,10514 8926,10626 8941,10663 9022,10857
Großbeerenstr.	+1 8970,9323 9000,9509 9047,9750 9078,9916 9111,10090 9146,10284 9158,10342
Baerwaldstr.	+1 10198,9405 10306,9640 10361,9755 10405,9795
Baerwaldstr.	+1 10357,9807 10361,9755
Wiener Str.	-1 11949,10414 12169,10310 12243,10274 12341,10218 12464,10153 12507,10130 12671,10042 12814,9966
Friesen/Zossener Str.	-1 9801,8683 9801,8889 9799,8962 9797,9063 9795,9162 9793,9241 9753,9252 9759,9307 9767,9386 9790,9528 9820,9718 9837,9856 9827,10051
Württembergische/Schlüterstr.	+1 4415,9343 4374,9409 4381,9620 4398,9723 4422,9869 4439,9983 4456,10092 4478,10218 4485,10307 4496,10504 4513,10702 4521,10850 4532,11042 4546,11217 4558,11366 4574,11587 4502,11740
Alt-Stralau/Kynaststr.: starker Verkehr	+1 14558,10264 14619,10223 14652,10201 14738,10317 14766,10372 14797,10476 14805,10518 14828,10628 14880,10808 14902,10859 14928,10970 14950,11049 14988,11130
Alt-Stralau/Kynaststr.: etwas stärkerer Verkehr	+1 14805,10518 14815,10516 14832,10512 14828,10561 14843,10621 14882,10732 14886,10748 14904,10812
Hirschberger Str.	+1 14988,11130 15021,11152 15056,11138 15102,11120 15205,11080
Oranienburger bis Spandauer Str.	-1 9225,13389 9293,13366 9371,13333 9415,13315 9476,13293 9611,13245 9771,13182 9786,13178 9938,13114 10000,13079 10105,13004 10117,12973 10132,12941 10166,12777 10260,12831 10308,12859
Oranienburger	-1 10264,13097 10220,13098 10074,13103 10014,13108 9938,13114
Teufelsseechaussee	-1 -886,9447 -817,9533 -697,9598 -471,9647 -324,9701 -232,9768 -153,9854 -103,9934 -75,10017 -57,10103 -1,10327 41,10501 96,10701 194,10846
Matterhornstr.	+1 -1161,3252 -1187,3264 -1360,3314 -1536,3314 -1628,3311 -1706,3311 -1782,3311 -1855,3308 -1892,3316 -1981,3353 -2096,3402 -2137,3408 -2245,3378 -2350,3312 -2381,3297 -2529,3220 -2587,3185 -2642,3135 -2709,3104 -2867,3045 -3023,2965 -3118,2913 -3139,2900
Strausberg - Tiefensee: eher ruhige Hauptstraße	-1 43343,21459 43363,21629 43345,21745 43266,21790 43109,21939 42959,22368 42950,22546 42404,22684 42021,22780 41887,22959 41553,23243 41315,23410 40956,23662 40655,25779
relativ starker Verkehr	+2 22771,16194 22974,16139 23162,16095 23565,15993 23895,15904 23965,15894 23992,15894 25007,15650 25528,15587 25866,15543 25955,15531 26071,15470 26175,15461 26336,15473 26493,15515 26532,15526 26908,15630
relativ reger Verkehr	+1 30118,16565 30309,16639 30335,16649 30551,16732 30837,16843 30953,16916 31381,17182 31456,17231 31485,17246 31887,17453 31908,17520 31917,17597 32003,17810 32096,18020 32125,18092 32206,18073 32239,18096 32293,18093
Wetzlarer Str.	+1 -9088,-3962 -9047,-3889 -9015,-3831 -8997,-3762 -8943,-3646 -8846,-3474 -8500,-2856
	+2 45856,14437 45349,14512 45145,14492 44106,14616 43743,14634 43264,14436 43162,14428 42996,14793 42578,15750 42521,15751 42300,15756 41681,15915
Eiche	+1 22709,19109 22726,18834 22860,18555 22868,18538 22887,18465 22916,18354 22931,18295 22993,18088 23032,17941 23036,17919 23045,17856 22894,17786 22863,17742 22903,17623 22942,17503 22975,17404 22993,17299 23024,16780 23015,16751 22889,16350 22809,16240 22771,16194
	+1 22418,19268 22685,19122 22709,19109 23091,18928 23194,18879 23315,18836 23579,18772 23700,18746 24484,18569 24540,18556 24611,18618 24665,18624 24696,18606 24709,18578 24725,18521 24946,18375 25002,18407 25232,18413
	-2 27256,19887 27278,19874 27751,19608 27774,19409
	+2 30021,18559 31348,18402 31390,18409 31444,18448 31748,18669
	+1 30021,18559 28750,18501 28697,18498 27803,18459
	-2 41283,91630 41198,91796 41200,91922 41162,92056 40988,92157 40882,92266 40768,92550 40765,92831 40825,93006 40933,93148 40968,93287 40974,93405 40895,93692 40900,93912 40962,94046 40973,94201 40992,94288 41063,94565 41001,94814 41000,94881 41104,95022 41181,95200 41311,95284 41354,95414 41438,95503 41566,95575 41693,95606 41768,95706 41960,95797 42088,95894 42111,95908 42190,95947 42269,96049 42330,96209 42363,96260 42432,96312
	-1 42432,96312 42610,96416 42709,96529 42921,96690 42934,96700 43009,96735 43612,96993 44588,96894 44825,96893
	-2 45923,97874 46424,98203 46693,98100
	-1 47047,99449 47055,99536 47059,99593 47093,99775 47299,100588 47325,100775 47331,100950 47353,101087
	-2 53527,102597 53396,102754 53266,102656
	+1 49446,110392 49487,110056 49638,109926 50293,109046 50419,108545
	-2 16404,10286 16423,10259 16492,10163 16539,10097
	-2 15758,10578 16148,10329 16353,10207 16539,10097 16734,9990 16811,9937 16878,9875
	-1 16900,9861 16925,9852 16984,9857 17383,9719
	-1 18387,10070 18411,10037 18397,9928 18305,9951
	+1 9448,10014 9355,10038 9277,10057 9111,10090
	+1 12822,12067 12735,12131 12573,12227 12532,12150 12295,12197
	+1 12543,11521 12310,11682 12204,11748
	+1 11393,10390 11291,10438 11145,10510 11121,10521 11100,10530 10944,10606 10776,10682
	-1 11141,9732 11186,9861 11175,9882 11164,9885 11136,9851 11089,9751
	+1 11443,10394 11476,10357 11616,10288 11829,10192 12048,10097 12229,10014 12398,9938 12556,9862 12714,9792
	+1 -12571,-581 -12545,-698 -12529,-789 -12515,-889 -12512,-911 -12575,-1031
	+1 -12575,-1031 -12774,-1065 -12881,-1092 -12961,-1105 -12973,-1106 -13187,-1150 -13272,-1168 -13305,-1176 -13392,-1196 -13516,-1225
	+1 -12877,-655 -12872,-565 -12868,-502 -12865,-425 -12861,-330 -12846,-164 -12840,-69
Cremzow - Baumgarten: so gut wie kein Kfz-Verkehr	-2 51178,106442 50981,106368 50612,106256 50332,106076 49668,105493 49418,105412 49231,105243 48762,104987 48487,104862 48381,104856 47681,105037 47200,105150 47062,105206 46856,105462 46668,105493 45924,105451 45906,105450
Angermünde - Passow	-1 49584,69540 49592,69697 49606,69756 49637,69814 49907,70078 50011,70186 50065,70218 50141,70273 50209,70365 50366,70641 50403,70684 50403,70708 50401,70720 50396,70758 50387,70821 50364,71163 50494,71376 50553,71528 50647,71605 50737,71765 50781,71806 50871,71874 50978,71956 51075,72040 51437,72537 51580,72677 51657,72729 51971,72800 51900,73106 51900,73268 51943,73721 51781,73853 51987,74831 52018,74907 52483,75441 52909,76003 53312,76587 53555,77037 53868,77304 54146,77628 54332,77932 54433,78070 54546,78214 54789,78557 54850,78692 54850,78769 54868,79164 54868,79271 54850,79357 54760,79521 54391,80211 54213,80545 54692,80787 55233,81061 56048,81804 56239,82049 56461,82273
Kielblockstr.: Sackgasse	-2 15433,12686 15546,12690
Am Buckersberg/Ostweg: Kolonieweg, kaum Kfz-Verkehr	-2 16048,3978 16090,4021 16234,4171 16357,4346 16382,4381 16445,4454 16483,4505 16518,4551 16547,4590 16604,4668 16781,4910
kaum Kfz-Verkehr	-2 45782,71946 45759,72515 45683,72646
wenig Kfz-Verkehr	-1 45683,72646 45651,72706 45595,72753 45557,72838 45503,72909 45468,73067 45425,73282 45273,73431 45178,73581 45098,73740 45178,73830 45193,73919 45141,74055 44912,74243 44857,74294 44571,74470 44344,74590 44297,74757 44356,74890 44412,74962 44403,75026
Simon-Bolivar-Str.: relativ stark befahren	+1 15774,14992 15856,14915 15944,14836 16033,14756 16128,14685 16281,14604
Zechliner Str.: relativ stark befahren	+1 16281,14604 16314,14361
Bizetstr.: relativer starker Verkehr	+1 13409,15687 13456,15760 13524,15786 13540,15792 13572,15804 13665,15840 13867,15915 14056,15985 14248,16058 14295,16076 14552,16171
Seecktstr.: kein Durchgangsverkehr	-1 -4299,13304 -4123,13214 -4098,13201 -4046,13177 -4017,13167
Rungiusstr.: sehr wenig Verkehr	-1 13158,5490 13136,5593 13116,5689 13105,5748 13077,5893 13064,5953 13027,6168 12997,6290 12981,6366 12979,6374 12965,6430
Tanklager Seefeld: bis auf ein paar Tanklastzüge sehr ruhig	+1 26764,23083 26860,22984 27428,23161 28267,23147 28563,23176 28936,23307
Eiskeller - Schönwalder Allee: eingeschränkter Autoverkehr	-1 -6782,20818 -7102,20371 -7586,20088 -7593,19872 -7943,19710 -7980,19689 -8016,19641 -8018,19562 -7964,19490 -8011,19059
Krampnitzer Weg: manchmal etwas mehr Verkehr	+1 -9015,4978 -8806,4957 -8634,4921 -8450,4919 -8415,4918 -8293,4915 -8098,4899 -7797,4850 -7643,4846 -7582,4850 -7529,4853 -7519,4843
Lansstr.: wenig Autoverkehr	-1 3054,5677 2958,5598 2864,5526 2792,5471
Robert-von-Ostertag-Str.: sehr wenig Autoverkehr	-2 -613,1949 -745,2320
Kalksteinweg: 30er Zone, wenig Verkehr	-1 10631,1975 11181,1884 11205,1776 11207,1737 11200,1677
	-2 12092,11475 12050,11511 12031,11529 12010,11545
	-2 12010,11545 11947,11398
Lessingstr.: ab Kreisverkehr etwas mehr Verkehr	+1 -12659,104581 -12122,104267 -12062,104131
	-1 8825,14401 8992,14176 9070,14058
Odinstr.: Sackgasse (Teile)	-1 18006,9335 17898,9564 17890,9580 17866,9639
Hennensteig: verkehrsarme Nebenstraße, nur Anwohnerverkehr	-2 15860,156 15760,253 15654,440 15606,529
Katteweg: wenig Verkehr	-2 -3024,1069 -3115,1189 -3248,1330 -3308,1377
Tulpenstr.: sehr wenig Autoverkehr	-2 3587,4514 3775,4632 3795,4644 3815,4657 3991,4773 4116,4850 4193,4897 4209,4908
Oettingstr.: kaum Verkehr	-2 21828,5623 21907,5517
Cardinalstr.: kaum Verkehr	-2 21706,5541 21828,5623 21901,5728
Joachimstr. (Köpenick): viel Verkehr für die enge Straße	+1 21789,5427 21907,5517 22009,5593
Degnerstr.	+1 16497,15636 16469,15659 16537,15827 16559,15896 16616,16046 16653,16150 16692,16253 16806,16496 16849,16551 17014,16724
Lindenberger Str.	+1 18007,18938 18055,19106 18060,19146 18071,19227 18106,19353 18118,19394 18202,19663 18294,19935 18328,20043 18515,20587 18593,20823 18591,20898
Sommersdorf - Wartin	+1 61351,98696 61391,98506 61393,98356 61380,98335 61328,98250 61139,97940 61124,97528 60904,97309 60643,96937 60388,96048 60339,95950 60084,95438 60051,95374 59993,95092 59905,94908
Wartin - Casekow	+1 59905,94908 60033,94859 60118,94772 60292,94568 60383,94365 60734,93562 60993,92968 61500,92543 61851,91842 61950,91675 63000,90800 63103,90716 63156,90694 63292,90667 63329,90655 63491,90572
Casekow - Woltersdorf	+1 63491,90572 63412,90361 63296,90222 63379,90164 63500,89978 63789,89450 63797,89389 63814,89247 63826,89135 63928,88223 64007,87773 64113,87461 64187,87200
Schwedt - Woltersdorf	+1 69825,78884 69565,79460 69388,79825 69431,80070 69356,80336 69349,80357 69335,80430 69327,80622 69225,80828 69125,81526 69131,82056 69061,82123 68848,82126 68798,82097 68711,82056 68613,82098 68217,82212 68085,82295 68034,82327 67346,82442 67117,82489 66943,82495 66940,82666 66998,82800 66926,82910 66892,83009 66779,83230 66368,84010 66258,84192 66170,84327 66081,84462 65865,84792 65384,85315 65085,86023 64716,86611 64625,86755 64402,86855 64137,87068 64187,87200
Freienwalder Str. (Wedding): kaum Autoverkehr	-1 9331,16624 9435,16832 9503,16988
Normannenstr.: Busverkehr	+1 19955,1502 19981,1397
Am Stichkanal: LKW-Lieferverkehr	+1 2515,1131 2535,1102 2673,975 2744,906 2699,821 2672,725 2736,645 2225,169
Gelsenkircher Str.: wenig Autoverkehr	-1 -5600,15214 -5361,15195 -5251,15185 -5135,15172
Maurerweg: wenig Autoverkehr	-1 12864,2191 12844,2382 12835,2470 12825,2573 12810,2751 12807,2958
Karlshof - Rotberg: sehr wenig Autoverkehr	-2 20255,-7591 19990,-7539 19817,-7484 19750,-7463 19148,-7283 18977,-7233 18776,-7117 18641,-6953 18537,-6829
Karlshof - Ragow: sehr wenig Autoverkehr	-2 20255,-7591 20201,-7713 20190,-7734 20000,-8121 19124,-9290 19092,-9677 19259,-9712 19928,-9616 19958,-11180
Karlshof - Ragow: wenig Autoverkehr (Zufahrt zum Modellflugplatz)	-1 19958,-11180 20127,-12521
Reuterstr.: stärkerer Autoverkehr	+1 12150,8764 12165,8566 12166,8557 12195,8436
Prießnitzstr.: sehr ruhig	-1 11351,19169 11407,19186 11549,19258
Blenheimstr.: ruhige Straße in 30-km/h-Zone	-1 20473,15329 20565,15271 20615,15237 20688,15187 20689,15175 20811,15175 20910,15176 20977,15177 20978,15129
Rufacher Weg: starker Verkehr insbesondere während Stoßzeiten trotz 30-km/h-Zone	+1 12207,1704 12179,1758 12160,1817 12245,2023 12286,2065 12489,2105 12582,2122 12738,2162
Rosa-Luxemburg-Str.: noch immer teilweise Hauptstraßencharakter	+1 10755,13152 10846,13362 10852,13377 10828,13464 10797,13575 10777,13614 10741,13685
Gartenstr. (Mitte, Gesundbrunnen): auch im Rechts-vor-Links-Bereich relativ viel Verkehr	+1 9670,13637 9535,13801 9514,13826 9383,13986
Gralsburgsteig: kaum befahrene Straße	-1 2164,25190 2206,25260 2038,25531 1950,25763 1921,26019
Feldstr. (Ahrensfelde): verkehrsreich	+1 21871,18887 21868,18896 21821,19021
Pestalozzistr.: ruhige Straße, sehr wenig Verkehr, Tempo-30-Zone	-1 10532,18601 10409,18551 10342,18528 10126,18444 10075,18472
Auerswaldstr.: ruhige Straße	-1 19498,1465 19638,1436 19768,1413 19817,1404
Engadiner Weg: kaum Autoverkehr	-1 3716,2063 3818,2070 3851,2148 3805,2196
Am Seeschloß: Nur Anliegerverkehr	-2 4757,23184 4750,23211 4713,23254
Rheingoldstr.: ruhige Straße	-1 18903,9244 18961,9109 18983,9044 19007,8986 19059,8863 19073,8828
Rheingoldstr.: ruhige Straße	-1 19145,8659 19157,8627 19206,8514 19275,8419
Fürstenstr. (Zehlendorf): sehr ruhige Anwohnerstraße	-2 -391,2914 -426,2978 -495,3113 -530,3241 -506,3434 -478,3509
Kurfürstenstr.: etwas stärkerer Verkehr	+1 9275,4672 9047,4686 8959,4686 8848,4683 8546,4629 8477,4615 8345,4587 8318,4566 8105,4384
Ullsteinstr.: etwas stärkerer Verkehr	+1 8813,5004 8934,5095 9076,5160 9206,5193
Lange Enden: tagsüber Lkw-Verkehr	+1 4732,21271 4660,21250 4525,21212 4376,21170
Lange Enden: tagsüber Lkw-Verkehr	+1 4660,21250 4708,21235 4719,21232
Bahnhofstr.: stärkerer Verkehr	+1 13590,20705 13403,20686 13269,20660 13089,20626 12909,20592 12880,20610 12835,20637 12821,20646 12814,20648 12723,20691 12672,20720 12600,20742 12578,20749 12553,20757 12462,20785 12434,20809 12337,20954 12298,21015 12257,21079 12202,21158 12166,21208
Bahnhofstr.: stärkerer Verkehr	+1 12158,21166 12202,21158
Domnauer Str.: Straße wird nur durch Anwohner befahren	-1 7832,5955 7817,5719 7816,5682 7816,5519
Buchsbaumweg: breit, wenig Verkehr	-1 17567,1942 17533,1986 17440,2068 17289,2224 17102,2420 17027,2495 16982,2547 16905,2603 16738,2717
Solferinostr.: Wohngebiet, kaum Verkehr	-1 5537,18309 5415,18316 5423,18438
Feuerbachstr.: stärkerer Verkehr	+1 5582,6360 5560,6344 5390,6299 5244,6261
An der Heilandsweide: 30er Zone, sehr ruhiger Bereich	-1 8070,1261 8203,1194
Karmeliterweg: wenig Autoverkehr	-1 854,24387 1033,24429 1156,24494 1250,24533 1330,24553 1410,24562 1458,24561 1634,24527 1742,24526
Karmeliterweg: wenig Autoverkehr	-1 1745,24546 1797,24562 1852,24593 1878,24619
Karmeliterweg: wenig Autoverkehr	-1 1868,24633 1924,24672 2003,24702 2120,24740 2174,24783 2222,24884 2245,25016
An der Industriebahn: erhöhter Lkw- und Kleintransporter-Verkehr	+1 14153,17670 14168,17522 14166,17241 14174,17226
Glauberstr.: wenig Autoverkehr	-1 5556,984 5455,1150 5421,1205 5411,1259
Hintersee - Löcknitz: relativ wenig Autoverkehr, jedenfalls zwischen Rothenklempenow und Abzweig Boock	-1 66135,136956 66282,136950 66525,136949 66712,136767 66874,136670 67109,136572 67217,136483 67330,136163 67385,135946 67525,135724 67379,135216 66598,134671 66414,134436 66236,133947 65976,133649 65706,133604 65582,133468 65560,133122 65329,132574 65283,132355 65265,131968 65205,131655 65316,131322 65249,130828 65078,130592 65037,130437 64824,130218 64783,129948 64887,129552 64524,128826 64515,128729 64506,128628 64410,128486 64211,128193 62542,124736 62428,124581 62361,124092 62174,122991 62205,122535 62374,122080 62516,121904 63091,121004 63205,120623 62897,120091
Friedberg - Rothenburg: für die enge Straße relativ viel Autoverkehr	+1 50039,125006 50332,124929 50374,125000 50464,125053 50811,125212 51579,125130 51979,125676 52795,125593 52841,125596 53008,125606
Rothenburg - Krugsdorf: für die enge Straße relativ viel Autoverkehr	+1 53220,125907 53357,125706 53607,125609 53644,125557 54101,125554
Koblentz - Rothenklempenow: für die enge Straße relativ viel Autoverkehr	+1 58633,125070 58857,125070 59178,124971 59378,124816 59460,124676 59952,124197 60412,123645 60377,123508 61256,123397 61552,123556 61651,123671 62163,123976 62250,124114
Sägebockweg: kaum Verkehr	-1 15799,22787 15850,22905 15918,23065 15958,23142 16002,23208
Freienbrinker Saum: wenig Autoverkehr	-1 30124,4664 30254,4692 30369,4697 30478,4715 30527,4724 30588,4720 30636,4717 30686,4731 30810,4765 30857,4770 30913,4766 31011,4750 31118,4768 31209,4781 31224,4775 31311,4742
Freienbrinker Saum: nur Anliegerverkehr	-2 31311,4742 31339,4726 31364,4711 31424,4658
Flottenstr.: starker LKW-Verkehr	+1 6392,19142 6680,19098 6960,19047 7329,18996
Zerpenschleuser Ring: viel LKW-Verkehr	+1 7781,21812 7911,21908 7957,22007 7925,22113 7821,22181 7722,22157 7594,22068
Am Sandhaus: wenig bis kein Autoverkehr	-1 14996,25694 15178,25799 15208,25807 15580,25891 15990,25921 16011,25934
Richard-Willstätter-Str.: abends mehr Verkehr, viele zu schnell fahrende Autos	+1 19592,2462 19794,2629 19983,2795
Klenzepfad: ruhige Nebenstraße	-1 6086,18162 6304,18197 6314,18295 6339,18638 6329,18663 6306,18673
Askaloner Weg: oft kürzen Pkws hier ab	+1 2402,24687 2407,24657 2384,24603 2311,24546 2262,24505
Privatstr. 5: im Vergleich zu den parallel verlaufenden Privatstraßen verstärkt von PKW und LKW als Durchfahrtsstr genutzt	+1 16951,17055 17025,17069 17119,17071 17141,17070 17160,17068 17231,17055 17317,17027
Rothariweg: Wohnstraße, kaum Durchgangsverkehr	-1 8292,6331 8290,6191 8291,6048
Lahmertstr.: vergleichsweise ruhige Anwohnerstraße, wenig Durchgangsverkehr	-1 22328,2084 22236,2029 22220,2018 22130,1961
St.-Galler-Str.: wenig befahrene 30er Zone	-1 6418,18491 6584,18474 6597,18473 6704,18462
Kösterstr.: "verkehrsruhig"	-1 -134,2098 -73,1847
Zingergraben: ganz selten Anliegerverkehr	+1 8993,19595 9039,19486
Filchnerstr.: kaum Verkehr, da Einfamilienhäuser	-1 -9856,-1312 -9826,-1179 -9809,-1075 -9769,-950 -9695,-867 -9628,-810
Hohefeldstr.	+1 3022,24393 3127,24253 3216,24135 3308,24009 3487,23765
Thiemannstr./Teupitzer Str.	+1 13528,7817 13616,7949 13663,8011 13724,8090 13805,8193 13875,8282 13939,8228 13968,8270 13997,8580 14011,8787
Heidelberger Str.: Ausweichstrecke um die Kreuzung Kiefholzstr./Elsenstr.	+1 14011,8787 13837,8932 13664,9073
Donaustr./Böhmische Str.	+1 12765,8435 12856,8344 12884,8305 12911,8232 12960,8246 12995,8213 13060,8148 13070,8138 13147,8056 13240,7966 13309,7911 13345,7900 13441,7874 13471,7864 13528,7817 13570,7736 13566,7649
Schudomastr.	+1 13566,7649 13583,7642 13673,7611 13785,7520 13815,7490 13887,7416
Hertzbergstr.	+1 13474,8060 13441,7874 13423,7757 13416,7712
Ziegrastr./Dieselstr.	+1 14174,7505 14236,8077 14202,8083 14121,8147 13968,8270
Steinstr.	+1 -7055,-3120 -7061,-3090 -7106,-3051 -7115,-3034 -7266,-2736 -7371,-2543 -7400,-2492 -7426,-2478 -7697,-2430 -7751,-2420 -7870,-2400 -7909,-2375
Neu Zittau - Wernsdorf	+1 33638,-1495 33611,-1521 33431,-1566 33327,-1615 32924,-1809 32338,-2273 31542,-3094 31492,-3156 31260,-3484 31171,-3550 30934,-3651 30893,-3670
Matthieustr.: kaum Autos	-1 11235,22590 11176,22526 11108,22445
Marie-Curie-Allee	+1 16751,10674 16751,10696 16861,10923 16967,11162 17070,11375 17208,11658
Einbecker Str./Robert-Uhrig-Str.	+1 16958,11778 16977,11769 17020,11748 17169,11677 17208,11658 17275,11626 17341,11595 17609,11467 17734,11408 17732,11374 17730,11330 17725,11228 17719,11092
Zachertstr.	+1 17848,11204 17807,11219 17725,11228 17587,11238 17500,11252 17322,11296 17248,11317 17155,11348 17070,11375 17037,11383 17006,11391 16948,11409 16856,11438 16730,11480
Titiseestr.: starker Busverkehr	+1 5098,22326 5140,22342 5237,22345 5376,22350 5429,22359 5485,22396 5517,22432 5517,22487 5484,22564 5420,22692
Roelckestr.	+1 13904,17325 13832,17232 13812,17206 13754,17133 13581,16968 13272,16672 13104,16522 13033,16387 12943,16214 12890,16121 12842,16032 12817,15985
Hosemannstr.	+1 12817,15985 12783,15921 12762,15882 12721,15807
Reglinstr.: Nur Anliegerverkehr	-1 7518,5753 7659,5735 7771,5723
Johannes-Itten-Str.: wegen Poller für Kfz normalerweise nicht befahrbar	-2 12797,16983 12850,16911 12813,16884
Ernst-Fürstenberg-Str.: Schranke, nicht für den normalen Kfz-Verkehr befahrbar	-2 13091,14075 13081,14090 13049,14141
Straße R: Anlieger frei	-1 -204,16162 -269,16241 -312,16288 -386,16347 -460,16408 -542,16475 -632,16541 -719,16608 -784,16658 -792,16659
(Uferweg am Hohenzollernkanal)	-2 1737,15789 1349,15797
Innovationspark Köpenick	+1 21810,7749 21696,7674 21620,7647 21592,7640 21572,7635 21540,7630 21497,7597 21475,7500 21484,7326 21490,7197 21491,7182 21505,7129 21572,7051 21683,6946
Innovationspark Köpenick	+1 21475,7500 21341,7487 21153,7393 21050,7341 21019,7340
Schleiengang [16 15 14]: Anlieger frei	-2 30699,3278 30613,3298
Boenkestr.: wenig befahren	-1 14756,23622 14630,23438 14611,23410 14539,23306 14314,22944 14276,22914 14246,22900 14185,22803 14109,22714 14057,22617 13983,22513
Privatstr. 10: Anliegerstraße, wenig Verkehr	-1 17182,17375 17167,17331 17162,17294 17153,17221 17146,17147
Privatstr. 10: Anliegerstraße, wenig Verkehr	-1 17125,17147 17119,17071
Privatstr. 10: Anliegerstraße, wenig Verkehr	-1 17167,17145 17160,17068
Privatstr. 10: Anliegerstraße, wenig Verkehr	-1 17141,17070 17134,16988 17129,16922 17120,16849 17117,16785
Straße 22: breite Seitenstraße, kaum Verkehr	-1 3232,18868 3307,18814 3526,18653
Bertiniweg: kaum Kfz-Verkehr	-2 -12542,1959 -12383,1919 -12335,1928
(Bertiniweg - Fliederweg): kaum Kfz-Verkehr	-2 -12689,1693 -12629,1630 -12627,1487
Fliederweg: kaum Kfz-Verkehr	-2 -12603,1443 -12627,1487 -12928,1652
Lutherstr. (Potsdam): wenig Verkehr	-1 -10332,-1653 -10368,-1622 -10449,-1588
Hämmerlingstr.: verstärkter Verkehr, auch an Wochenenden	+1 21683,6946 21705,6931 21774,6880 21833,6810 21861,6719 21913,6554 21984,6317 22000,6245 22033,6144 22075,5996 22083,5899 22084,5877 22089,5782 22092,5673 22095,5585
Annenallee	+1 22009,5593 22095,5585
(Am Gartenstadtweg - S-Bhf. Altglienicke/Paradiesstr.): kaum Kfz-Verkehr	-2 21527,547 21368,478 21275,389
Arendsweg	+2 17254,14451 17261,14406 17182,14394 17183,14358 17198,14269
(Zufahrt IKEA)	+2 18166,14277 18058,14269 17979,14247 17808,14226 17668,14208 17330,14163 17264,14176 17229,14183 17208,14209 17198,14269
Pyramidenring	+1 18166,14277 18247,14241 18354,14195 18382,14183 18483,14139 18685,14184 18710,14212 18610,14521 18591,14573 18553,14678
Hemmingstedter Weg: ruhige, wenig befahrene Nebenstraße	-1 -2266,22101 -2082,22074 -1823,22036 -1778,22027
Schulzendorfer Str. (Heiligensee)	+1 -656,23011 -700,22998 -728,22990 -774,22977 -919,22943 -1104,22898 -1246,22864 -1309,22848 -1538,22800
Am Dachsbau	+1 -1281,23746 -1328,23580 -1349,23497 -1392,23342 -1410,23283 -1425,23222 -1440,23163 -1500,22940 -1506,22923 -1538,22800 -1561,22649 -1581,22553 -1602,22422 -1633,22239 -1641,22189 -1647,22153 -1654,22119
Rudelsburgstr.	+1 12814,20648 12835,20670 12865,20684 13165,21144 13204,21203 13255,21282 13371,21462 13413,21528 13479,21633 13545,21738 13601,21826 13643,21901 13687,21993 13748,22093 13766,22119 13780,22141 13845,22231
Dianastr.	+1 3744,21854 3771,21910 3855,22055 3970,22215 3985,22236 4032,22374 4050,22428 4119,22634 4146,22701 4172,22722 4238,22734 4337,22753
Dannenwalder Str.	+2 6279,20587 6375,20579 6408,20603 6439,20632 6445,20636 6904,20692 7080,20713 7171,20729 7255,20793 7280,20895 7251,21202
Am Bahndamm: Zufahrt zum Parkhaus des Forums Köpenick	+1 22365,6149 22296,6170
Lehrter Str.: starker Verkehr	+1 7759,13246 7651,13447 7647,13461 7653,13480 7660,13506 7655,13539 7630,13584 7535,13754 7468,13876 7452,13904 7438,13930 7366,14067 7331,14132 7180,14419
Rudolf-Rühl-Allee: starker Verkehr, Tempo 60, keine Radwege	+1 21303,5826 21243,6046 21239,6063 20722,6971
Rudolf-Rühl-Allee: starker Verkehr	+1 20722,6971 20640,7122 20603,7189 20653,7289
Köpenicker Str.: starker Verkehr	+1 20653,7289 20841,7271 20872,7268 20958,7289 21012,7328 21019,7340 21020,7433 21024,7484 21029,7591 21037,7751 21040,7872 21044,7996 21047,8120 21050,8202 21055,8374 21072,8742 21079,8931 21088,9178 21089,9223 21090,9288 21094,9408 21097,9538 21105,9686 21115,9842 21164,9960 21175,9989 21223,10123 21264,10237 21276,10271 21299,10385 21281,10428 21263,10471 21223,10573 21180,10683 21140,10786 21131,10812 21131,10848 21132,10923 21133,10948 21135,10995 21136,11134 21138,11254 21138,11271 21137,11294 21134,11331 21133,11348 21130,11384 21124,11462 21108,11628
Schorlemerallee: relativ wenig Kfz-Verkehr	-1 3836,6550 3664,6523 3643,6519 3452,6491 3350,6467 3306,6453 3216,6393
Harzer Str.	+1 13863,8597 13687,8734 13510,8872 13333,9017 13264,9073 13188,9134 13098,9205 13044,9248 12977,9301 12913,9353 12897,9365
Lohmühlenstr.	+1 12897,9365 12987,9481 13058,9572 13127,9661 13156,9702 13190,9750 13251,9829
Bouchéstr.	+1 13860,9861 13704,9691 13642,9624 13602,9581
Elsenstr.	+1 13510,8872 13664,9073 13766,9200
Maybachufer/Bürknerstr.	+1 12897,9365 12868,9359 12837,9353 12764,9433 12563,9536 12412,9610 12250,9691 12085,9778 12053,9793 12049,9781 11897,9754 11754,9735 11673,9720
Nalepastr.: relativ viel Kfz-Verkehr	+1 17614,6571 17550,6677 17510,6751 17459,6854 17352,7051 17286,7173 17211,7280
Mentelinstr.: relativ viel Kfz-Verkehr	+1 17352,7051 17456,7132 17620,7259 17647,7280 17747,7322 17833,7351 17847,7356
Semmelweisstr.	+1 18922,2238 18965,2237 19019,2217 19198,2163 19244,2141 19602,1989 19803,1911
Maulbeerallee/Seeburger Weg	+1 -6093,12801 -5975,12827 -5878,12845 -5784,12858 -5706,12869 -5594,12832 -5480,12793 -5307,12737 -5282,12730 -5269,12764 -5234,12812 -5030,13017
Späthstr., Baumschulenstr.: stark befahren	+2 14421,5465 14507,5499 14546,5495 14694,5230 14744,5211
Späthstr., Baumschulenstr.: stark befahren	+2 14744,5211 14808,5202 14988,5214 15038,5235 15174,5467 15363,5668 15382,5687
Späthstr., Baumschulenstr.: stark befahren	+2 15382,5687 15584,5946 15628,6009 15723,6151 15768,6214
Ligusterweg: Schleichverkehr	+1 14988,5214 15034,5119 15168,4970 15211,4923 15245,4843 15364,4748 15553,4627 15635,4573 15716,4519 15800,4464
Neumannstr.	+1 11673,16367 11659,16457 11655,16486 11630,16623 11613,16747 11590,16878 11565,17027 11536,17153 11522,17248 11508,17315 11482,17459 11457,17585 11442,17664 11412,17823 11390,17962
Malchower Weg	+1 17425,16165 17383,16197 17276,16281 17220,16320 17171,16372 17102,16464 17056,16558 17014,16724 17004,16778 16992,16840 16981,16900 16978,16915 16966,16978 16951,17055 16934,17132 16920,17204 16915,17231 16905,17281 16887,17349 16837,17440
Neue Grottkauer Str. - Am Rosenhag	+1 23021,13982 23125,13961 23240,13938 23397,13905 23552,13878 23619,13864 23745,13830 23801,13839 23869,13830 23987,13805 24041,13795 24125,13781 24407,13717 24583,13676 24739,13637 24772,13631 24910,13590 24963,13571 25050,13539 25163,13494
Margarete-Steffin-Str.: starker Schleichverkehr	+1 8559,12912 8631,12848 8700,12810 8732,12804
Torstr.	+1 10177,13766 10319,13788 10459,13760 10572,13731 10645,13711 10741,13685 10898,13632 11111,13518 11160,13492
Torstr.	+1 11160,13492 11117,13521 10898,13632
Mügellandstr./Kirsteinstr.	+1 27804,1337 27999,1570 28052,1606 28128,1621 28205,1630 28369,1616 28495,1575 28632,1469
Odernheimer Str.	+1 29414,2373 29115,2015 29077,1973 28978,1864 28904,1781 28817,1679 28632,1469 28591,1421 28545,1373 28488,1307 28348,1147 28225,1009
Kablower Weg	+1 23225,192 22976,-176 22815,37 22695,209 22504,425 22298,494 22251,574 22120,886
Dahmestr.	+1 22815,37 22697,-27 22596,-82 22440,-175 22190,-228 22048,-261 22023,-269 21944,-297 21898,-303 21877,-307 21847,-303 21648,-276 21534,-262
Emser Str.	+1 11652,6879 11920,6926 12105,6962 12317,7007 12463,7037 12648,7080 12767,7110 12806,7120 12872,7134 13051,7157
Grüner Weg	-1 13775,3500 13818,3623 13833,3665 13852,3721 13909,3845 14012,4002 14119,4153
Marzahner Promenade	+1 19681,15405 19768,15361 19875,15324 19960,15337 20226,15512 20260,15434
Gülzower Str.	+1 22967,12647 23038,12706 23122,12770 23173,12769 23355,12732
Steinförde - Fürstenwalde	-1 -12573,86500 -12462,86602 -12459,86661 -12411,86775 -12243,87189 -12163,87296 -12068,87338 -12029,87342 -11562,87280 -11296,87267 -11268,87264 -10933,87123 -10681,87113 -10104,87018 -9304,86916 -9218,86904 -9099,86982 -8981,86964
Crailsheimer Str.	+1 7205,4741 7166,4643 7118,4540 7115,4505 7127,4441 7138,4379 7143,4350 7171,4200
Zum Flughafen Tegel: kaum noch Kfz-Verkehr	-2 3028,15696 2975,15813 2960,15847 2944,15880 2913,15944 2892,15983 2809,16143 2853,16293 2839,16337 2800,16368 2720,16353 2696,16271 2757,16194 2809,16143
Zum Flughafen Tegel: kaum noch Kfz-Verkehr	-2 2853,16293 2812,16348 2733,16343 2675,16361 2638,16406 2601,16447 2538,16435 2517,16380 2552,16330 2621,16344 2692,16326 2709,16291 2757,16194
Josef-Orlopp-Str.	+1 15515,13134 15715,13157 15912,13153 16429,13146 16863,13138
Brunsbütteler Damm	-2 -8822,14023 -8509,14109
Möckernstr.	+1 8777,9601 8774,9534 8769,9295
Saarbrücker Str.: Schleichverkehr	+1 10895,13961 11052,13870 11116,13830 11251,13667
Storkow - Kolberg	-1 45689,-16860 45643,-16874 45070,-17054 44711,-17090 44573,-17067 44536,-17050 44261,-17004 43029,-17057 42551,-17143 42214,-17200 40528,-17287 40362,-17304 40219,-17373 40127,-17455 39847,-17686 39608,-17712 39527,-17698 39380,-17617 39061,-17526 38880,-17517 38838,-17514 38696,-17507 38659,-17505 38441,-17497 38231,-17442
Rosestr.: Schleichverkehr	+1 21497,1042 21329,832 21202,727 21164,697 21089,639
Beuthstr.	+1 10134,19981 10309,20032 10435,20098 10534,20144 10650,20205 10784,20275 10843,20301
Tegeler Str. - Lynarstr. - Nordufer	+1 6996,15319 7085,15226 7131,15109 7178,14996 7182,14986 7209,14927 7259,14870 7143,14794 7156,14763 7236,14729 7388,14664 7429,14667 7458,14643
Frankenwaldstr.	+1 -5292,16239 -5356,16064 -5377,16017 -5404,15920 -5452,15804 -5470,15750
Nöldnerstr.	-1 15272,10790 15388,10758 15433,10765 15681,10801
Wittenauer Str./Finsterwalder Str.	-1 5466,21910 5527,21942 5636,22024 5694,22084 5752,22147 5800,22204 5846,22258 5893,22314 5929,22339 5993,22363 6107,22383 6155,22394 6207,22406 6230,22411 6351,22448 6363,22419 6434,22244 6484,22098 6480,22053 6473,21969
Eresburgstr., Bessemerstr., Eythstr.	+1 8206,6774 7987,6775 7985,6598 7980,6403 7971,6087 7967,5951 8061,5949
Grenzstr., Schulzendorfer Str.	+1 8570,15107 8412,14923 8264,14902 8248,14900 8219,14897 8091,14895 8057,14876
Motzener Str, Zehrensdorfer Str., Säntisstr.	+1 8736,337 8731,420 8742,475 8852,715 8892,802 8950,847 8971,864 9014,898 9024,906 9058,932 9129,986 9155,1006 9165,1014 9241,1073 9391,1235 9695,1563
Ringbahnstr.	+1 8460,6959 8723,6958 9050,6960 9242,6962
Kohlisstr./Ulmenstr.	-1 23810,7946 23621,8095 23517,8174 23421,8251 23318,8333 23207,8421 23118,8495 23012,8575 22911,8653 22760,8770 22700,8867 22586,8961 22494,9036 22351,9149 22238,9200 22154,9237 22074,9273
Heerstr./Heesestr.	-1 22129,9702 21988,9766 21859,9822 21842,9829 21749,9856 21691,9874 21650,9884 21611,9893 21594,9895 21534,9901 21371,9923 21164,9960
Voßstr.	+1 8553,11638 8743,11663 8837,11676 9000,11727
Krummensee - Groß Köris: zudem ist die Straße nicht besonders breit	+1 24587,-17733 24557,-18033 24536,-18239 24453,-18497 24343,-18808 24163,-19075 24059,-19525 24112,-19797 24471,-20179 24714,-20369
Bahnstr. (Marienfelde): Schleichverkehr	+1 8490,2084 8561,2015 8599,1896 8630,1814 8661,1733 8689,1670 8722,1595 8709,1565 8799,1380 8827,1289 8822,1238 8898,1042 8971,864
Halker Zeile	+1 9858,744 9885,681 9950,577
Köpenicker Str./Inselstr.	+1 11250,11715 11155,11750 11073,11774 11024,11789 10955,11849 10908,11908 10722,11816
Schulze-Delitzsch-Platz	+1 11024,11789 11060,11753 11155,11750
Märkisches Ufer/Wallstr.	+1 11325,12021 11275,12055 11160,12071 11111,12027 10908,11908
Wallstr.	+1 10722,11816 10528,11729
Rügener Str./Gleimstr.	+1 9443,15430 9574,15507 9720,15578 9732,15581 9907,15618 10004,15636 10130,15653 10170,15659 10418,15704 10426,15705 10554,15725 10713,15753 10953,15787
Zittauer Str.	+1 15641,1426 15880,1291 15984,1233 16142,1141 16282,1052 16342,959 16349,932
Nennhauser Damm	+1 -7484,13770 -7464,13904 -7457,13957 -7456,14073 -7455,14144 -7457,14317 -7445,14392 -7420,14520 -7418,14564 -7391,14857 -7390,14881 -7387,14951 -7373,15154 -7371,15201 -7365,15306
Malchower Str.	+1 12785,18128 12838,18155
Malchower Str.	+1 12785,18128 12808,18155 12838,18155 12942,18154 12987,18154 13042,18152 13146,18149 13178,18148 13233,18151 13300,18145 13345,18130 13405,18113 13497,18087 13617,18045 13732,18026 13834,18064 13894,18121 14048,18279
Ortnitstr.	+1 14048,18279 14156,18349 14228,18361 14382,18387 14517,18410 14533,18413 14682,18430 14881,18428 15051,18435 15413,18626 15610,18596
Wischbergeweg	+1 13300,17726 13313,17775 13617,18045
Alfred-Kowalke-Str./Charlottenstr.	+1 18280,11266 18421,11344 18477,11388 18462,11602 18520,11631 18520,11662 18520,11685 18520,11707
Kühnemannstr./Nordbahnstr.	+1 8536,17786 8746,17827 8944,17971 9147,17941 9171,17937 9190,17932 9236,17907 9358,17798 9383,17757 9544,17629
