#: #: -*- coding: iso-8859-1 -*-
#: title: Stau
#: title: Traffic Jam
#: category_image.Jam: ../misc/verkehrszeichen/Zeichen_124.svg:24x24=1:12000,xxx
#: line_color.Jam: #800000
#: line_dash.Jam: 4,4
#: line_do_offset.Jam: 1
#:
Provinzstr.	Jam; 8514,17634 8536,17786 8555,17928 8571,18037 8580,18106 8583,18127 8597,18214 8610,18309 8622,18402 8628,18441 8647,18567 8648,18585 8660,18679 8668,18744
Straße vor Schönholz	Jam; 8791,18605 8668,18744
Straße vor Schönholz	Jam; 8412,19074 8482,18986 8634,18787
	Jam; 14641,10552 14608,10409 14558,10264
Karl-Marx-Str.	Jam; 12494,8501 12545,8449 12562,8432 12582,8408 12598,8390
Karl-Marx-Str.	Jam; 12639,8344 12598,8390 12582,8408 12562,8432 12545,8449 12494,8501
Anzengruberstr.	Jam; 12689,8289 12856,8344
Anzengruberstr.	Jam; 12856,8344 12689,8289
Erkstr.	Jam; 12920,8487 12902,8470 12765,8435
Donaustr.	Jam; 12856,8344 12765,8435
Donaustr.	Jam; 12765,8435 12856,8344
Leipziger Str. (Richtung Westen)	Jam; 9569,11631 9444,11616 9268,11590 9058,11564
Leipziger Str. (Richtung Osten)	Jam; 9268,11590 9444,11616 9569,11631
Friedrichstr.	Jam; 9313,12662 9314,12652 9330,12538 9343,12464 9358,12351
Friedrichstr.	Jam; 9384,12103 9373,12197 9369,12253 9358,12351 9343,12464 9330,12538 9314,12652 9313,12662
Friedrichstr.	Jam; 9262,13111 9254,13171 9246,13240 9244,13253 9225,13389 9212,13471
Torstr. (vor Schönhauser Tor)	Jam; 10898,13632 10741,13685
Torstr. (vor Prenzlauer Tor)	Jam; 10898,13632 11111,13518
Torstr.	Jam; 9917,13741 10177,13766
Dorotheenstr.	Jam; 8540,12420 8775,12457
Dorotheenstr.	Jam; 8775,12457 8540,12420
Boxhagener Str.	Jam; 14799,11330 14918,11249
Marktstr.	Jam; 15088,10950 15113,10916 15144,10905 15279,10862
Marktstr.	Jam; 15279,10862 15144,10905
Ruschestr.	Jam; 15947,12626 15928,12483 15904,12340
Baumschulenstr./Späthstr.	Jam; 14744,5211 14808,5202 14988,5214 15038,5235 15174,5467 15363,5668 15382,5687
Baumschulenstr./Späthstr.	Jam; 15382,5687 15584,5946 15628,6009 15723,6151
Baumschulenstr./Späthstr.	Jam; 15723,6151 15628,6009 15584,5946 15382,5687 15363,5668 15174,5467 15038,5235 14988,5214 14808,5202 14744,5211
Wendenschloßstr.	Jam; 23059,4635 23388,4864 23451,4877
Wendenschloßstr.	Jam; 22832,4491 22791,4457 22759,4430 22740,4415 22700,4351
Rudolf-Rühl-Allee	Jam; 21239,6063 20722,6971 20640,7122 20603,7189 20653,7289
Rudolf-Rühl-Allee	Jam; 20722,6971 21239,6063 21243,6046 21303,5826
Sonnenallee	Jam; 12012,9092 12078,9055 12152,9015 12240,8964 12323,8917 12429,8856 12478,8829 12628,8711 12670,8679 12736,8629 12765,8605 12920,8487
Reuterstr.	Jam; 12150,8884 12152,9015
Reuterstr.	Jam; 12150,8884 12150,8764
Erkstr.	Jam; 12765,8435 12902,8470 12920,8487
Erkstr.	Jam; 12765,8435 12598,8390
Flughafenstr.	Jam; 12349,8464 12494,8501
L33	Jam; 23895,15904 23965,15894 23992,15894 24071,15875 25007,15650 25528,15587 25866,15543 25955,15531 26071,15470 26175,15461
L33	Jam; 26175,15461 26071,15470 25955,15531 25866,15543 25528,15587 25007,15650 24071,15875 23992,15894 23965,15894 23895,15904
Adalbertstr.	Jam; 11506,10746 11463,10642 11411,10515 11389,10463
Adalbertstr.	Jam; 11389,10463 11411,10515 11463,10642
Adalbertstr.	Jam; 11640,11067 11589,10947 11552,10863
Adalbertstr.	Jam; 11552,10863 11589,10947 11640,11067
Romain-Rolland-Str.	Jam; 12856,17825 12825,17870 12736,17998
Sterndamm	Jam; 17822,5524 17886,5587
Wallstr.	Jam; 10908,11908 10722,11816
Alte Jakobstr.	Jam; 10815,11662 10721,11639 10644,11569 10624,11548 10555,11475
Alte Jakobstr.	Jam; 10437,11352 10482,11398 10489,11405 10555,11475 10624,11548 10644,11569 10721,11639 10815,11662
Lindenberger Str./Wartenberger Str.	Jam; 18515,20587 18593,20823 18591,20898 18585,20964 18293,21340 18218,21566 18157,21750 18125,21812 18088,21912
Wexstr.	Jam; 5522,8024 5472,8024 5363,8024
Dahlwitzer Landstraße	Jam; 25584,6029 25579,5958
Hermannstr.	Jam; 11979,8014 12001,7937 12025,7852 12041,7788 12057,7744 12075,7696 12081,7679 12090,7651 12121,7555 12123,7549 12158,7449 12185,7381
Hermannstr.	Jam; 12185,7381 12158,7449 12123,7549 12121,7555 12090,7651 12081,7679 12075,7696 12057,7744 12041,7788 12025,7852 12001,7937 11979,8014
Dammweg	Jam; 14708,7325 14758,7373 14775,7385 14853,7451
Maybachufer	Jam; 12764,9433 12563,9536
Rathausstr./Alarichstr.	Jam; 9021,3878 9003,3947 8962,4096 8932,4188 8881,4360 8868,4498 8867,4506 8858,4579 8848,4683 8827,4874 8813,5004 8784,5095 8750,5173 8707,5289 8674,5357 8667,5372 8642,5422
Rathausstr./Alarichstr.	Jam; 8674,5357 8707,5289 8750,5173 8784,5095 8813,5004 8827,4874 8848,4683 8858,4579 8867,4506 8868,4498 8881,4360 8932,4188 8962,4096 9003,3947
