Schönes altstädtisches Flair	CS 22364,4429 22339,4396 22334,4383 22312,4329 22292,4279 22273,4216 22246,4106 22275,4032 22467,3889
Schönes altstädtisches Flair	CS 22312,4329 22252,4362
Schönes altstädtisches Flair	CS 22339,4396 22268,4424
Schönes altstädtisches Flair	CS 22334,4383 22382,4361
Idyllische Bebauung	CS 13717,5175 13761,4992 13758,4926 13695,4859 13675,4855
Idyllische Bebauung	CS 13305,4504 13324,4784 13359,5086
Idyllische Bebauung	CS 13468,4766 13400,4788 13324,4784 13397,4762 13468,4766
Gute Sicht auf den ehemaligen Zentralflughafen Tempelhof; Weg führt direkt an der Landebahn	CS 11472,7899 11498,7750 11515,7654 11536,7533 11553,7437 11562,7393 11601,7362 11615,7284 11606,7260 11593,7237
Landschaftlich sehr schön	CS 5678,23966 5645,23968 5535,24016 5216,24157
Schöne Strecke am Hohenzollernkanal entlang.	CS -1073,16610 -1067,16635 -1092,16659 -1156,16689 -1190,16714 -1214,16745 -1229,16773 -1406,16907 -1465,16957 -1520,16989 -1564,17001 -1610,17007 -1664,17009 -1743,16990 -1723,16973 -1690,16971 -1676,16957 -1673,16939 -1725,16878 -1704,16870 -1684,16853 -1675,16813
Blick auf den Gothensee	View:70:-160 52776,170463
Blick auf den Schmollensee	View:200:-180 53389,171659
Blick vom Deich auf das Achterwasser	CS 50844,176080 50873,176667 50808,176845 50799,177147 50722,177326 50822,177683 50828,177830 50783,177914 50643,178039 50638,178148
Schöne Landschaft, hügelig	CS 67560,118894 67772,118970 67989,119021 68243,119093 68385,119072 68593,119166 68642,119169 68724,119090 68814,119067 69157,119009 69200,119035 69300,119058 69354,119131 69852,119233 70132,119360
