#: #: -*- coding: iso-8859-1 -*-
#:
asphaltiert	RW2;RW8 26645,163217 26848,164249
asphaltiert	RW2;RW8 27363,164755 27717,165103
überwiegend asphaltiert	RW2;RW8 32023,167053 32741,167080 32952,166951 33153,166785 33246,166330 33267,166229
asphaltierter Zweirichtungsradweg durch Wald, Laub, unnötig hügelig und kurvig	RW2;RW8 33267,166229 33494,165278 33577,164823
	RW2;RW8 33577,164823 33649,164756 35654,162897 35801,162884
	RW8;RW2 35801,162884 35953,162870 36080,162883 36480,162910
	RW2;RW8 36480,162910 36737,162995
	RW7;RW7 -20281,-6915 -20293,-6728 -20157,-6373 -20290,-5475
	RW;RW -19449,-5977 -19536,-5985 -19716,-5851 -19997,-5752 -20116,-5592 -20290,-5475 -20696,-5198
	RW;RW -15811,-6533 -16280,-6747 -16553,-6765 -16562,-6825 -16812,-7010
	RW;RW8 -18431,-7978 -18631,-8412 -18756,-8962 -18909,-9080 -19146,-9196 -19606,-9698 -20112,-10437 -20590,-10806 -20816,-10818 -21391,-10967
	RW4;RW1 -13062,-2901 -13155,-2913 -13381,-2943 -13481,-2956 -13718,-2991
	RW;RW8 -13718,-2991 -13771,-3023 -14038,-3356 -14031,-3554 -14095,-3670 -14119,-3845 -14267,-4206 -14712,-4614 -14710,-4977 -14795,-5169 -14947,-5405 -15228,-5678 -15275,-5928 -15472,-6233 -15811,-6533
asphaltiert	RW8;RW2 -13778,4492 -14244,5152 -14404,5435 -14728,5709 -15216,6079 -15452,6185
	RW8;RW 21626,19542 21471,19728 21303,19918 20867,20409 20270,20684 19945,20979 18949,21886
	RW;RW8 18949,21886 18762,22087
	RW; 20606,21815 19945,20979 19881,20887 19637,20600
Verbundsteinpflasterradweg, keine hohen Geschwindigkeiten möglich	RW;RW 22529,19361 22418,19268 21975,19068 21830,19016 21558,18947 21434,18875
guter Zweirichtungsradweg	RW;RW8 24381,-11212 24378,-10040 24278,-9878
asphaltiert	RW;RW8 12931,27643 12352,29576
	RW;RW 33943,5568 33389,5751 32806,5934 32192,5915
	RW;RW 33943,5568 34028,6053 34132,6174
	RW3;RW3 -10429,-1944 -10559,-1901 -10678,-1860 -10702,-1851 -10773,-1828
	RW3;RW -10773,-1828 -10973,-1764
	RW3; -10429,-1944 -10360,-1934 -10235,-1916 -9986,-1882 -9735,-1845
	RW;RW8 5394,-3053 5627,-2671 5836,-2309 5943,-2117
enger Zweirichtungsradweg	RW8;RW2 -5736,-3629 -5156,-3192 -4885,-3087 -4456,-2968 -3950,-2743 -3650,-2609
	RW;RW 3450,543 3417,524 3112,331 2947,220 2459,-109 2331,-228 2215,-328 1974,-440 1677,-582 1453,-746
Heinrich-Mann-Allee	RW2;RW1 -12431,-2096 -12493,-1896
Lange Brücke: Radweg auf der westlichen Seite sowie Zweirichtungsradweg auf der östlichen Seite	RW2;RW2 -12493,-1896 -12567,-1817 -12659,-1700 -12730,-1681 -12758,-1654
Friedrich-Ebert-Str.: beidseitiger Radweg vorhanden	RW2;RW2 -12758,-1654 -12772,-1577 -12780,-1544 -12794,-1497 -12833,-1365 -12839,-1342
	RW2;RW2 -12758,-1654 -12940,-1625 -13238,-1569 -13375,-1546 -13516,-1517 -13764,-1460 -13879,-1445
	RW;RW -12431,-2096 -12318,-2192
	RW2;RW2 -12318,-2192 -12355,-2263 -12358,-2278
	RW2;RW3 -12358,-2278 -12423,-2459
	RW3;RW3 -12423,-2459 -12476,-2605 -12643,-2673
	RW2; -12317,-1212 -12285,-1174
	RW2;RW2 -12285,-1174 -12248,-1107 -12168,-965 -12045,-757
	RW2; -10826,469 -11018,348
	RW; -11018,348 -11122,271 -11133,262 -11307,133 -11390,72 -11494,-4 -11584,-66 -11669,-138
	RW2; -11669,-138 -11723,-220 -11877,-478 -11886,-493 -11935,-574 -12045,-757
teilweise parallele Nebenstraße, teilweise Radweg	RW1; -12045,-757 -11935,-574 -11886,-493 -11877,-478 -11723,-220 -11669,-138 -11584,-66 -11494,-4 -11390,72 -11307,133 -11133,262 -11122,271 -11018,348 -10826,469
	RW6;RW6 -11392,762 -11231,696 -11106,644 -10857,487
teilweise asphaltiert, teilweise Verbundsteinpflaster	RW1;RW1 -10973,-1764 -10925,-1705 -10884,-1653 -10841,-1599 -10729,-1458 -10606,-1303 -10581,-1271 -10505,-1166 -10338,-950 -10154,-828
asphaltiert	RW8;RW2 -10090,6868 -10206,6756 -10494,6586 -10927,6333 -12179,5629 -12645,5573 -12865,5567 -13143,5587 -13261,5566 -13578,5396 -13690,5212 -13778,4492
	RW4;RW4 -13778,4492 -13778,4260 -13779,4233 -13781,4027 -13783,3919 -13784,3900 -13703,3717
gemeinsamer Rad- und Gehweg	RW2; -13703,3717 -13567,3403
Gehweg für Radfahrer frei	RW1; -13567,3403 -13703,3717
Gehweg für Radfahrer frei	RW1;RW1 -13567,3403 -13387,2987 -13375,2950
asphaltiert	RW8;RW2 -13375,2950 -13152,2169 -13142,1989 -13141,1945 -13141,1933
gemeinsamer Rad- und Gehweg, asphaltiert	RW2;RW2 -13141,1933 -13134,1758 -13133,1698 -13125,1508 -13115,1379 -13113,1356 -13108,1278 -13091,1150 -13039,894 -13038,856 -13042,807 -13058,702 -13071,619 -13036,342 -13091,-8 -13111,-136
	RW2;RW2 -13556,-1182 -13556,-1140 -13560,-1106 -13576,-1026 -13625,-902 -13815,-749 -14023,-564 -14134,-468 -14409,-371 -14546,-121 -14587,80 -14650,201 -14737,300
	RW2; -14737,300 -14841,404 -14859,421
außerdem ist dieser Gehweg für Radfahrer in beide Richtungen befahrbar	RW2; -14859,421 -14926,460 -15046,527 -15059,535 -15121,572 -15142,585 -15155,592 -15294,674 -15368,717 -15501,795
außerdem ist der Gehweg für Radfahrer frei	RW3; -15501,795 -15368,717 -15294,674 -15155,592 -15142,585 -15121,572 -15059,535 -15046,527 -14926,460
	RW2; -14926,460 -14859,421 -14841,404 -14737,300
	RW;RW -18731,5799 -18804,5992 -18962,6183 -19576,6450 -19787,6551 -20023,6826
Verbundsteinpflasterradweg	RW2; 33547,2904 33894,2825 34142,2742
asphaltiert	RW2; 34142,2742 33894,2825 33547,2904
Radweg auf Gehweg	RW;RW 34142,2742 34175,2637 34250,2546 34443,1951
(schlechter) Radweg	RW;RW 34271,3184 34486,4276 34574,4552
guter Asphalt	RW;RW -27053,82717 -26940,82461 -26806,82333 -26541,82132 -26511,81861 -26435,81684 -26499,80944 -26009,79227 -25923,78844 -25439,77907 -25459,77650 -25671,77176 -25760,76840 -25801,76494 -25728,76368 -25728,76256
breiter asphaltierter Radweg	RW;RW -9594,-27471 -9298,-27089 -9016,-26788 -8893,-26326 -8511,-25814 -8128,-25535 -7894,-25017 -7586,-24667 -7310,-24388 -6700,-24539 -5997,-24621 -5200,-24423
	RW; 26204,-17794 26276,-17489
Verbundsteinpflasterradweg	RW2;RW2 41058,100653 40691,100865 40607,100911 40507,100965 40037,101068 39962,101085 39867,101104
asphaltierter Radweg	RW2; 39867,101104 39804,101160 39757,101217
gemeinsamer Rad- und Gehweg, mäßige Gehwegplatten	RW2; 39757,101217 39804,101160 39867,101104
gemeinsamer Rad- und Gehweg, mäßige Gehwegplatten	RW2;RW2 39757,101217 39682,101543 39681,101717 39715,101866
Verbundsteinpflaster, "Berg-und-Tal"	RW2;RW2 39022,101334 38848,101208 38653,101065 37577,100778 37212,100549 37068,100245
hügelig und kurvig	RW2;RW8 37068,100245 36972,100027 36879,99814 35757,98954
hügelig und kurvig	RW8;RW2 35757,98954 34975,98355 34645,97902 33928,96909
Verbundsteinpflasterradweg	RW2;RW2 39908,102420 39873,102249 39800,102060 39715,101866
Verbundsteinpflasterradweg	RW; 39800,102060 39831,102052 39900,101931 39912,101911
	RW2;RW 39682,101543 39536,101514
	RW2;RW 39715,101866 39574,101863
	RW;RW 39536,101514 39392,101477 39290,101451 39022,101334
	RW;RW 49779,90206 49640,90243 48924,90469
	RW8;RW 22771,16194 22809,16240 22889,16350
Betonplatten	RW1; 22771,16194 22974,16139
Betonplatten	RW2; 22974,16139 23159,16086
Betonplatten	RW; 23159,16086 22974,16139 22771,16194
Betonplatten	RW2;RW 23159,16086 23561,15975
Betonplatten	RW;RW 23561,15975 23893,15893
	RW8;RW 25641,11128 25923,11076 26449,10953 26596,10921
	RW8;RW 31456,17231 31457,17129 31212,16278 31053,15975 31027,15926 30768,15431
	RW;RW 30118,16565 30335,16649 30837,16843 31456,17231
asphaltiert	RW8;RW -926,27132 -1941,26218 -2118,26060 -2446,25386
asphaltiert	RW;RW -4642,25672 -4929,25719 -5890,25875 -6593,25703 -6943,25831
	RW7;RW7 -6943,25831 -7187,25859 -7225,25509 -7260,25515
	RW8;RW -7533,24138 -7599,23946 -7734,23796 -8777,22961 -8988,22668 -9046,22376
asphaltiert	RW8;RW -10377,20973 -10576,19951 -10581,19871 -10000,18629
	RW4;RW4 -11114,-2104 -10983,-2088 -10772,-2153 -10673,-2128
Radweg auf Gehweg	RW2;RW2 -12213,-2131 -12093,-2156
	RW4; -12213,-2131 -12431,-2096
Radweg auf Gehweg	RW2;RW2 -12093,-2156 -11992,-2178 -11939,-2190 -11834,-2213 -11778,-2225 -11694,-2245
Radweg auf Gehweg	RW;RW -11694,-2245 -11597,-2203 -11507,-2130 -11114,-2104
Radstreifen	RW4;RW4 -10673,-2128 -10634,-2159 -10528,-2196 -10426,-2231 -10327,-2262
	RW;RW -9723,-2451 -9692,-2462 -9534,-2515 -9462,-2540 -9254,-2605 -9118,-2649 -9110,-2651 -9075,-2664 -8829,-2741 -8500,-2856 -8417,-2867
	RW;RW -8417,-2867 -8361,-2875 -8283,-2917 -8137,-2997 -8005,-3056 -7878,-3090 -7774,-3091 -7668,-3092 -7577,-3093 -7497,-3096
	RW;RW -7497,-3096 -7487,-3097 -7060,-3124 -6810,-3151
Seitenstreifen, als Radstreifen benutzbar	RW3;RW3 -6277,-3348 -6553,-3235 -6810,-3151
	RW;RW -6277,-3348 -5736,-3629
Zweirichtungsradweg, Verbundsteinpflaster	RW;RW -3368,-4430 -2534,-4606
	RW8;RW 7981,-7165 9170,-7708 9828,-8106
alte, parallel verlaufende asphaltierte Allee ist für Radfahrer befahrbar	RW;RW 21325,-16111 21605,-16054 22543,-15510
	RW;RW 22543,-15510 22865,-15325 23123,-14619 23346,-14193
Radwegstreifen (Verbundsteinpflaster)	RW3;RW3 25912,-11956 25949,-11945 26078,-11992 26296,-12053
Radwegstreifen (Verbundsteinpflaster)	RW3;RW3 26296,-12053 26299,-11896
breiter Verbundsteinpflasterradweg	RW8;RW2 34990,2148 35088,2160 35453,2207 36402,2471 36719,2420 37085,2201
Radwege bzw. Gehwege frei für Radfahrer	RW;RW 37085,2201 37129,2175 37364,2132 37449,1992 37870,1620 38164,1564 38642,1798 38732,1821 39212,1762
Verbundsteinpflasterradweg für beide Richtungen, etwas abseits der Straße	RW;RW 36719,2420 36771,2581 37084,2693 37712,2659 38023,2687 38636,2578
Radweg (?)	RW;RW 39243,2759 39534,3037
Radweg (?)	RW;RW 39968,3795 40463,4020 41051,4427 41275,5229 41987,5693
	RW8;RW 14341,30839 12955,30436 12466,30452
Feinsplit-Radweg	RW;RW 41806,-40762 42075,-40337 42152,-39572 41675,-38268 41687,-38100 41731,-37743
asphaltiert, enge Stelle an der Bahnüberführung	RW;RW8 8303,28478 7546,28255 7365,28253 7125,28106 5939,27781
gemeinsamer Geh- und Radweg, Verbundsteinpflaster	RW;RW -173,-1397 86,-2903
gemeinsamer Geh- und Radweg, Verbundsteinpflaster	RW;RW -1853,-2412 -2049,-2165
Verbundsteinpflaster	RW8;RW 56175,173875 56327,173853 56381,173849
Verbundsteinpflaster	RW;RW8 56381,173849 56493,173943 56546,174049
teils Verbundsteinpflasterradweg, teils separate Straße	RW8;RW 50843,179488 51229,179229 51288,179162
asphaltiert	RW8;RW 56029,174482 55741,174692 55541,175016 55388,175169 55063,175432 54825,175505 54576,175560 54162,175850 53311,176048 52868,176203 52699,176308 52084,178098 51986,178177 51899,178200 51779,178229 51627,178336 51611,178406 51582,178510 51538,178665 51288,179162
	RW7;RW7 22526,33785 22595,33961 22877,35230 23008,35569
	RW6;RW6 23008,35569 23036,35624 23232,36004
Radweg auf Gehweg	RW;RW 17325,27831 17689,27853
Radweg auf Gehweg	RW;RW2 17689,27853 18053,27875 18337,27854 18410,27890 18797,27977
Radweg auf Gehweg	RW2;RW2 18797,27977 18888,27976 18899,27976
Radweg auf Gehweg	RW2;RW 18899,27976 19187,27987
	RW;RW 22206,30826 22378,30943
	RW2;RW8 22257,29928 22257,29824 22263,29733 22182,29536 22054,29232
Gehweg für Radfahrer frei	RW1; 22257,29928 22216,30138
	RW3;RW1 22712,30340 22783,30373 22868,30412
	RW3;RW3 22868,30412 22892,30426 23015,30519
feiner Schotter	RW8;RW -14669,-686 -15243,-656
Radweg auf Gehweg	RW; -18125,-843 -18631,-778 -18725,-673
Verbundsteinpflaster	RW; -19247,-20 -19192,166 -19100,407 -18964,793
	RW8;RW -18356,4783 -18233,4501 -18025,4018
	RW8;RW -18025,4018 -17956,3840 -17588,2815
asphaltiert	RW8;RW2 -17588,2815 -17309,2517 -16800,1991 -16706,1911
	RW6;RW6 39287,17231 39193,16900 39400,15803
Verbundsteinpflaster	RW;RW8 44121,14615 43743,14634 43162,14428 42996,14793
Verbundsteinpflaster	RW8;RW 46421,14990 46250,14765 46053,14653 45856,14437
	RW2; 23179,31047 23109,30968
Verbundsteinpflasterradweg	RW2; 23179,31047 23325,31194 23526,31290 23549,31301 23647,31351 23701,31395
Verbundsteinpflasterradweg	RW2; 23109,30968 23103,30923 23084,30893 22917,30635
Gehweg für Radfahrer frei	RW1;RW1 23015,30519 22917,30635
Verbundsteinpflasterradwege	RW2;RW 37940,52528 37650,53211
zumeist holprige Verbundsteinpflasterradwege	RW;RW 40868,102837 40670,102503 40342,102355 40168,102237
zumeist holprige Verbundsteinpflasterradwege	RW;RW2 40168,102237 40025,101987 39830,101921 39715,101866
	RW2; -10973,-1764 -11056,-1726
linksseitiger Radweg auf Gehweg	RW8; -11056,-1726 -10973,-1764
schmaler Radstreifen	RW4; -12045,-757 -12106,-699 -12194,-463 -12265,-418
	RW4; -12265,-418 -12306,-496
Radweg auf Gehweg	RW1; -12306,-496 -12571,-581 -12719,-630 -12812,-655 -12877,-655
	RW4; -12877,-655 -12812,-655 -12719,-630 -12571,-581
Radweg auf Gehweg, Kleinsteinpflaster	RW2; -12872,-565 -12877,-655
	RW4; -12529,-789 -12531,-781 -12545,-698 -12571,-581
	RW4;RW4 -12515,-889 -12529,-789
	RW1; -12877,-655 -13044,-709 -13064,-715 -13137,-737 -13231,-763 -13433,-831 -13468,-847 -13625,-902
asphaltierter Geh- und Radweg auf Grünstreifen	RW1; -13625,-902 -13468,-847 -13433,-831 -13231,-763 -13137,-737 -13064,-715 -13044,-709 -12877,-655
	RW1; -12529,-789 -12219,-726
sehr schlechter Radweg	RW2; -12306,-496 -12262,-612
sehr schlechter Radweg	RW1; -12262,-612 -12223,-713 -12219,-726
gemeinsamer Rad- und Gehweg, asphaltiert	RW2;RW2 -12045,-757 -12219,-726
gemeinsamer Rad- und Gehweg, teilweise sehr eng	RW2; -13556,-1182 -13643,-1220 -13727,-1300
Gehweg für Radfahrer frei	RW1; -13727,-1300 -13643,-1220 -13556,-1182
gemeinsamer Rad- und Gehweg, teilweise sehr eng	RW2;RW2 -13727,-1300 -13879,-1445 -14115,-1678 -14187,-1740 -14279,-1820 -14351,-1882 -14369,-1898 -14485,-1998 -14500,-2012 -14642,-2159 -14859,-2384
teilweise Radweg, teilweise Radspur	RW2;RW2 -14859,-2384 -15060,-2626 -15276,-2868 -15431,-3043 -15501,-3122 -15669,-3311
Radweg	RW; -14115,-1678 -14143,-1662
Radweg auf Gehweg	RW;RW 1460,-372 1473,-420 1457,-470 1378,-676 1346,-762
Verbundsteinpflasterradweg, teilweise Zweirichtungsradweg, oft wechselnde Seite	RW;RW 595,-310 525,-347 240,-519 -395,-920 -882,-1220
	RW;RW -1436,-887 -1378,-1022 -1348,-1098 -1503,-1328 -1573,-1477
Radweg auf Gehweg	RW2;RW2 -14909,-1818 -14733,-1812 -14612,-1809
Verbundsteinpflaster	RW;RW -840,-185 -775,-304 -543,-691 -513,-736
	RW4;RW4 -12317,-1212 -12549,-1277 -12666,-1311
	RW4; -12666,-1311 -12674,-1313 -12718,-1327
	RW2; -12718,-1327 -12839,-1342
	RW; -12833,-1365 -12718,-1327
	RW;RW -24815,76635 -23305,77059 -22937,77020 -22504,76981 -21965,77030 -21728,77161 -21621,77313 -20227,77714 -19875,77881 -19494,78080 -19300,78146 -18544,78020 -17592,77812 -16837,78312 -15379,77129
	RW;RW -27053,82717 -26912,83088 -26693,83080 -26520,83231 -26098,84240 -26120,84667 -26316,84900
überwiegend auf altem Bahndamm, asphaltiert, einige kurze nichtasphaltierte Stellen	RW;RW -14512,77750 -14575,78475 -14237,80550 -14354,81575
straßenbegleitender asphaltierter Radweg	RW;RW -14354,81575 -12625,81350 -11971,81450 -11849,81547 -10516,83471 -10281,83899 -10109,84134 -10054,84256 -10085,84390 -9850,84800
straßenbegleitender asphaltierter Radweg	RW;RW -12250,73762 -12381,74147 -12575,74512 -13537,75287 -13950,75662 -14862,76637
	;RW10 -11152,-3498 -11311,-3322 -11438,-3179 -11656,-2944
	RW8;RW2 -11656,-2944 -11770,-2743 -11912,-2587 -11995,-2500
	RW10;RW10 -11995,-2500 -12262,-2244
	RW8;RW2 -12262,-2244 -12318,-2192
	RW4; -15556,429 -15571,612 -15501,795
asphaltiert	RW2; -15501,795 -15571,612 -15556,429
gemeinsamer Geh- und Radweg, Verbundsteinpflaster, auch als Zweirichtungsradweg von der Straße "Am Raubfang" befahrbar	RW2; -15501,795 -15533,813
gemeinsamer Geh- und Radweg, Verbundsteinpflaster	RW2; -15533,813 -15938,1003
	RW4; -15938,1003 -16026,1044
gemeinsamer Geh- und Radweg, Verbundsteinpflaster	RW2; -16026,1044 -16640,1304 -16719,1369 -16742,1387 -16763,1402 -16905,1503 -16897,1518 -16840,1639 -16782,1767 -16706,1911
Betonplatten	RW2; -16640,1304 -16026,1044
	RW4; -16026,1044 -15938,1003
Betonplatten	RW2; -15938,1003 -15533,813 -15501,795
	RW3;RW3 -15757,-1758 -15799,-1352
	RW4;RW4 -15799,-1352 -15810,-1274 -16034,-1203 -16062,-993 -16079,-818 -15854,-656 -15868,-458 -15893,-301
	RW3;RW3 -15893,-301 -15813,-154 -15640,30 -15626,46 -15546,148 -15537,219 -15556,429
	RW3;RW3 -15757,-1758 -15815,-1806 -15904,-1738 -16000,-1732 -16033,-2029 -16040,-2163 -15979,-2419 -15839,-2768 -15805,-2868 -15744,-3053 -15723,-3119 -15669,-3311
Gehweg für Radfahrer frei	RW1; -15044,-1807 -15275,-1791 -15757,-1758
Radweg	RW2; -13039,-127 -13111,-136
Radspur	RW4; -13111,-136 -13039,-127
	RW1;RW1 -8417,-1975 -8415,-1928 -8429,-1805
mäßig betonierte Radwege	RW2;RW1 -7878,-3090 -7971,-3373 -8030,-3538 -8032,-3710 -8034,-3922 -8038,-4093
	RW4; -8038,-4093 -8040,-4148 -7976,-4476
asphaltiert	RW2; -7976,-4476 -8040,-4148 -8038,-4093
	RW4;RW4 36175,-150268 36381,-150315 36531,-150343 36931,-150453
	RW;RW 36665,-150800 36375,-150750 36243,-150771
	RW4; 36243,-150771 36375,-150750 36665,-150800
	RW;RW 36493,-151565 36918,-151787
	RW;RW 36918,-151787 37093,-151665
	RW; 37093,-151665 37375,-151190
	RW4;RW4 37375,-151190 37628,-150734
	RW; 37628,-150734 37756,-150359
Radweg auf der Parkseite, Parkweg	RW;RW 39228,-151762 38971,-152203 38759,-152584
straßenbegleitender Radweg	RW;RW -29244,-23127 -30149,-22937 -30811,-22899 -30918,-23341 -31086,-23556 -31807,-23945 -31976,-24117 -32207,-24248 -32505,-24207 -32546,-24378 -32777,-24700
asphaltiert	RW;RW -35083,-26912 -35860,-26653 -36180,-26455 -36592,-26333
Zweirichtungsradweg	RW;RW -3497,20003 -3371,19864 -3171,19631
Radfahren auf Gehweg erlaubt	RW;RW 38562,97687 38615,98224
Zweirichtungsradweg	RW;RW 38939,101112 39106,101231
gemeinsamer Geh- und Radweg, überwiegend fester Sand	RW;RW 39106,101231 39275,101193 39474,100982 39671,100750 40056,99762
asphaltiert	RW8;RW2 77835,204 77326,287 76839,583 76082,756 75743,878 75452,725 75117,598 74815,386 74683,385
	RW;RW 37100,186740 37881,187596
	RW;RW 38056,187615 38435,187917 38457,187932 38762,188150
optionaler Radweg	RW;RW -13749,105474 -12659,104581 -12122,104267 -12062,104131
	RW2;RW2 -12062,104131 -11793,104246 -11208,104538
benutzungspflichtiger Zweirichtungsradweg, überwiegend Asphalt, nur kurze Verbundsteinpflaster-Abschnitte, einige sehr enge Kurven, schmutzig	RW;RW -11208,104538 -8925,105645 -7570,105900 -7335,106120
gemeinsamer Rad- und Gehweg	RW2;RW8 5394,-3053 4283,-2370
teils asphaltiert	RW;RW8 47432,119730 47554,120007 47547,120819 47501,121206 47549,121619
Radweg auf Gehweg, Verbundsteinpflaster	RW;RW 46859,118757 47008,118886 47187,119302 47432,119730
asphaltiert	RW2;RW8 22532,31955 22527,32200
asphaltiert	RW1;RW9 22527,32200 22519,32552
Radweg auf Gehweg	RW1;RW9 22519,32552 22500,32911 22512,33312 22414,33559
Überwiegend asphaltiert	RW2;RW8 23759,49971 23379,49925
Radweg auf Gehweg, Verbundsteinpflaster	RW8;RW2 22517,31745 22445,31556 22319,31203 22318,31108
Radweg auf Gehweg, Verbundsteinpflaster	RW2;RW8 22318,31108 22378,30943
Radweg auf Gehweg	RW2;RW8 22206,30826 22283,30775 22352,30734
Verbundsteinpflaster	RW;RW8 24203,22171 23930,21873
asphaltiert, ca. 2m breit	RW;RW8 23930,21873 23565,21396 23281,21043 22529,19361
Verbundsteinpflasterradweg	RW2;RW2 69606,73554 69733,73945 69827,74244 70077,75094 70164,75201 70636,75624 70700,75740
Verbundsteinpflasterradweg	RW2;RW8 70700,75740 70700,75848 70700,76125 70570,76523 70500,76862
asphaltiert	RW2;RW8 70500,76862 70546,77321 70464,77755 70489,77838
Verbundsteinpflaster	RW8;RW2 61328,98250 61380,98335 61393,98356 61351,98696
	RW3;RW3 34142,2742 34326,2915 34293,3076 34271,3184
überwiegend Suggestivstreifen	RW3;RW3 -62839,21218 -62285,21020 -61627,20789 -61212,20700 -60365,20706
asphaltiert	RW8;RW2 -36502,10426 -36630,10198 -37029,9856 -37071,9625 -37035,9143 -37495,8583 -37541,7333
teilweise mit Radwegen (Gehweg bzw. Radstreifen)	RW;RW -33196,7156 -32754,7349 -31846,7839 -31583,7939 -31328,7955
asphaltiert	RW2;RW8 -30706,8406 -29594,8467 -28778,8193 -28216,8171 -27406,8069
	RW2;RW8 -13091,-8 -13240,32 -13367,66 -13453,88 -13553,115 -13794,178 -13811,182 -13884,201 -13945,217 -14098,260 -14235,298 -14435,357 -14547,388 -14676,418 -14859,421
	RW6;RW6 -13406,-396 -13452,-358 -13581,-307
	RW6;RW6 -13155,-379 -13285,-360 -13311,-365 -13415,-350 -13452,-358
	RW6;RW6 -13067,1506 -12939,1493
	RW6;RW6 -14115,1174 -14224,1240
	RW6;RW6 -14199,1033 -14134,1008 -14053,985 -13903,941
	RW6;RW6 -13961,836 -14094,917
	RW6;RW6 -14363,1008 -14259,937
	RW6;RW6 -14435,643 -14497,537 -14539,458
	RW6;RW6 -14607,607 -14497,537 -14457,512 -14419,487 -14374,458
	RW3;RW3 -13553,115 -13529,226 -13507,308 -13486,385 -13456,500
	RW2;RW4 -13111,-136 -13206,-139
	RW4;RW4 -13206,-139 -13450,-211 -13645,-266
	RW;RW -26075,21748 -26450,21882 -27692,22148 -28075,22250 -28831,22451 -30773,23095 -31230,23101
	RW;RW -31230,23101 -32007,22836 -34213,23540 -36413,24363 -36882,24414 -38092,24817 -38964,25106 -40033,25453
	RW;RW 88364,18251 90278,18738 91438,18959 92618,19763 92742,19890 92925,19897 92970,19935 92970,20194 93096,20241 93405,20640 93478,20733
separater Radweg, bis 3m breit	RW;RW 37278,185225 37903,185677 38118,185746 38898,185789 39862,185533 40485,185461 40722,185530
gemeinsamer Rad- und Gehweg, asphaltiert	RW2;RW9 60941,170792 61782,170086 62155,169863 62254,169788
gemeinsamer Rad- und Gehweg; zunächst Verbundsteinpflaster, dann asphaltiert	RW;RW8 56606,174200 56991,174001 57351,173906 57489,173876 57621,173775
Verbundsteinpflasterradweg auf der südlichen Seite, streng benutzungspflichtig	RW;RW 62473,169641 63722,168821
Betonsteinpflaster, bis 2,5m breit	RW8;RW 1763,120930 1435,120973 1303,121143 842,121718 206,122655 -121,122847
	RW2;RW2 18368,-1337 18561,-1183 18578,-1130 18539,-1021 18423,-843 18177,-449 18168,-434 18127,-367
	RW2; 18368,-1337 18279,-1438 18293,-1472
	RW2; 18419,-1418 18368,-1337
Gehwegradweg	RW8;RW2 26439,-17829 26639,-17861 26706,-17867 26718,-17867 26832,-17882 27416,-17969 27605,-17999
asphaltiert	RW2;RW8 27605,-17999 28048,-18009 28415,-18028 28642,-17918
Radweg auf Gehweg	RW;RW 15289,-2873 14977,-3505 14878,-3602
Verbundsteinpflasterradwege auf Gehweg	RW;RW 27589,161496 27408,161558 27157,161625 26959,161572 26892,161556 26697,161590
	RW;RW 26697,161590 26698,161653 26699,161759 26699,161847 26700,161925
asphaltiert	RW8;RW 22003,-1625 21696,-2925 21687,-3601
	RW8;RW2 21687,-3601 21013,-4308
Gehweg für Radfahrer frei	RW1; 21047,-4360 21084,-4728
asphaltierter Zweirichtungsradweg	RW;RW -3794,-36334 -3564,-36821 -3179,-37359 -2681,-37520 -2475,-37688 -2152,-37994 -1903,-38119 -1271,-38225 -972,-38425
asphaltiert	RW8;RW2 39739,-89862 39679,-89887 39595,-89845 38478,-89727
asphaltiert	RW1;RW9 37883,-89858 37885,-89996 37960,-90233 38002,-90351 38101,-90412
Verbundsteinpflasterradweg auf Gehweg	RW1;RW1 33666,-87949 33618,-87841 33549,-87679
Verbundsteinpflasterradweg auf Gehweg	RW2;RW2 33180,-86648 33158,-86308 33115,-86029
Gehweg für Radfahrer frei	RW1;RW 45641,-93457 45268,-93455
Radweg auf Gehweg	RW1;RW 53560,-90265 53289,-90355
Radweg auf Gehweg	RW2;RW 53289,-90355 53147,-90403 53144,-90435
Radweg auf Gehweg	RW;RW 53510,-90531 53144,-90435
Radweg auf Gehweg	RW2;RW2 53144,-90435 53039,-90432 52714,-90551
Verbundsteinpflaster	RW8;RW2 52714,-90551 52580,-90602 52531,-90608 51535,-90752 51083,-90805 50891,-90838 50434,-90824 50146,-90787
Verbundsteinpflaster	RW;RW -4,1133 -129,989 -203,906 -371,715 -475,568 -625,189 -749,-74 -797,-138 -840,-185 -927,-280 -1436,-887
Radweg auf Gehweg	RW;RW -371,715 -426,773 -492,795 -531,807 -641,806 -818,789 -1196,724 -1427,684 -1642,659 -1709,653
Radweg auf Gehweg	RW;RW -2743,-934 -2941,-805 -3112,-655 -3412,-291 -3574,-163 -3663,-91 -3875,88
Radweg auf Gehweg	RW;RW 2745,89716 2797,89387
Verbundsteinpflasterradweg auf Gehweg	RW;RW 2797,89387 2480,89399 2111,89378 1907,89597 1544,89701 1090,89570
asphaltiert	RW;RW8 1090,89570 627,89430 234,89271
Verbundsteinpflasterradweg auf Gehweg, teilweise sehr eng	RW;RW -8777,85887 -8775,85947 -8738,86096 -8726,86224 -8711,86273 -8641,86541
Verbundsteinpflaster	RW; 72960,97477 72583,97595 72309,97699
Verbundsteinpflaster	RW8;RW 72309,97699 72151,97918
asphaltiert	RW8;RW 72151,97918 72038,98101 71684,98650 71282,98881
Verbundsteinpflaster	RW2;RW8 61657,98779 61457,98750
	RW;RW8 28842,161837 28567,161564 28473,161345
teilweise Zweirichtungsradweg	RW;RW 28473,161345 28139,161441 27778,161482 27589,161496
	RW8;RW 11875,-8728 11791,-8700 11555,-8625
	RW4;RW3 -13111,-136 -13132,-256 -13137,-278 -13155,-379 -13182,-515
Gehweg für Radfahrer frei	RW1; -13182,-515 -13221,-718 -13231,-763
	RW3; -13231,-763 -13221,-718 -13182,-515
asphaltiert	RW;RW8 -18025,-6370 -18014,-6027 -18144,-5817
kombinierte Geh- und Radwege, Verbundsteinpflaster	RW;RW -19002,-5271 -18894,-5272 -18515,-5282 -17806,-5251 -17682,-5054
asphaltiert	RW;RW -17682,-5054 -17564,-4895 -17434,-4782 -17194,-4659 -17122,-4622 -16333,-3922 -16151,-3770
betoniert	RW;RW -16151,-3770 -16039,-3697 -15669,-3311
2m breiter Zweirichtungsradweg	RW;RW 13546,37474 13908,37983 14449,38733 14498,38870 14551,39291 14698,40345 14830,41000 14923,42035 14962,42702
gemeinsamer Geh- und Zweirichtungsradweg	RW8;RW -9088,-3962 -9047,-3889 -9015,-3831 -8997,-3762 -8943,-3646 -8846,-3474 -8500,-2856
gemeinsamer Geh- und Zweirichtungsradweg	RW;RW8 -14705,-10543 -14831,-10652 -15012,-10820 -15137,-10935 -15182,-10981
	RW8;RW -26258,-20094 -26809,-18383
	RW6;RW6 -12794,-1497 -12870,-1493 -12865,-1462 -12913,-1451 -12975,-1363 -12976,-1356
	RW6;RW6 -12884,-769 -12697,-729 -12545,-698
	RW3; -13546,527 -13456,500
	RW3;RW3 -13456,500 -13311,462 -13203,434 -13157,394 -13094,347 -13036,342
	RW2;RW2 -84506,-74450 -84172,-74293
	RW8;RW2 -86035,-74311 -85944,-74280 -85824,-74269 -85712,-74262
	RW2;RW -84885,-72975 -85881,-73268
	RW2;RW -85881,-73268 -85879,-73551 -85815,-73734
Gehweg für Radfahrer frei	RW1;RW1 -85815,-73734 -85930,-74043
Verbundsteinpflasterradweg auf Gehweg	RW2;RW -81082,-63712 -81456,-64093
asphaltiert	RW2;RW -81456,-64093 -81593,-64262
asphaltiert	RW2;RW0 -85081,-67637 -85131,-67850 -85181,-67878
Verbundsteinpflaster	RW;RW8 56847,148593 56657,148680 56377,148808 56269,148878 56122,148919 56014,148924 55796,148871
Asphalt	RW;RW 55796,148871 55463,148782 55304,148782 54926,148794 54719,148801 54453,148811 54063,148828 54024,148834
	RW;RW 63580,117446 64329,117461
asphaltiert	RW8;RW 64329,117461 64421,117480 64798,117480 65166,117698
Verbundsteinpflaster	RW8;RW 65166,117698 65275,117762
asphaltiert	RW8;RW 65275,117762 65426,117851 66106,117879
asphaltiert	RW;RW8 65329,132574 65560,133122 65582,133468 65706,133604 65976,133649 66236,133947 66414,134436 66598,134671 67379,135216 67525,135724 67385,135946 67330,136163
	RW;RW 49566,68311 49650,68406
Verbundsteinpflasterradweg, zusammen mit Gehweg	RW;RW 48996,71176 48982,71121 48929,70947
	RW8;RW 50314,68648 50364,68651 50557,68650 50891,68557
	RW7;RW7 47499,70761 47463,70752 47426,70726 47457,70641 47442,70600 47277,70582 47172,70534
	RW9;RW2 -11822,-1959 -11197,-2032 -11160,-2014
	RW6;RW6 50035,170731 50047,170808 50081,170887 50081,170948 50061,171057 50079,171165 50181,171331
gemeinsamer Geh- und Radweg	RW2;RW9 60077,171695 60105,171680 60200,171623 60293,171553 60338,171543 60383,171530 60406,171501
asphaltiert	RW;RW8 50049,170583 49835,170038 49737,169837 49114,169212 49028,168646 48995,168300 48954,167870
Gehweg für Radfahrer frei	RW1;RW9 28853,-19212 28615,-19431 28251,-19639 28164,-19771 28071,-19862
Gehweg für Radfahrer frei	RW1;RW9 39634,81668 39576,81399
Gehweg für Radfahrer frei	RW1;RW1 39576,81399 39550,81278 39303,80853 38929,80688
asphaltiert	RW;RW8 30960,61370 30784,60950
Verbundsteinpflaster	RW;RW8 30784,60950 30781,60566
asphaltiert	RW;RW8 30384,59443 29884,58862 29996,58615 29856,58262 29771,57837 29812,57628 29056,57503 28199,57257 27851,57084 27546,56968 27359,56787 27137,56650 26792,56558
asphaltiert	RW8;RW 25512,54174 25488,54151
asphaltiert	RW8;RW2 25488,54151 25401,53587
asphaltiert	RW2;RW8 25401,53587 25395,53549 25347,53338
Suggestivstreifen	RW3;RW3 22868,30412 22904,30359
	RW;RW 2246,31162 2219,31171 2173,31187 2126,31207 2042,31236 1931,31275 1918,31279 1762,31318 1737,31303
	RW4;RW2 1346,-762 1212,-706 925,-684 741,-584 586,-627 465,-662 348,-743
	RW4;RW4 348,-743 -71,-1037
gemeinsamer Rad- und Gehweg	RW2;RW2 -71,-1037 -248,-1160 -705,-1564 -1143,-1759 -1303,-1758 -1453,-1715 -1668,-1709 -2073,-1525 -2276,-1621 -2477,-1717 -2831,-1956 -2984,-2184 -3521,-2552 -3650,-2609
Gehweg für Radfahrer frei	RW1; 4958,24418 5019,24484 5168,24614
Gehweg für Radfahrer frei	RW1;RW1 5212,24652 5265,24642 5443,24589 5608,24610
	RW3;RW3 -13199,1691 -13133,1698
asphaltiert	RW2;RW8 58357,111700 60639,112544 61502,112547 61648,112574
asphaltiert	RW2;RW8 69990,78244 70010,78347
asphaltiert	RW1;RW9 70010,78347 70001,78510
	RW2;RW1 -11822,-1874 -12110,-1862 -12247,-1858 -12420,-1853 -12493,-1896
mäßiger Asphalt	RW2; -13375,2950 -13929,2548
	RW2;RW2 60053,36267 59990,36267 59937,36197 59876,36115 59806,35893
	RW2;RW2 59462,34809 59474,34284
asphaltiert	RW8;RW2 59747,33516 59814,33354 59908,33095 59941,33004
Verbundsteinpflaster	RW8;RW2 59941,33004 60123,32505 60213,32415
	RW2;RW2 44536,20408 44686,20822 44692,20886 44631,21051 44639,21076 44661,21139 44596,21287
Verbundsteinpflaster	RW8;RW2 26497,33280 26755,33126
asphaltiert	RW8;RW2 26755,33126 27004,32977
Verbundsteinpflaster	RW8;RW2 27004,32977 27103,32918
Verbundsteinpflaster	RW2; 46413,46342 46478,46164 46557,46048 46622,45896
Verbundsteinpflaster	RW2; 46734,45729 47076,45358
Gehweg für Radfahrer frei	RW1; 45328,48225 45519,48299 45833,48555 45893,48802
Verbundsteinpflaster	RW8;RW2 45893,48802 45925,49350 46094,49871
betoniert, Plattenwegqualität Q2+	RW2;RW2 37128,48358 36987,48362 36612,48200
betoniert, Q1	RW;RW0 37159,48481 37128,48358
Verbundsteinpflaster	RW2; 36581,48125 36750,48064 36937,48074 37151,48074 37391,48095 37474,48123
Verbundsteinpflaster	RW8;RW2 39361,42665 39355,42506 39291,42160 39137,42103 39146,42061
Verbundsteinpflaster	RW8;RW2 25069,35558 25007,35418 24930,35363 24821,35134
	RW2; -107718,-33404 -107578,-33627 -107255,-33928
	RW1; -107255,-33928 -107151,-34027
	RW2; -106564,-34659 -106471,-34722 -106192,-35714
	RW2; -106088,-35683 -105929,-35852
	RW8;RW2 -105840,-35926 -105336,-36115 -105201,-36280 -105059,-36668 -104937,-36797
	RW1; -103431,-37806 -103223,-37958
	RW2; -103185,-37953 -103040,-37931 -102849,-37981
	RW1; -99805,-41829 -99681,-41642
asphaltiert	RW8;RW 38439,102279 37547,102663 37410,103257
Verbundsteinpflaster	RW2;RW2 25232,-13241 25381,-12762 25543,-12403 25912,-11956
Verbundsteinpflaster	RW2;RW 26302,-11712 26177,-11648
asphaltiert	RW2;RW8 26466,-10409 27050,-10317
Verbundsteinpflaster	RW2;RW2 31843,-536 32128,-548 32138,-858
Verbundsteinpflaster	RW2;RW8 32138,-858 32168,-981 32266,-1004 32778,-1044 32914,-1115 33326,-1341
Verbundsteinpflaster	RW2;RW2 30933,-3649 30893,-3670 30666,-3650
Verbundsteinpflaster	RW2;RW2 30893,-3670 30901,-3737 30886,-3867
Verbundsteinpflaster	RW2;RW8 30886,-3867 30753,-4209
asphaltiert	RW10;RW10 30753,-4209 30721,-4293 30636,-4358
Verbundsteinpflaster, Radweg führt teilweise etwas weiter von der Straße entfernt	RW2;RW8 30636,-4358 30334,-4590 30172,-4649 29555,-4881 29249,-5219 28628,-5900 28470,-6223
Verbundsteinpflaster	RW2;RW8 27461,-12448 27234,-12434
Gehweg für Radfahrer frei	RW1;RW9 26814,-12271 26453,-12128 26419,-12089
Gehweg für Radfahrer frei	RW9;RW1 26453,-12128 26435,-12545
Verbundsteinpflaster	RW2; 26359,-12549 26138,-12596
Asphalt	RW2; 26465,-14385 26473,-14543
Asphalt, gemeinsamer Geh- und Radweg	RW2;RW8 26473,-14543 26567,-14915
Verbundsteinpflaster, gemeinsamer Geh- und Radweg	RW2;RW8 26567,-14915 26612,-15094 26572,-15618 26583,-15677 26650,-15695
Beton, gemeinsamer Geh- und Radweg	RW2; 26583,-15677 26455,-16852 26431,-16931
Beton, Gehweg für Radfahrer frei	RW1; 26431,-16931 26276,-17489 26204,-17794
	RW2;RW2 17073,21329 17584,21678 17696,21806 17825,21931 18356,22225
asphaltiert	RW;RW 38845,51258 38400,51404 38357,51575 38170,51708 38089,51876
	RW;RW -1392,41610 -1585,42437
	RW;RW -1864,43042 -1943,43360 -2602,45078
Verbundsteinpflaster	RW2; 29675,7021 29812,6996 29938,6993 30180,6942 30324,6911
gemeinsamer Rad- und Gehweg	RW2;RW2 30495,7350 30557,6731 30602,6366 30648,5979
	RW6;RW6 -10055,6715 -10091,6716 -10133,6717 -10177,6711 -10178,6691 -10183,6650
	RW3;RW3 -10715,472 -10826,469
	RW6;RW6 -12408,1176 -12325,1145 -12411,881
	RW6;RW6 -13344,160 -13338,188
	RW6;RW6 -14777,-387 -14766,-247 -14814,-30 -14793,159 -14737,300
	RW6;RW6 -15556,429 -15482,386 -15086,63 -15023,13 -14934,-54
	RW6;RW6 -15015,851 -15001,891 -14992,927 -15080,954 -15175,988 -15159,1050 -15281,1086
	RW6;RW6 -15080,954 -15098,889
	RW6;RW6 -15159,1050 -14974,988 -14826,932
	RW6;RW6 -14974,988 -14992,927
	RW6;RW6 -15001,891 -14870,850
	RW3; -14650,201 -14663,310 -14676,418
teils Asphalt, teils Verbundsteinpflaster	RW8;RW2 39341,-1057 39264,-832 39259,612 39250,1024 39311,1219 39321,1349 39212,1762
	RW;RW 87906,-5239 87553,-4939 87418,-4660
	RW2; 55401,-3599 55456,-4023 55447,-4247
überwiegend asphaltiert	RW8;RW2 48518,-1559 47882,-1378 47778,-1308 47484,-1058 46969,-672 46718,-631 46354,-369 45787,-225 45424,-11 45247,7 45037,31 43880,303 43456,337 42926,155 39341,-1057
nicht besonders breite Schutzstreifen	RW3;RW3 -12370,-354 -12396,-298 -12432,-226 -12438,-214 -12449,-186 -12505,-60 -12528,-11 -12557,11 -12637,-8 -12661,-14 -12840,-69 -12961,-136 -13039,-127
Schutzstreifen	RW3; -13187,-1150 -13203,-1246
Gehweg für Radfahrer frei	RW1;RW9 18292,26726 18911,27124 19364,27415 19377,27432 19534,27833
Gehweg für Radfahrer frei	RW9;RW1 20537,29285 20704,29485 21085,29942
	RW2;RW8 21955,30976 21646,30961 21001,30933
	RW2;RW8 21955,30976 21733,31192 21660,31222
	RW2;RW2 33206,63582 33080,63939 32966,64019 32506,64218 32496,64296
Gehweg für Radfahrer frei	RW1;RW1 30282,68716 29990,69159 29831,69617 29695,70021
asphaltiert	RW2;RW8 38907,90615 38992,90586 39375,90456 39609,90247 40122,90048
	RW;RW8 18881,80833 18732,80792 18024,80478 17455,80199 17094,79875
	RW;RW 17094,79875 16904,79746 16331,79764
Gehweg für Radfahrer frei	RW1; 16331,79764 16200,79437 16116,79398
	RW4;RW4 16116,79398 15887,79291
asphaltiert	RW8;RW2 7693,69244 7068,68100 6538,67236 5779,66638 5752,66570
	RW2;RW2 27594,14854 27478,14924
gemeinsamer Rad- und Gehweg	RW2; 13300,-1252 13238,-1248 13131,-1273 12975,-1244 12647,-1187 12507,-1166 12407,-1152 12078,-1170
gemeinsamer Rad- und Gehweg	RW2; 13300,-1252 13230,-712
	RW2;RW2 13300,-1252 13363,-1252
	RW7;RW7 14137,-651 14318,-632 14424,-705 14788,-849 14843,-859 15045,-941 15118,-970 15801,-1168 16074,-1240
Gehweg für Radfahrer frei	RW1; -10267,-1759 -9930,-1687
asphaltiert	RW8;RW 55271,172339 55359,172397 55459,172528
Verbundsteinpflaster	RW8;RW 55459,172528 55640,172618 55704,172720
asphaltiert	RW8;RW 55704,172720 55935,173006 55991,173100
Verbundsteinpflaster	RW8;RW 55991,173100 56039,173308 56088,173431
asphaltiert	RW8;RW 56088,173431 56148,173564 56151,173770 56175,173875
asphaltiert	RW8;RW 52407,174744 52439,174817 52468,174931 52614,175530 52830,176128 52868,176203
Verbundsteinpflaster	RW;RW8 50615,171529 50659,171691
asphaltiert, 2m breit	RW;RW8 50659,171691 50958,172295 51771,173453 51823,173611 51831,173776 51887,174062 52035,174413 52056,174462 52129,174507
Verbundsteinpflaster	RW;RW8 49978,171395 49657,171519 49522,171677 49295,171775 49207,171770 49028,171817
	RW6;RW6 50283,171077 50263,171180
Verbundsteinpflaster	RW;RW 47751,123738 47836,123659 47955,123488
Verbundsteinpflaster	RW;RW 47955,123488 48071,123507 48180,123455 48275,123369
Verbundsteinpflaster	RW;RW 48275,123369 48613,123433 49034,123360
Verbundsteinpflaster	RW;RW 48887,123077 49034,123360 49101,123488 49515,124158
asphaltiert	RW;RW8 49515,124158 50039,125006
	RW4;RW4 48263,122915 47982,122958
Verbundsteinpflaster	RW;RW 63382,117437 63580,117205
gemeinsamer Geh- und Radweg	RW2;RW2 12984,1011 13124,216
Verbundsteinpflaster	RW;RW 50367,179588 50643,179755
Verbundsteinfpflaster	RW8;RW 50643,179755 50593,179823 49750,180975 49689,181083 49491,181430
asphaltiert	RW8;RW 49491,181430 49461,181471 49410,181538 49006,181826
Verbundsteinpflaster	RW8;RW 49006,181826 48898,181937
	RW;RW 48898,181937 48723,182124 48411,182343
	RW2;RW8 48411,182343 48129,182607 47672,183028
Radweg auf Deich	RW;RW8 47172,184530 47149,184545 46620,184885 45963,185140
	RW;RW 50643,179755 50843,179488
Verbundsteinpflastergehweg für Radfahrer frei	RW1;RW1 40952,186220 40853,186070 40837,185903 40751,185719 40722,185530
asphaltiert	RW8;RW2 37400,188601 37064,189140 36607,189766 35988,190394
Verbundsteinpflaster	RW;RW 37400,188601 37796,187862 37881,187596 38017,187425
etwas breitere Seitenstreifen, ca. 0.5m	RW3;RW3 35470,191333 35198,191966 35230,192082 35653,192391 35684,192550 34993,193887 34411,193747 34151,193949
	RW6;RW6 69085,73607 69061,73583
Asphalt, gemeinsamer Geh- und Radweg	RW2;RW8 15395,409 15333,378 14890,136 14239,-492 14091,-597
	RW2;RW2 18588,-438 18555,-588 18523,-735 18496,-784 18423,-843
Asphalt, gemeinsamer Geh- und Radweg	RW2;RW8 20711,-3869 20659,-3787 20630,-3690 20632,-3603 20687,-3424 20666,-3280 20564,-3076 20496,-3003 20401,-2960 20347,-2959 20238,-2931 20190,-2892 20120,-2774 20138,-2716 20208,-2688 20265,-2720 20285,-2775
schlechte Gehwegplatten, teilweise sogar unbefestigt	RW2;RW2 19618,-1021 19529,-1061 18892,-1273
Asphalt, gemeinsamer Geh- und Radweg	RW2;RW8 18892,-1273 18777,-1298 18666,-1325 18419,-1418
mäßiger Asphalt, gemeinsamer Geh- und Radweg	RW2;RW8 18419,-1418 18293,-1472
	RW6;RW6 -13338,188 -13321,264 -13356,274 -13311,462
	RW6;RW6 70199,73577 70022,73654 69900,73679
	RW6;RW6 70022,73654 70249,73687 70661,73830
	RW6;RW6 69187,73536 69085,73549
	RW2;RW 69302,73357 69238,73315
	RW;RW2 69480,73471 69302,73357
	RW;RW2 69480,73471 69236,73732
	RW2;RW2 69236,73732 69121,73868 69031,73974 68933,74089 68778,74271 68682,74325 68555,74317 68334,74207 68240,74219 67951,74351 67258,74691
gemeinsamer Rad- und Gehweg	RW2; 19602,24153 19658,24589
teilweise gemeinsamer, teilweise separater Rad- und Gehweg	RW2; 19658,24589 19670,24710 19765,25058 19825,25144
asphaltiert	RW2;RW8 19825,25144 19931,25260 20734,26128 20835,26335
Verbundsteinpflaster	RW8;RW2 69575,77256 69531,77125 69364,76624 69009,75559 69000,75533 68839,75050 68641,74483
	RW2;RW2 68641,74483 68638,74416 68658,74376 68682,74325
	RW1;RW1 67951,74351 68022,74501 68080,74514 68138,74616
	RW2;RW 68682,74325 68679,74241
	RW6;RW6 68987,73520 69061,73583
asphaltiert	RW2;RW8 -9585,13233 -9578,13509 -9577,13577 -9574,13772 -9498,14127 -9469,14500 -9464,14586
	RW2;RW8 -9464,14586 -9463,14852 -9370,15206 -9074,15656
	RW8;RW2 -9074,15656 -8975,15899 -8625,16889
asphaltiert	RW2;RW8 -8386,11246 -7803,11203 -7303,11028 -6665,10831 -6276,10833 -5979,10819 -5870,10847
asphaltiert	RW2;RW8 -8906,11139 -9034,11411 -9262,11890 -9524,12215
	RW2;RW2 -10090,6868 -10010,6853 -9972,6846
	RW6;RW6 -10091,6716 -10095,6664
	RW6;RW6 -10133,6717 -10138,6646
	RW6;RW6 -10178,6691 -10227,6693 -10227,6658
Verbundsteinpflasterradwege	RW2;RW2 8488,25390 8370,25539 8182,25608 8187,25897
	RW2;RW 8187,25897 8243,26462
	RW6;RW6 55729,-11868 55541,-11861 55469,-11859 55428,-11860 55196,-11909 54873,-11879 54817,-11895 54776,-11895 54732,-11898 54681,-11900 54643,-11904 54476,-11990
	RW6;RW6 55541,-11861 55554,-12077
Verbundsteinpflasterradweg	RW8;RW2 55554,-12077 55556,-12118 55357,-12365 55314,-12516 55331,-12700 55382,-12909 55396,-13045 55405,-13118 55481,-13469 55567,-13706 55651,-13994 55868,-14267
	RW6;RW6 56485,-15230 56335,-15251 56235,-15278
	RW6;RW6 56235,-15278 56294,-15363 56314,-15431 56365,-15569 56418,-15689 56412,-15855
Verbundsteinpflasterradweg	RW8;RW2 52927,-21822 52848,-21857 52758,-21860 52729,-21846 52669,-21814 52220,-21489 52136,-21434 51951,-21317
Verbundsteinpflasterradwege	RW2;RW2 51951,-21317 51987,-21228 52040,-21098 52043,-21065
Verbundsteinpflasterradweg	RW8;RW2 51971,-19887 52100,-19769
Verbundsteinpflasterradweg	RW2;RW8 52100,-19769 52450,-19453 52850,-18943 52931,-18797 53022,-18478 53145,-18334 53182,-18225 53212,-18067 53208,-17918 53182,-17704 53264,-17028 53320,-16795 53431,-16649 53814,-16670
Gehweg für Radfahrer frei, Verbundsteinpflaster	RW1;RW9 54119,-14244 54175,-14039 54196,-13903 54192,-13867 54172,-13582
Verbundsteinpflasterradweg	RW2;RW8 54172,-13582 54155,-13443 54117,-13369 54053,-13068 54024,-12552 54054,-12469 54476,-11990
	RW2; 23084,30893 23103,30923 23109,30968
	RW7;RW7 22522,29766 22700,29848 22760,29909 22998,30282
Gehweg für Radfahrer frei	RW9;RW1 20373,28623 20342,28779 20203,29005
Gehweg für Radfahrer frei	RW9;RW1 20203,29005 20069,28950
Gehweg für Radfahrer frei	RW9;RW1 19931,28894 19815,28835
Gehweg für Radfahrer frei	RW1;RW9 19815,28835 19775,28815
Gehweg für Radfahrer frei	RW9;RW1 18759,28153 18919,28028
Gehweg für Radfahrer frei	RW9;RW1 18899,27976 18919,28028
Gehweg für Radfahrer frei	RW1;RW9 18749,27528 18658,27539
	RW6;RW6 -12100,-2039 -11995,-2047 -11947,-2048 -11842,-2054
	RW3;RW3 -10360,-1934 -10350,-1997
	RW6;RW6 -10429,-1944 -10412,-1857 -10442,-1847 -10440,-1836
	RW3;RW3 -10559,-1901 -10588,-1975 -10633,-2086
	RW6;RW6 -12200,1859 -12290,1907 -12335,1928
	RW4; -12839,-1342 -13001,-1329
	RW3; -13001,-1329 -13206,-1294
	RW4; -13208,-1315 -13001,-1349
	RW3; -13001,-1349 -12976,-1356 -12833,-1365
	RW6;RW6 -14119,-2778 -14163,-2706 -14182,-2679 -14234,-2587 -14169,-2548 -14110,-2642 -14182,-2679
	RW3;RW3 -9928,-4643 -10069,-4508 -10072,-4507 -10170,-4416 -10183,-4402 -10222,-4363 -10277,-4312 -10329,-4263 -10360,-4236 -10394,-4204 -10451,-4149 -10630,-3994 -10676,-3954
	RW2;RW2 -10553,-2859 -10624,-2957 -10674,-3027 -10859,-3249
	RW6;RW6 -14364,-599 -14590,-524
	RW2; -13959,-491 -14023,-564
	RW6;RW6 -16174,1220 -16145,1272 -16129,1306 -16108,1349 -16048,1454
	RW6;RW6 -16275,1278 -16160,1494
Radstreifen nur schwach zu erkennen	RW3;RW3 -14023,-564 -14120,-543
	RW3;RW3 -15501,795 -15308,1220 -15293,1251
	RW2;RW4 -14676,418 -14665,481
	RW6;RW6 -14769,582 -14776,560 -14732,528
	RW6;RW6 -10278,-1140 -10019,-1198
Verbundsteinpflasterradweg	RW1; 26321,9868 25781,9966
Verbundsteinpflaster, Gehweg wahrscheinlich für Radfahrer freigegeben	RW1;RW1 18050,-1636 17647,-1890 17586,-1937 17452,-2041
Verbundsteinpflaster, gemeinsamer Rad- und Gehweg	RW8;RW2 17452,-2041 17364,-2110
Asphalt, gemeinsamer Rad- und Gehweg	RW8;RW2 17364,-2110 17255,-2197 17181,-2257 16435,-2870 16365,-3036
Asphalt, gemeinsamer Rad- und Gehweg	RW8;RW2 16365,-3036 16287,-3031 15759,-3594 15661,-3730
Asphalt, gemeinsamer Rad- und Gehweg	RW8;RW2 14993,-4196 14626,-4349 14246,-4718 13964,-4844 13677,-4801 13513,-4708
Asphalt, gemeinsamer Rad- und Gehweg, breit	RW2;RW8 14993,-4196 15053,-4328 15297,-4462 15493,-4693
Asphalt, gemeinsamer Rad- und Gehweg, ca. 3m breit	RW8;RW2 15342,-5771 15078,-5983 14990,-5999 14775,-5925 14274,-6153 13781,-6410 13562,-6525 13277,-6655
	RW2;RW8 13277,-6655 12877,-6903
Verbundsteinpflaster, gemeinsamer Rad- und Gehweg	RW2;RW8 19579,-4027 19464,-4107 19268,-4192 19036,-4282 18517,-4502
Verbundsteinpflaster, gemeinsamer Rad- und Gehweg	RW2;RW8 18386,-4109 18423,-4094 18861,-3921 19019,-3859 19105,-3940 19158,-4083 19126,-4141 18984,-4202 18492,-4417 18480,-4374 18386,-4109
Verbundsteinpflaster, gemeinsamer Rad- und Gehweg	RW2;RW8 18517,-4502 18492,-4417
Verbundsteinpflaster, gemeinsamer Rad- und Gehweg	RW8;RW2 19601,-3714 19904,-3581 20239,-3424 20285,-3346 20285,-3268 20071,-2917
	RW;RW 13256,-4919 13049,-4788 12977,-4783 12841,-4989 12680,-5230 12782,-5284 12837,-5273 13194,-5021 13256,-4919
	RW;RW 16953,35907 17114,35904 18082,36115 18440,36179 19193,36011
gegenläufiger Radweg, rotes Betonpflaster	RW;RW 25938,11837 26042,11798 26222,11726 26555,11601 26794,11513 26880,11479
	RW;RW 1596,29362 1631,29260 1748,29003 1805,28879 1838,28808 1896,28681 2015,28414
	RW2; 2015,28414 2003,28396 2012,28378 2035,28381 2037,28393 2032,28407 2015,28414
	RW2;RW2 2035,28381 2082,28353 2125,28208
asphaltiert	RW8;RW 8071,30398 8100,30308 8281,29788 8327,29494 8315,29159
	RW2;RW8 22912,48759 22862,49031
teilweise asphaltiert	RW1;RW9 22862,49031 23597,49573 23660,49619 23748,49682 23783,49745 23759,49971
asphaltiert	RW8;RW 5654,-6424 6432,-6715
asphaltiert	RW;RW8 9854,-9480 9704,-9993 9598,-10356 9578,-10891
asphaltiert	RW;RW8 10744,-25036 9478,-26014 9223,-26361 8647,-26861
asphaltierter straßenbegleitender Radweg	RW;RW 5741,-40876 5685,-41069 5664,-41809 5673,-42623 5676,-43497 5816,-44198 6096,-44664
asphaltierter straßenbegleitender Radweg	RW;RW 7653,-45231 7818,-45711 8304,-46094 8366,-46200
asphaltierter straßenbegleitender Radweg	RW;RW 8034,-47120 7656,-48403 6337,-49781
asphaltierter straßenbegleitender Radweg	RW;RW 6336,-50572 6733,-50847 6956,-51837 7160,-52624 7032,-53095
	RW;RW -2760,-740 -3003,432
gemeinsamer Rad/Fußweg, der stellenweise nur ca. 2,5m breit ist	RW2;RW8 22178,30343 21872,30139 21561,30131 21117,29968 21085,29942
sehr guter Zweirichtungsradweg	RW;RW -24957,22740 -24366,23575 -23897,24448 -23732,24811 -23641,24954 -22574,25597 -22376,26392 -22736,27452 -22711,27592 -22416,28080 -22224,28832 -21704,30257 -21772,30661
	RW;RW 33937,52172 34100,52926 34322,53968
Radweg, sehr gute Qualität	RW;RW -36006,-418 -35366,-542
asphaltiert	RW2;RW8 -10090,6868 -9996,7037 -9983,7100 -9964,7203 -9935,7406 -9928,7459 -8634,9626 -8628,9803 -8677,10083 -8687,10570 -8809,10915 -8906,11139
sehr guter Zweirichtungsradweg	RW;RW8 -31776,-12438 -32010,-12375 -32394,-12207 -32629,-12038 -32737,-11697 -33398,-11574 -33613,-11062 -33784,-11021 -33786,-10636 -33914,-10466
asphaltiert	RW;RW -11954,-13862 -11853,-14116 -11699,-14911 -11484,-15158 -11553,-15502
sehr guter Zweirichtungsradweg	RW;RW -34553,-10321 -34810,-10045 -34985,-9383 -35324,-8427
Radweg, wahrscheinlich für beide Richtungen	RW;RW 41409,-5222 41836,-5523 42349,-5620 42486,-5743
gemeinsamer Rad- und Gehweg, Asphalt teilweise wellig	RW8;RW2 25868,9225 26321,9868
gemeinsamer Rad- und Gehweg	RW2;RW8 26321,9868 26771,10496
	RW;RW 26771,10496 26892,10666
freigegebener Gehweg	RW; -9723,-2451 -9963,-2253
straßenbegleitende Radwege	RW;RW -11253,13707 -11635,13818 -12145,13943 -13019,13861 -13330,13857 -14057,13830 -16015,13705 -16767,13639 -16982,13681 -17175,13749 -18726,14303 -18976,14381 -19527,14652
	RW;RW 11165,-5318 11291,-4485 11355,-4293 11338,-3945
neuer Bürgersteigradweg, 1,50m	RW1; -12431,-2096 -12534,-2125
Radstreifen, 1,20m	RW4; -12534,-2125 -12712,-2256 -12743,-2387 -12756,-2437 -12779,-2467 -12796,-2488 -12879,-2573
Radstreifen, 1,20m	RW4; -12879,-2573 -13003,-2754 -13022,-2776 -13062,-2901
alter Bürgersteigradweg, etwas welliger Asphalt, 1,30m	RW1; -13062,-2901 -13022,-2776 -13003,-2754 -12879,-2573
Radangebotsstreifen, 1m	RW3; -12879,-2573 -12796,-2488 -12779,-2467 -12756,-2437 -12743,-2387 -12712,-2256
Radstreifen, 1,50m; kurz vor der Kreuzung Bürgersteigradweg	RW4; -12712,-2256 -12534,-2125 -12431,-2096
Radweg auf dem Bürgersteig	RW;RW 25678,-3957 25752,-4178 25763,-4283
Verbundsteinpflaster	RW;RW -2213,-251 -2141,-307 -2046,-345 -1945,-354 -1921,-354 -1802,-339 -1494,-303 -1375,-292 -1179,-298 -1043,-294 -927,-280
	RW;RW -11307,35852 -11193,35418 -10950,35081 -10962,34793 -10825,34568
	RW;RW -18406,35425 -18912,35525 -19481,35481 -19737,35362 -20450,35368
	RW;RW -1982,24514 -1944,24634 -1950,24762 -1996,24889 -2139,25038 -2446,25386 -2800,25478
gepflasterte, eher schmale Radwege	RW;RW -3331,25078 -3446,25075 -3815,25252 -4219,25460 -4265,25459
asphaltiert	RW2;RW2 1051,32796 929,32980 831,33128 746,33231 728,33253 470,33540 81,33971 -445,34937 -570,35185
gemeinsamer Geh- und Radweg	RW2;RW2 26466,-10409 26442,-10452
gemeinsamer Geh- und Radweg	RW1;RW1 26442,-10452 26429,-10647
gemeinsamer Geh- und Radweg	RW2;RW2 26429,-10647 26407,-10986 26281,-11160 26243,-11296
gemeinsamer Geh- und Radweg (altertümliches Verbundsteinpflaster)	RW2;RW2 26243,-11296 26265,-11528 26177,-11648
	RW2;RW2 26466,-10409 26446,-10394 26453,-10235
	RW2;RW8 26453,-10235 26450,-10134 26432,-10043 26391,-9997 26365,-9875 26381,-9753
antike Radwege, teilweise Schotter	RW1;RW1 26381,-9753 26679,-8825
gemeinsamer Geh- und Radweg, Verbundsteinpflaster	RW2;RW2 26679,-8825 26727,-8668 26749,-8475 26775,-8117
Gehweg für Radfahrer frei	RW1;RW1 26786,-7968 26790,-7918 26700,-7334 26609,-7136 26506,-6931 26146,-6218
	RW8;RW2 -13051,-3101 -13092,-3798 -13687,-4949 -13723,-6401 -13593,-6956 -13593,-7127 -13997,-8760 -13973,-8969 -14060,-9016 -14149,-9371 -14279,-9832 -14364,-10176 -14428,-10433
asphaltiert	RW;RW8 -14279,-9832 -14518,-9621 -14790,-9271 -15120,-8806 -15805,-7964 -15951,-7768 -16023,-7721 -16029,-7600 -15989,-7410 -16187,-7211
	RW;RW8 -14428,-10433 -13597,-10497 -13433,-10557 -13211,-10642
eigener Radweg neben der Straße	RW2;RW8 35728,17428 35618,17440 35225,17557 34813,17682 34154,17882 33961,17989 33133,18131 32941,18121
	RW;RW 16488,29880 16279,29196 16066,28510 16008,28424 15777,28037
	RW6;RW6 -10052,6640 -10138,6646 -10183,6650 -10315,6646
straßenbegleitende Radwege	RW;RW 92404,20801 92726,20487 92970,20194
asphaltiert	RW8;RW2 67117,71540 68016,72528
Radweg auf Bürgersteig	RW;RW 68016,72528 68281,72757 68690,72995
	RW6;RW6 -9513,-2845 -9535,-2913 -9559,-3000 -9565,-3025 -9583,-3090 -9627,-3243 -9642,-3257
	RW6;RW6 -9565,-3025 -9419,-3068
	RW6;RW6 32418,6361 32606,6376 32603,6417 32431,6399 32416,6397
asphaltiert	RW;RW8 4227,-5721 4547,-4951 4842,-4182 5068,-3719 5394,-3053
Radweg vorhanden	RW 11054,-5341 11020,-5223 10518,-4820 10153,-4536
asphaltierter Gehweg	RW 11338,-3945 11671,-3400
	RW;RW -3450,26512 -3700,26625 -4048,26914 -4293,27146
	RW;RW -4293,27146 -4750,27667 -5182,27964 -5874,28179 -6231,28450 -6631,28966 -7125,29575 -7143,29737 -7517,29815
sehr gute Verbundsteinpflasterradwege	RW2;RW2 1684,-927 1722,-773 1713,-652 1677,-582 1612,-505 1457,-470
