B96 Oranienburg - Abzweig nach Grüneberg: viel Verkehr	+1 -769,40733 -1111,41074 -1283,41607 -1435,42417 -1757,43077 -2423,44910 -2531,45187 -2681,45634 -3088,46103 -3859,47103 -4182,47870 -4504,48552 -5017,48807 -5893,49210 -5937,49637 -5938,49978 -6194,50105 -6515,50425 -6410,51086 -6432,51320
für eine Bundesstraße sehr ruhige Straße	-2 45876,76935 46217,77149 46152,77426 46173,77682 46407,77981 46468,79111 46144,80689 45714,81967 45691,82479 45860,83119 46286,83483 46392,83931 46733,84273 46902,84891 47371,85404 47349,85617 47263,85766 47260,87003 47429,87516
für eine Bundesstraße relativ ruhige Straße	-1 47984,87837 48218,88136 49048,88990 49197,89375 49195,90185
relativ ruhig	-1 31412,38071 31520,37879 33892,37052 36070,36715 36433,36652 37478,37102 37841,37380 38993,37766 39185,37618
B109 durch die Schorfheide: relativ ruhig	-1 25827,85594 25554,83781 25134,81199 24858,80538 24840,79258 24799,78618 23568,75545 23808,73327 22424,71960 22350,67503 21989,66606 21735,65753 21374,64856 19699,60332 19678,59990 19444,59734 18342,56746 18002,55956
B109 bis Wandlitz: besonders am Wochenende starker Verkehr	+1 13348,27204 13376,27669 12863,27753 12325,29629 12451,30482 12509,32828 12141,34640 11926,35300 11947,35642 12586,35963 12798,36539 13458,37500 13862,38034 14415,38888 14478,39421 14625,40467
B158: starker Verkehr	+1 24193,22189 23874,21826 23554,21420 23235,21036 22513,19435 22364,19328 21959,19071 21426,18883
#: XXX rausnehmen, wenn nicht mehr aktuell!
Prenzlauer Promenade: während der Bauarbeiten engere Fahrbahn	+1; 12097,16263 12046,16568 12012,16752
Gitschiner/Skalitzer Str.: starker Verkehr, Stress	+1 9948,10280 10122,10294 10340,10301 10605,10312 10859,10333 10962,10340 11114,10338 11336,10390
Leipziger: starker Verkehr, Stress	+1 9569,11631 9437,11616 9268,11590 9046,11558
Leipziger: starker Verkehr, Stress	+1; 9046,11558 8733,11524
Modersohnstr.	+1 13919,10583 14007,10802 14026,10869 14139,11269 14180,11428 14211,11552
Persius/Rochowstr.	+1 14641,10552 14488,10603 14305,10666 14191,10690 14170,10675 14103,10489
Weichsel/Scharnweberstr.	+1 14639,11512 14705,11629 14787,11774 14825,11844 14879,11934 14953,11923 15066,11906 15243,11881
Rüdersdorfer/Wedekind/Grünberger: stärkerer Verkehr, aber teilweise 30er-Zonen	+1 12811,12081 12891,12008 13066,11854 13226,11934 13362,12002 13520,11963 13702,11918
Wühlischstr.	-1 13655,11727 13895,11663 13954,11647 14065,11605 14211,11552 14305,11514 14362,11493 14434,11465 14575,11407 14676,11375 14773,11342
Revaler Str.	+1 13594,11489 13720,11459 13890,11411 13970,11366 14139,11269
Eldenaer/Ebertystr.	+1 15513,12856 15357,12813 15086,12849 15010,12855 14842,12826 14661,12798 14363,12749 14336,12758 14096,12827 13844,12900 13798,13003 13756,13103 13707,13206 13658,13315 13550,13560
Kreuzbergstr.	-1 9248,9350 9211,9354 8955,9318 8769,9290 8598,9256
Kreuzbergstr.	+1 8598,9256 8478,9236 8401,9079
Bergmannstr.: Lieferverkehr, aber 30er-Zone	+1 9248,9350 9300,9341 9492,9311 9623,9281 9689,9266 9753,9252
Möckernstr.	+1 8777,9601 8779,9805 8780,9968 8783,10166 8804,10314 8820,10379
Großbeerenstr.	+1 8955,9318 8994,9509 9043,9745 9073,9915 9108,10101 9141,10292 9147,10359
Baerwaldstr.	+1 10189,9403 10298,9649 10345,9764 10408,9800
Baerwaldstr.	+1 10339,9818 10345,9764
Wiener Str.	-1 11949,10414 12169,10310 12234,10279 12341,10218 12507,10130 12671,10042 12817,9964
Annenstr./Fischerinsel	+1 11095,11389 10915,11535 10819,11664 10720,11805 10715,11812 10687,11853 10672,11870 10499,12044
Monumenten/Langenscheidtstr.: stärkerer Verkehr, aber durchgängig 30er-Zone	+1 8598,9061 8480,9071 8401,9079 8180,9099 8081,9129 7990,9129 7782,9115 7735,9121 7655,9188 7603,9234 7495,9325 7478,9340
Güntzelstr.	+1 5493,9357 5321,9376 5188,9388 5065,9407 4957,9422 4839,9441 4758,9457 4708,9498
Manfred-v-Richthofen	-1 9221,8732 9107,8656 9013,8594 8919,8508 8857,8421 8807,8353 8777,8271 8723,8100 8724,8021 8726,7944 8637,7871
#: XXX check!
Friesen/Zossener Str.	-1 9801,8683 9796,8905 9799,8962 9797,9063 9795,9162 9793,9241 9753,9252 9759,9307 9767,9386 9784,9519 9806,9722 9820,9858 9811,10055
Kiefholzstr.	+1 13846,9296 14140,8977 14374,8726 14560,8528 14698,8371 15053,7966 15229,7785 15557,7388 15690,7243 15919,6992 16143,6750 16861,5935
Dammweg	+1 14606,7251 14748,7378 14969,7580 15229,7785 15561,8072
Württembergische/Schlüterstr.	+1 4419,9336 4374,9409 4391,9616 4398,9723 4422,9869 4439,9983 4456,10092 4478,10218 4485,10307 4503,10497 4513,10702 4525,10850 4540,11041 4556,11206 4567,11350 4579,11579 4507,11728
Pappelallee	+1 10889,15045 11119,15385 11301,15668 11393,15823 11455,15916 11550,16068 11618,16183 11727,16358
Alt Stralau/Kynaststr.: besonders im Berufsverkehr starker Verkehr	+1 14564,10262 14656,10197 14774,10420 14906,10975 14988,11130
Schreiberhauer/Buchberger	+1 15168,10887 15193,11075 15215,11174 15322,11335 15438,11305 15452,11330 15480,11392 15735,11280 15829,11282 15936,11314 16225,11523 16373,11933
Oranienburger bis Spandauer Str.	-1 9215,13392 9281,13374 9415,13315 9605,13248 9771,13182 9786,13178 9932,13109 10097,12997 10132,12941 10171,12769 10309,12854
Oranienburger	-1 10264,13097 10077,13100 9932,13109
Kronprinzessinnenweg	+1 -3296,3686 -3758,3054 -4001,2858
Havelchaussee	+1 -3296,3686 -3490,4212 -3605,4520 -3729,4687 -3807,4794 -3872,4953 -3947,5129 -4072,5227 -4003,5621 -3944,6034 -3856,6152 -3723,6254 -3606,6407 -3598,6572 -3589,6721 -3475,6780 -3377,6797 -3355,6874 -3506,7699 -3531,7825 -3536,7856 -3561,7964 -3615,8496 -3552,8557 -3379,8590 -3277,8728 -3073,9061 -3140,9294 -3304,9470 -3361,9535 -3423,9642 -3374,9755 -3164,9922 -3011,10103 -2761,10323
Teufelsseechaussee	-1 -898,9375 -750,9547 -445,9627 -203,9754 -60,9976 114,10671 245,10846
Fontanestr. - Eichkampstr. - Messedamm	+1 1074,8470 1043,8550 962,8642 912,8895 731,8872 641,8840 490,8716 425,8766 701,9122 896,9396 1341,10007 1457,10168
Matterhornstr.	-1 -1155,3255 -1187,3264 -1360,3314 -1530,3323 -1873,3315 -2137,3408 -2259,3363 -2535,3194 -2614,3124 -2904,3033 -3064,2946 -3129,2922 -3131,2888
