R1	CS -10587,471 -10573,564 -10512,683 -10430,848 -10273,1088 -10209,1161 -10163,1288 -10078,1551 -10044,1567 -9975,1564 -9900,1573 -9818,1530 -9770,1482 -9746,1408 -9734,1394 -9606,1389 -9647,1462 -9673,1519 -9663,1622 -9632,1672 -9584,1703 -9511,1739 -9444,1820 -9393,1831 -9108,1798 -9016,1782 -8934,1801 -8861,1855 -8747,2023 -8636,2102 -8591,2144 -8540,2209 -8468,2152 -8400,2156 -8284,2156 -8106,2034 -7866,1862 -7640,1837 -7443,1915 -7165,1978 -6903,1906 -6784,1815 -6648,1613 -6577,1395 -6492,1204 -6441,1139 -5951,1241 -5868,1255 -5499,1349 -5253,1395 -5161,1387 -4944,1298 -4841,1414 -4625,1498 -4252,1822 -4165,1969 -4181,2062 -4290,2304 -4261,2557 -4171,2659 -4001,2858 -3758,3054 -3296,3686 -3490,4212 -3605,4520 -3729,4687 -3807,4794 -3872,4953 -3947,5129 -4072,5227 -4003,5621 -3944,6034 -3856,6152 -3723,6254 -3606,6407 -3598,6572 -3589,6721 -3475,6780 -3377,6797 -3355,6874 -3506,7699 -3531,7825 -3536,7856 -3561,7964 -3615,8496 -3552,8557 -3379,8590 -3277,8728 -3073,9061 -3140,9294 -2956,9307 -2672,9220 -2297,9103 -2090,9075 -1877,9092 -1638,9152 -1553,9161 -1415,9144 -1279,9093 -1188,9090 -1047,9123 -942,9251 -898,9375 -750,9547 -445,9627 -203,9754 -60,9976 -29,10108 114,10671 245,10846 393,11032 480,11167 467,11221 589,11241
R1	CS 5475,11846 5566,11860 5771,11887 5901,11902 6642,12010
R1	CS; 6642,12010 6685,11954 6744,11936 6809,11979 6828,12031
R1	CS; 6828,12031 6799,12083 6754,12108 6725,12113 6690,12104 6653,12067 6642,12010
R1	CS 6828,12031 7383,12095 7816,12150 8063,12182 8214,12205 8515,12242 8539,12286 8560,12326 8540,12420 8775,12457 8804,12280 9028,12307 9141,12320 9349,12344 9476,12359 9603,12372 9681,12382 9754,12389 9782,12393 9853,12402 9918,12411 9987,12421 10025,12428 10083,12442 10173,12492 10244,12544 10300,12587 10352,12627 10440,12696 10596,12517 10676,12418 10732,12355 10780,12297 10825,12271 10946,12241 11094,12243 11139,12243 11304,12234 11351,12221 11388,12202 11773,12006 11726,11908 11690,11830 11574,11594 11509,11427
R1	CS; 11509,11427 11426,11394 11349,11227 11307,11125 11329,11065 11287,10976 11328,10957
R1	CS; 11328,10957 11365,11047 11421,11073 11461,11145 11473,11180 11542,11342 11509,11427
R1	CS 11328,10957 11556,10869 11756,10782 11781,10696 11755,10639 11718,10544 11949,10414 12169,10310 12234,10279 12341,10218 12507,10130 12671,10042 12817,9964 12932,9900 13086,9825 13150,9900 13221,10005 13276,10076 13293,10096 13440,10284 13493,10234 13540,10190 13579,10146 13789,9949 13829,9905 13884,9882 13998,9830 14189,9748 14310,9692 14774,9467 14811,9449 15366,9182 15550,8888 15580,8839 15793,8984 15969,9102 16129,9189 16259,9182 16319,9149 16449,9011 16529,8845 16604,8576 16692,8166 16619,7831 16649,7570 16798,7699 16869,7713 17042,7748 17039,7685 17297,7752 17527,7812 18003,7144 18052,7148 18186,7200 20021,6402 20200,6321 20293,6278 20440,6221 20619,6133 20708,6089 20755,5750 21002,5755 21302,5839 21378,5843 21584,5739 21630,5671 21954,5229 22101,5064 22196,4847 22147,4831 22043,4562 22071,4501 22093,4499 22279,4484 22342,4476 22396,4464 22686,4310 22967,4144 23368,3894 24984,2928 25011,2907 25496,2429 25570,2408 25886,2317 25948,2474 26026,2532 26460,2428 26802,2374 27218,2300 27314,2282 27528,2469 27732,2671 27984,2995 28485,3206 28695,3245 28723,3283 28829,3295 28723,3214 28723,3098 28748,2963 28783,2916 28862,2916 29532,2556 29738,2467 29899,2399 29964,2422 30162,2279 30436,2282 31018,2167 31115,2105 31865,1794 31944,1859 32136,1859 32204,1892 32237,1913 32222,2048 32238,2123
R1	CS -16912,-5690 -16558,-5727 -16323,-5706 -16072,-4894 -16010,-4509 -15886,-4339 -15750,-4196 -15765,-3990 -15431,-3618 -15340,-3406 -15203,-2931 -14912,-2884 -14734,-2471 -14859,-2384 -14500,-2012 -14265,-2221 -14061,-2261 -13975,-2098 -13990,-1932 -13999,-1856 -14009,-1678 -13865,-1618 -13771,-1471 -13531,-1534 -13275,-1576 -12719,-1661
R1	CS -12600,-1706 -12437,-1506 -12265,-1434 -12281,-1378 -12317,-1212 -12296,-1190 -12231,-1078 -12148,-934 -12063,-784 -11926,-580 -11870,-495 -11723,-220 -11665,-143 -10825,465
R1	CS 32238,2123 32313,2159 32336,2339 32445,2583 32827,2846 32812,2974 32829,3105 33111,3064 33593,2893 33894,2825 34142,2742 34175,2637 34250,2546 34443,1951 34620,2046 34742,2111 34990,2148 35453,2207 36403,2465 36719,2420 36771,2581 37084,2693 37712,2659 38023,2687 38636,2578 39044,2686 39243,2759 39534,3037 39645,3307 39968,3795 40463,4020 41051,4427 41275,5229 41987,5693 42946,5792 44799,6250 44912,6613 44599,7342 44946,8940 45747,11268 46184,11821 46185,13575 45754,14207 45856,14437 46053,14653 46250,14765 46421,14990 46984,14990 47381,14731 47968,14759 49278,15634 49359,15759 49437,16565 49700,16565 51701,16963 51766,16772 52577,16683 52835,16596 53097,16463 53545,16523 53910,16689 54518,15926 54751,15669 55000,15887 55225,15862 55875,16287 56487,16825 58512,18662 58760,18878 58973,18939 59123,18874 59569,18402 59974,18184 60294,18011 60358,17819 60613,17541 60867,17262 61806,16868 62104,16631 62380,16226 62444,15991 62962,15975 63062,15775 63462,15800 64212,15387 65200,15637 65819,15698 66032,15927 66079,17409 66275,18739 66510,19116 66532,19243 66469,19414 66555,19582 66875,19703 67025,20018 67136,21308 67158,21520 66882,22011 66861,22159
R1	CS -21642,-16531 -21421,-16696 -21187,-16509 -21468,-15641 -22031,-15477 -22922,-14422 -22922,-13719 -22734,-12969 -22758,-11984 -22476,-11163 -22734,-11163 -22438,-10456 -21773,-9616 -21590,-9622 -21561,-8963 -21318,-8660 -20893,-8318 -20725,-8059 -20684,-7570 -20778,-7496 -20740,-7375 -20472,-7292 -20281,-6915 -19858,-6458 -19519,-6308 -19456,-5987 -19117,-5645 -18966,-5945 -18410,-6286 -18025,-6370 -17984,-6072 -17666,-5900 -17432,-5643 -17304,-5750 -17048,-5792 -16912,-5690
R1	CS 589,11241 706,11251 936,11280 1210,11314 1381,11335
R1	CS 1574,11379 1629,11363 1839,11393 2110,11426 2234,11440 2417,11465 2612,11491 2766,11512 3069,11551 3159,11562 3320,11583 3441,11598 3690,11629 3844,11649 3971,11659 4195,11690 4345,11710 4507,11728 4747,11751
R1	CS 4906,11772 5383,11834 5475,11846
R1	CS; 1381,11335 1532,11280 1574,11379 1391,11434 1381,11335
R1	CS; 4747,11751 4780,11702 4842,11679 4897,11727 4906,11772 4867,11835 4770,11820 4747,11751
R1	CS -21642,-16531 -22773,-17588 -26312,-20250 -26140,-20772 -26338,-21122 -27908,-22935 -28547,-22981 -29244,-23127 -30811,-22899 -30918,-23341 -31086,-23556 -31807,-23945 -31976,-24117 -32207,-24248 -32505,-24207 -32546,-24378 -32777,-24700 -32966,-24870 -34032,-26302 -34444,-26668 -34581,-26927 -34810,-26859 -35083,-26912 -35860,-26653 -36180,-26455 -36592,-26333 -38130,-26607 -38249,-26861
ZR1	CS 45856,14437 44121,14615 43743,14634 43162,14428 42996,14793 42578,15750 42300,15756 41681,15915 41693,16075 41356,16225 41168,16281 40807,15904
ZR1	CS 39400,15803 39193,16900 39287,17231 39235,17255 39181,17281 38846,17400 38537,17484 36768,17309 35618,17440 35225,17557 34813,17682 34154,17882 33961,17989 33051,18158 32513,18082 32293,18093 32325,18434 31740,18675 31348,18382 30021,18559 28715,18500 27803,18459 26717,16823 26107,16340 26097,16216 26163,16005 26246,15811 26328,15462 26268,15346 26068,14993
RR8 (Schloﬂplatz - Hellersdorf)	CS 18240,13521 18017,13509 17793,13452 17688,13430 17327,13454 17232,13518 16866,13532 16863,13138 16857,12861 15937,12883 15645,12864 15543,12856 15357,12813 15086,12849 15010,12855 14842,12826 14661,12798 14363,12749 14326,12627 14304,12552 14272,12446 14230,12312 14208,12235 13885,12279 13792,12292 13563,12324 13472,12337 12869,12425 12606,12471 12360,12505 12135,12551 12047,12572 11635,12745 11540,12795 11315,12904 11236,12946 11134,12793 11109,12802 11030,12741 10960,12809 10923,12779 10704,12595 10596,12517
Route H	CS 3268,828 3304,832 3362,898 3376,945 3366,1007 3458,1063 3619,1207 3695,1308 3743,1385 3690,1436 4053,2300 4193,2616 4224,2659
Route H	CS 4224,2659 4582,3076 4787,3342 4801,3370 4825,3402 4970,3684 5093,3912 5145,3984 5236,4078 5533,4267 5557,4294 5742,4353 5786,4388 5838,4454 5931,4659 6018,4850
R1 Bernau - Liepnitzsee	CS 22712,30340 22649,30519 22541,30476 22434,30685 22283,30775 22206,30826 21955,30976 21724,31159 21660,31222 20731,31774 20129,32184 19981,32698 19511,33129 19275,33344 18742,34289 18242,34708 17535,35458 16965,36004 17000,36212 16175,37287 15985,37386 15737,37575 16022,38506 16098,38620 16265,38559 16722,38613 17172,38605 18121,39017 18337,39131 18475,39193 18621,39109 18681,38937 18573,38837 18463,38156 17230,37298 16735,37215 16539,37278 16175,37287
Pankeweg	CS 9310,18108 9365,18062 9410,18021 9460,18053 9803,18131 9831,18181 9902,18180 9909,18333 10202,18579 10496,18704 10509,18981 10592,19249 10661,19307 10883,19389 11221,19505 11756,19694 11883,19739 11907,19749 11995,19759 12122,20307 12207,20351 12377,20636 12563,20753 12807,20944 13078,21754 13205,22299 13129,22312 13139,22401 13395,22365 13426,22398 13468,22518 13514,22642 13357,22717 13402,22888 13565,23089 13890,22889 14057,23120 14144,23378 14173,23426 13953,23497 14265,23759 14356,23862 14625,24215 14869,24391 15337,24593 15647,25111 16057,24896 16126,24999 16117,25038 16172,25217 16171,25254 16042,25318 16294,25683
Pankeweg	CS 18817,27979 18718,28096 18759,28153 18731,28203 18846,28293
Berlin - Usedom	CS 18846,28293 18943,28375 19125,28553 19440,28746 19728,28850 19775,28815 19931,28878 20203,29000 20342,28779 20373,28623 20475,28650 20610,28703 20660,28746 20757,28940 20775,28937 20835,29017 21228,29284 21260,29334 21290,29346 21704,29626 21871,29720 21892,29754 21989,29787 22128,29781 22257,29814 22262,29723 22332,29742 22410,29720 22507,29740 22534,29770 22700,29842 22760,29898 22998,30282 22904,30359 22868,30412 22712,30340 22649,30519 22541,30476 22434,30685 22283,30775 22206,30826 22378,30943 22306,31150 22512,31754 22527,32200 22540,33318 22414,33559 22606,33958 22931,35451 23232,36004 23792,36819 24225,37587 24193,37725 24218,37900 24200,38287 24468,38650 25150,39231 25181,39562 25187,39650 25256,39812 25228,40009 25273,40309 25053,40406 25025,40531 25018,40862 24956,41218 25043,41212 25093,41275 25075,41718 25325,41950 25706,42412 25531,42793 25056,43431 24993,43456 24862,43612 24756,44087 24762,44312 24981,44543 25437,45500 25568,45618 25500,45725 25637,45868 26300,47306 26037,47431 25231,47418 24725,47775 24712,48206 24575,48331 24618,48656 24781,48768 24775,48868 24706,48881 24393,48972 24131,49081 23968,49318 23597,49573 23748,49682 23759,49971 23387,49893 23365,49968 23468,50081 23712,50250 23806,51000 23918,51331 24015,52143 24009,52343 24221,52253 24237,52209 24275,52206 24303,52278 24390,52287 24796,52159 25379,53337 25387,53500 25500,54100 25465,54223 25528,54450 25737,54718 26268,55587 26262,55671 26159,55831 26187,56137 26087,56284 26028,56303 26037,56412 26145,56499 26404,56518 26792,56558 27137,56650 27359,56787 27546,56968 27851,57084 28199,57257 29056,57503 29812,57628 29771,57837 29856,58262 29996,58615 29884,58862 30384,59443 30625,59562 30671,59984 30778,60221 30784,60950 31000,61437
Berlin - Usedom	CS 31000,61437 30946,61815 31087,61937 31881,62190 32040,62190 32575,62493 32903,62911 32896,63009 32706,63271 32315,63437 32278,63887 32453,63887 32474,64037 32506,64218 32496,64296 32406,64340 32225,64500 32190,64659 32196,64718 32412,64993 32390,65225 33106,65612 33292,65671 33975,65890 34297,66446 34612,66468 35512,66695 35956,67006 36150,67100 36635,67605 37273,68606
Berlin - Usedom	CS 38612,91950 38575,93587 38362,95187 38700,95343 38900,95643 38913,96023 38825,96837 38662,97200 38675,97400 38562,97450 38562,97687 38615,98224 38700,98275 38700,99012 38875,99653 38587,100075 38634,100421 38562,100725 38700,100937
Route Alter Fritz	CS -9942,21 -10095,137 -10097,200 -10185,280 -10269,445 -10587,471 -10825,465 -11231,696 -11510,810 -11562,918 -11575,1031 -11537,1206 -11568,1287 -11868,1193 -12000,1243 -12115,1331 -12185,1388
Route Alter Fritz	CS -13531,-1534 -13771,-1471 -13865,-1618 -14009,-1678 -13999,-1856
Route Alter Fritz	CS -13111,-136 -13091,-8 -12947,106
F1 (Potsdam)	CS -13531,-1534 -13771,-1471 -13865,-1618 -14009,-1678 -13999,-1856
F1 (Potsdam)	CS -12431,-2096 -12716,-2238 -12780,-2410 -13075,-2901 -13737,-3009 -14080,-3374 -14119,-3845 -14267,-4206 -14712,-4614 -14710,-4977 -14795,-5169 -14947,-5405 -15228,-5678 -15275,-5928 -15472,-6233 -15811,-6533 -16280,-6747 -16553,-6765 -16562,-6825 -16812,-7010 -16995,-7004 -17267,-7134 -17334,-7253 -17650,-7464 -17984,-7684 -18431,-7978 -18631,-8412 -18756,-8962 -18909,-9080 -19146,-9196 -19606,-9698 -20112,-10437 -20590,-10806 -20816,-10818 -21029,-10817 -21537,-10897 -21593,-10759 -21562,-10593 -21440,-10387 -21584,-10290 -21590,-9622 -21561,-8963 -21318,-8660 -20893,-8318 -20725,-8059 -20684,-7570 -20778,-7496 -20740,-7375 -20472,-7292 -20281,-6915 -19858,-6458 -19519,-6308 -19456,-5987 -19117,-5645 -18966,-5945 -18410,-6286 -18025,-6370 -17984,-6072 -17666,-5900 -17432,-5643 -17304,-5750 -17048,-5792 -16912,-5690 -16558,-5727 -16323,-5706 -16072,-4894 -16010,-4509 -15886,-4339 -15825,-3975 -16039,-3697 -16448,-3207 -16470,-3014 -16856,-2758 -16453,-2309 -16008,-1753
F2.2 (Potsdam)	CS -16894,1485 -16640,1304 -16446,1006 -16232,431 -15890,-221 -15859,-456 -15845,-647 -16079,-818 -16062,-993 -16034,-1203 -15799,-1352 -15764,-1710 -15795,-1816 -16008,-1753 -16562,-2010 -16603,-2116 -16966,-2096 -18097,-2054 -18353,-2017 -18523,-2205 -18500,-2439 -18542,-2568 -18733,-2697 -18882,-2654 -19074,-2675 -19095,-2783 -19372,-2782 -19970,-2677 -20013,-2569 -20203,-2596 -20376,-2549 -20587,-2056 -20677,-2058 -20700,-2020 -21062,-2042 -21063,-2021 -20721,-1935 -20486,-1956 -20295,-1870 -20176,-525
F2.2 (Potsdam)	CS -20176,-525 -21063,769 -20829,1047 -20766,1326 -20959,1539 -20959,1753 -20064,1906 -19990,2131 -20009,2396 -19656,2362 -19438,2244 -18728,2153 -18712,1225 -18678,1168 -18135,1580 -17730,1580 -17067,1388 -16894,1485
F3 (Potsdam)	CS -21636,-2101 -22042,-2060 -22206,-1693 -22683,-1521 -23133,-1244 -23199,-903 -23175,-350 -23411,15 -23896,653 -24509,1607 -24680,1670 -24894,1733 -24895,1903 -24853,2031 -24983,2265 -25110,2303 -25453,2418 -25539,2641 -25662,2746 -25669,2939 -25787,3228 -26196,4769 -27127,5270 -26965,5390 -26840,5684 -26784,5756 -26794,5867 -26689,6111 -26525,6519 -25978,6441 -25531,6634 -25318,6593 -25187,6468 -25060,6338 -24240,6075 -23599,5864 -21067,6503 -21110,6589 -20771,6952 -20301,7082 -20023,6826 -19787,6551 -19616,6466 -19303,5325 -19253,5109 -18825,4750 -18693,4568 -19403,4631 -19309,4359 -19339,3792 -19634,3593 -19766,3346 -19868,3159 -19928,2706 -19987,2459 -20009,2396 -19990,2131 -20064,1906 -20959,1753 -20959,1539 -20766,1326 -20829,1047 -21063,769 -20176,-525 -20295,-1870 -20486,-1956 -20721,-1935 -21063,-2021 -21210,-2058 -21508,-2080 -21636,-2101
Berliner Mauer-Radweg	CS 8515,12242 8539,12286 8560,12326 8540,12420 8554,12593 8485,12603 8399,12601 8307,12601 8308,12742 8417,12846 8503,12895 8559,12912 8671,12945 8715,12956 8703,13045 8665,13353 8648,13498 8635,13580 8626,13641 8619,13689 8589,13672 8548,13651 8450,13599 8337,13541 7968,14190 8054,14257 7933,14434 8238,14682 8346,14576 8423,14667 8562,14798 8686,14934 8870,14637 8953,14528 9095,14344 9118,14306 9236,14157 9267,14202 9400,14400 9472,14478 9621,14624 9805,14717 10011,14810 10094,14847 10176,14896 10333,14983 10238,15316 10186,15463 10122,15647 10101,15751 10080,15858 10005,16150 10078,16164 10068,16093 10033,16232 10008,16330 9987,16414 9967,16514 9961,16576 9939,16768 9984,16968 10013,16972 10128,17100 10236,17221 10305,17299 10252,17357 10215,17386 10085,17370 9966,17355 9904,17347 9863,17343 9624,17693 9343,17985 9410,18021 9365,18062 9310,18108 8855,18500 8824,18475 8665,18570 8476,18773 8361,18778 7528,19469 6708,20152 6368,20440 6372,20467 6601,20542 7083,20584 7303,20639 7725,21247 7892,21266 8022,21476 7966,21539 8307,22432 8288,22910 8176,23315 8074,23500 7824,24010 7639,24383 7590,24481 7412,24481 7425,24715 6821,24700 6306,24537 6034,24503 5534,24521 5309,24571 5256,24593 4950,24293 4825,24328 4352,24401 4243,24463 3978,24561 3848,24546 3600,24490 3515,24668 3546,24859 3603,24968 3306,25259 3200,25429 3211,25484 3473,25618 3662,25618 3615,25890 3428,25979 3362,26046 3390,26225 3448,26315 3540,26465 3450,26503 3403,26668 3081,27368 3706,27812 3512,28053 3078,28028 2162,28077 1979,28091 1871,28131 1741,27539 1718,27255 1890,26974 1885,26869 1869,26304 1764,26166 1590,26049 1365,25967 945,25898 423,25980 387,25947 419,25691 542,25306 563,25037 546,24609 105,24545 -582,24527 -748,24558 -795,24497 -888,24507 -1589,24380 -1912,24442 -1918,24514 -1950,24762 -2139,25038 -2446,25386 -2800,25478 -2825,25293 -2946,25212 -2818,24631 -2675,24500 -2775,23981 -3025,23393 -3379,23141 -3396,22893 -3421,22495 -3674,22172 -3714,21828 -3546,21328 -3534,21240 -2967,20755 -2775,20533 -2742,19975 -2821,19740 -3497,20003 -3805,20118 -4219,20240 -4472,20411 -4625,20537 -5118,20749 -5459,20807 -5609,20929 -5795,20965 -6099,20718 -6459,20769 -6791,20816 -7102,20371 -7586,20088 -7738,19974 -8031,19862 -8266,19811 -8448,19844 -8494,19713 -8448,19710 -8528,19405 -8372,19402 -8247,19018 -8022,19052 -7016,19375 -6943,19311 -6794,18921 -6764,18287 -6968,17717 -6965,17565 -7151,17330 -7175,16968 -7257,16925 -7102,16895 -6971,16889 -6960,16769 -7041,16712 -7049,16448 -7051,16316 -7107,16186 -7178,16066 -7211,15865 -7147,15551 -7310,15526 -7384,15643 -7333,15451 -7326,15274 -7385,14530 -7408,14347 -7410,14279 -7430,13912 -7463,13652 -7516,13500 -7215,13300 -7259,13206 -7322,12806 -7337,12293 -7153,12081 -5618,11246 -5487,11212 -5814,10815 -5869,10752 -6615,9902 -7342,8988 -7739,8459 -8367,7717 -8768,7338 -8968,7328 -9128,7275 -9178,7165 -9175,7037 -9437,6887 -9490,6650 -9668,6171 -9665,5840 -9725,5559 -9797,5374 -9686,5268 -9678,4913 -9430,4935 -9543,4625 -8868,3875 -8820,3707 -8988,3679 -9180,3465 -10137,2502 -10199,2182 -10414,2097 -10391,1947 -10199,1927 -10135,1841
Berliner Mauer-Radweg	CS -10587,471 -10269,445 -10185,280 -10097,200 -10095,137 -9942,21 -9952,-109 -9878,-137 -9956,-242 -9656,-285 -9562,-325 -9412,-518 -9337,-668 -9109,-821 -8934,-871 -8846,-993 -8693,-1115 -8662,-1215 -8378,-1490 -8250,-1503 -8062,-1459 -7837,-1346 -7592,-1402 -7498,-1355 -7210,-1060 -7170,-1086 -7101,-1100 -7050,-1237 -6991,-1159 -6928,-1076 -6807,-1093 -6395,-887 -5983,-648 -4257,328 -3161,975 -2824,1165 -2618,1281 -2043,1596 -1581,1850 -1565,1709 -1525,1453 -1446,1487 -1028,1435 -910,1471 -228,1519 -157,1548 -72,1466 90,1311 60,1224 -21,1073 118,407 135,-29 325,-180 586,-117 799,-95 955,-131 1104,-254 1285,-319 1455,-335 1460,-372 1473,-420 1510,-423 1926,-301 1993,-275 2789,482 3045,707 3268,828 3400,515 3659,159 3941,-279 4400,-913 5831,71 6011,195 6172,306 6634,-137 7110,-596 8384,-1581 8334,-2101 9471,-2138 9560,-3155 10291,-3193 10448,-3214 10631,-3215 11646,-3251 11803,-3250 12232,-2281 12265,-2147 11980,-1197 11736,-293 11581,281 11618,506 11794,550 12519,794 12988,1006 13583,1372 13695,1389 14049,1590 14438,1746 14506,1856 14630,1795 14705,1836 14845,1866 14996,1564 15252,790 15403,416 15621,-193 15125,-859 16018,-1275 16248,-844 17054,-597 17203,-609 18099,-371 18609,375 18668,1021 18610,1077 18659,1194 18677,1249 18614,1453 18584,1575 18484,1750 18340,1969 18378,2246 18095,2163 17516,2481 16766,3002 16477,3201 15774,3685 15840,3916 15670,4056 15573,4122 14625,4881 14457,5097 14362,5146 14242,5284 14025,5319 14340,5393 14398,5406 14600,5450 14659,5853 15142,5889 15143,5964 15146,6054 15146,6154 15190,6243 15335,6146 15365,6126 15422,6228 15478,6343 15577,6518 15563,6683 15342,7013 15162,7281 14969,7580 15053,7966 14698,8371 14560,8528 14374,8726 14140,8977 14002,8787 13834,8925 13657,9063 13483,9195 13424,9246 13352,9308 13290,9244 13194,9144 13110,9210 13058,9252 12912,9367 12989,9471 13060,9567 13127,9661 13190,9750 13251,9829 13302,9894 13333,9929 13412,9935 13579,10146 13540,10190 13493,10234 13440,10284 13375,10344 13250,10452 13135,10551 13178,10623 13206,10651 13305,10789 13332,10832 12761,11162 12504,11464 12267,11615 12190,11665 12147,11571 12104,11487 12056,11390 12026,11348 11921,11185 11798,11128 11665,11118 11473,11180 11349,11227 11307,11125 11329,11065 11287,10976 11145,11042 11105,10945 10939,11045 10918,11084 10818,11269 10678,11172 10489,11405 10436,11344 10389,11390 10330,11422 10130,11533 10112,11490 10065,11383 9945,11371 9737,11349 9603,11328 9473,11316 9162,11286 8739,11228 8636,11339 8573,11404 8542,11502 8546,11537 8553,11638 8567,11799 8571,11846 8581,11896 8595,12066 8600,12165 8515,12242
Griebnitzsee-Route	CS -7837,-1346 -8062,-1459 -8250,-1503 -8378,-1490 -8662,-1215 -8693,-1115 -8846,-993 -8934,-871 -9109,-821 -9337,-668 -9412,-518 -9562,-325 -9656,-285 -9956,-242 -9878,-137 -9952,-109 -9942,21 -10095,137 -10097,200 -10185,280 -10269,445 -10587,471 -10825,465 -11231,696 -11510,810 -11562,918 -11575,1031 -11537,1206 -11568,1287 -11868,1193 -12000,1243 -12115,1331 -12185,1388 -12334,1324 -12513,1400 -12603,1443 -12825,1284 -13074,1136 -13431,1034
Buga-Route	CS -18683,4751 -18825,4750 -18693,4568 -18210,4505 -18025,4018 -17956,3840 -17665,3875 -17425,3700 -17153,3693 -16953,3656 -16546,3403 -16243,3284 -16196,3300 -15921,3268 -15821,3240 -15459,2946 -15290,2665 -15143,1812 -15251,1200 -15422,1072 -15527,795 -15612,583 -15577,397 -14969,-50 -14801,-4 -14733,-473 -14456,-601 -14391,-622 -14355,-606 -14212,-543 -14034,-571 -13815,-749 -13631,-915 -13464,-864 -13237,-796 -13146,-759 -13062,-729 -12878,-665 -12727,-640 -12571,-581 -12306,-496
Buga-Route	CS; -12306,-496 -12262,-612 -12190,-775 -12148,-784 -12063,-784
Buga-Route	CS; -12063,-784 -12194,-490 -12265,-418 -12306,-496
Buga-Route	CS -12063,-784 -11875,-925 -11613,-1125
Buga-Route	CS; -11613,-1125 -11698,-1104 -11657,-1018 -11579,-987 -11486,-1018 -11407,-1090
Buga-Route	CS; -11407,-1090 -11460,-1098 -11549,-1169 -11613,-1125
Buga-Route	CS -11407,-1090 -11084,-1396 -11098,-1616 -11056,-1726 -10973,-1764 -10581,-1271 -10365,-1376 -9896,-1625 -9837,-1612 -9735,-1845 -9734,-1896 -9225,-1950 -8415,-1928 -7821,-1890 -6882,-1922 -6153,-1903 -5984,-2062
RR1 (Schloﬂplatz - Wannsee)	CS 10083,12442 10170,12261 10109,12238 10084,12228 9959,12180 9890,12161 9907,12055 9925,11947 9878,11857 9672,11833 9538,11818 9555,11715 9569,11631 9581,11523 9711,11543 9725,11445 9737,11349 9745,11243 9755,11152 9780,10970 9653,10950 9511,10924 9524,10818 9541,10686 9545,10656 9359,10625 9250,10563 9184,10537 9164,10453 9147,10359 9141,10292 9108,10101 9073,9915 9043,9745 8994,9509 8955,9318 8769,9290 8598,9264 8475,9240 8389,9087 8180,9099 8081,9120 7990,9129 7782,9115 7735,9121 7655,9188 7583,9115 7535,9087 7490,9116 7441,9139 7381,9165 7315,9156 7115,9013 6977,8934 6870,8872 6647,8765 6470,8681 6471,8639 6344,8629 6244,8597 6274,8447 6173,8378 6074,8313 5934,8220 5925,8166 5823,8107 5641,8137 5634,8004 5630,7875 5517,7869 5492,7868 5458,7866 5356,7862 5211,7783 5083,7682 5066,7668 5039,7627 4983,7546 4909,7436 4886,7402 4836,7327 4788,7257 4743,7212 4687,7156 4640,7109 4534,7015 4437,6953 4331,6892 4281,6862 4237,6840 4098,6751 4026,6688 3925,6604 3836,6550 3684,6525 3459,6484 3347,6460 3306,6453 3216,6393 3077,6375 3078,6343 2946,6217 2874,6031 2771,5678
RR1 (Schloﬂplatz - Wannsee)	CS; 2771,5678 2717,5578 2499,5144 2454,5067 2288,4932 2262,4914 2217,4884 2169,4854 2095,4805 2005,4772
RR1 (Schloﬂplatz - Wannsee)	CS; 2005,4772 2074,4750 2190,4823 2313,4901 2472,5037 2532,5105 2750,5532 2797,5624 2823,5672 2771,5678
RR1 (Schloﬂplatz - Wannsee)	CS 2005,4772 1934,4788 1744,4812 1495,4850 1276,4870 942,4900 890,4899 624,4893 373,4816 169,4722 -54,4547 -327,4262 -567,3899 -688,3719 -1022,3443 -1117,3317 -1134,3285 -1155,3255 -1187,3264 -1360,3314 -1530,3323 -1873,3315 -2137,3408 -2243,3371 -2359,3300 -2535,3194 -2614,3124 -2904,3033 -3064,2946 -3129,2922 -3131,2888 -3207,2898 -3360,2917 -3450,3006 -3648,2881 -3736,2849 -3758,2678 -3780,2523 -3907,2416 -3913,2327 -3965,2240 -4165,1969 -4252,1822 -4625,1498 -4841,1414 -4944,1298
Havellandradweg	CS -6791,20816 -7063,20748 -7322,21003 -7451,21195 -7773,21300 -8222,21300 -8391,21747 -9036,22107 -9060,22342 -8988,22668 -8777,22961 -8668,23466 -8564,23799 -8918,24811 -9625,24226 -11343,24579 -11683,25528 -11709,25639 -14268,25481 -14680,25643 -14756,25920 -16291,27455 -16542,27544 -16731,26993 -17071,26436 -17545,26647 -17890,26793 -18020,26941 -18187,27206 -18924,27358 -19351,27553 -19558,27626 -20764,27565 -21666,27711 -22056,27614 -22349,27663 -22627,27632 -22713,27354 -22360,26337 -22558,25615 -23547,25006 -23652,24814 -23804,24437 -24366,23575 -24957,22740 -25041,22549 -25315,22185 -25505,21906 -25545,21672 -25692,21411
Berlin - Kopenhagen	CS -3379,23141 -3025,23393 -2775,23981 -2675,24500 -2818,24631 -2946,25212
Berlin - Kopenhagen	CS -3379,23141 -3396,22893 -3421,22495 -3674,22172 -3714,21828 -3546,21328 -3534,21240 -2967,20755 -2775,20533 -2742,19975
Berlin - Kopenhagen	CS -2118,26060 -2126,26133 -2029,26221 -1931,26602 -1925,26785 -2346,27455 -2327,27687 -2193,27684 -2080,27830 -2126,27912 -2123,28101 -1937,28217 -1532,28723 -1233,28982 -1547,29405 -1450,29500 -1173,29043 -1017,29606 -959,30066 -1011,30234 -904,30505 -524,30749 164,30849 362,31115 685,31008 728,31188 1045,31014 1112,31032 1322,31297 1365,31450 1429,31501
Uckerm‰rkischer Rundweg	CS 49007,71214 49512,70978 49950,70956 50387,70821 50406,70709 50412,70684 50209,70365 50490,70053 50318,69893 50303,69837 50128,69775 50078,69706 49903,69643 49959,69425 49893,69284 49837,69175 49821,69093
