Steigung 9%	St; -1617,-21112 -1533,-20643
Gefälle 9%	Gf; -1533,-20643 -1617,-21112
Steigung ca. 8%	St; 753,-21640 475,-21364 176,-21364
Gefälle ca. 8%	Gf; 176,-21364 475,-21364 753,-21640
Steigung 8%	St; 45052,48015 45223,47738 45032,47567 44970,46416
Gefälle 8%	Gf; 44970,46416 45032,47567 45223,47738 45052,48015
Steigung 8%	St; 46303,51302 45685,50896
Gefälle 8%	Gf; 45685,50896 46303,51302
Steigung	St; 36553,48403 36576,47891 36747,47678
Gefälle	Gf; 36747,47678 36576,47891 36553,48403
Steigung	St; 37066,48447 37172,48468 37514,48575 37661,49514
Gefälle	Gf; 37661,49514 37514,48575 37172,48468 37066,48447
Steigung	St; 52281,43189 51662,42996 50661,42034 50405,41842 49936,41670 49724,41179 49553,41073 49341,40646 48639,39620
Gefälle	Gf; 48639,39620 49341,40646 49553,41073 49724,41179 49936,41670 50405,41842 50661,42034 51662,42996 52281,43189
Steigung 8%	St; 20690,39861 20645,40863
Gefälle 8%	Gf; 20645,40863 20690,39861
Steigung 8%	St; 20520,39626 20670,39456
Gefälle 8%	Gf; 20670,39456 20520,39626
Steigung 5%	St; 25964,-11501 25665,-11203
Gefälle 5%	Gf; 25665,-11203 25964,-11501
Steigung	St; 25005,-20502 24812,-20332
Gefälle	Gf; 24812,-20332 25005,-20502
Steigung	St; 24864,-15470 24865,-15640
Gefälle	Gf; 24865,-15640 24864,-15470
Steigung 8%	St; 46286,83483 45860,83119
Gefälle 8%	Gf; 45860,83119 46286,83483
Steigung	St; 26444,958 26783,721 27021,721
Gefälle	Gf; 27021,721 26783,721 26444,958
Steigung	St; 27171,155 27571,262
Gefälle	Gf; 27571,262 27171,155
Steigung	St; 3848,8689 3831,8674 3732,8595
Gefälle	Gf; 3732,8595 3831,8674 3848,8689
Steigung	St; -942,9251 -743,9364
Gefälle	Gf; -743,9364 -942,9251
Steigung	St; -4001,8880 -3809,8847
Gefälle	Gf; -3809,8847 -4001,8880
Steigung	St; -3456,9479 -3423,9642
Gefälle	Gf; -3423,9642 -3456,9479
Steigung	St; -4003,5621 -3877,5570
Gefälle	Gf; -3877,5570 -4003,5621
Steigung	St; -2468,6839 -2581,6834
Gefälle	Gf; -2581,6834 -2468,6839
Steigung	St; -2468,6839 -2366,6869
Gefälle	Gf; -2366,6869 -2468,6839
Steigung	St; 2212,9755 2268,9670
Gefälle	Gf; 2268,9670 2212,9755
Steigung	St; -3475,6780 -3418,6747 -3306,6779
Gefälle	Gf; -3306,6779 -3418,6747 -3475,6780
Steigung	St; -3129,5798 -3226,5870
Gefälle	Gf; -3226,5870 -3129,5798
Steigung	St; -3129,5798 -2834,5578
Gefälle	Gf; -2834,5578 -3129,5798
Steigung	St; 14208,12235 14230,12312 14272,12446 14326,12627
Gefälle	Gf; 14326,12627 14272,12446 14230,12312 14208,12235
Steigung	St; 14919,12130 14997,12243
Gefälle	Gf; 14997,12243 14919,12130
Steigung	St; 36656,7522 36870,7437 37254,7480 37467,7673
Gefälle	Gf; 37467,7673 37254,7480 36870,7437 36656,7522
Steigung	St; 35233,4640 35297,4533
Gefälle	Gf; 35297,4533 35233,4640
Steigung	St; 35233,4640 35275,4789 35210,5045
Gefälle	Gf; 35210,5045 35275,4789 35233,4640
