#
# Radrouten
#
R1	CS -10587,471 -10573,564 -10512,683 -10430,848 -10273,1088 -10209,1161 -10163,1288 -10078,1551 -10044,1567 -9975,1564 -9900,1573 -9818,1530 -9770,1482 -9746,1408 -9734,1394 -9606,1389 -9647,1462 -9673,1519 -9663,1622 -9632,1672 -9584,1703 -9511,1739 -9444,1820 -9393,1831 -9108,1798 -9016,1782 -8934,1801 -8861,1855 -8747,2023 -8636,2102 -8591,2144 -8540,2209 -8468,2152 -8400,2156 -8284,2156 -8106,2034 -7866,1862 -7640,1837 -7443,1915 -7165,1978 -6903,1906 -6784,1815 -6648,1613 -6577,1395 -6492,1204 -6441,1139 -5951,1241 -5868,1255 -5489,1335 -5196,1386 -4944,1298 -4841,1414 -4625,1498 -4252,1822 -4165,1969 -4181,2062 -4290,2304 -4261,2557 -4001,2858 -3758,3054 -3296,3686 -3490,4212 -3605,4520 -3729,4687 -3807,4794 -3872,4953 -3947,5129 -4072,5227 -4003,5621 -3944,6034 -3856,6152 -3723,6254 -3606,6407 -3598,6572 -3589,6721 -3475,6780 -3377,6797 -3355,6874 -3506,7699 -3531,7825 -3536,7856 -3561,7964 -3615,8496 -3552,8557 -3379,8590 -3277,8728 -3073,9061 -3140,9294 -2956,9307 -2672,9220 -2297,9103 -2090,9075 -1877,9092 -1638,9152 -1553,9161 -1415,9144 -1279,9093 -1188,9090 -1047,9123 -942,9251 -898,9375 -750,9547 -445,9627 -203,9754 -60,9976 114,10671 245,10846 393,11032 480,11167 467,11221 589,11241
R1	CS 5475,11846 5566,11860 5771,11887 5901,11902 6642,12010
R1	CS; 6642,12010 6685,11954 6744,11936 6809,11979 6828,12031
R1	CS; 6828,12031 6799,12083 6725,12113 6653,12067 6642,12010
R1	CS 6828,12031 7383,12095 8063,12182 8214,12205 8515,12242 8539,12286 8560,12326 8540,12420 8775,12457 8804,12280 9141,12320 9349,12344 9476,12359 9603,12372 9782,12393 9853,12402 9987,12421 10025,12428 10083,12442 10177,12493 10244,12544 10300,12587 10440,12696 10596,12517 10732,12355 10780,12297 10825,12271 10946,12241 11139,12243 11304,12234 11351,12221 11388,12202 11773,12006 11574,11594 11509,11427
R1	CS; 11509,11427 11426,11394 11349,11227 11307,11125 11327,11093 11283,10981 11328,10957
R1	CS; 11328,10957 11365,11047 11421,11073 11461,11145 11473,11180 11542,11342 11509,11427
R1	CS 11328,10957 11556,10869 11756,10782 11785,10718 11755,10639 11718,10544 11949,10414 12169,10310 12234,10279 12341,10218 12507,10130 12671,10042 12817,9964 12932,9900 13086,9825 13150,9900 13221,10005 13276,10076 13293,10096 13440,10284 13551,10178 13579,10146 13789,9949 13829,9905 13884,9882 14189,9748 14310,9692 14774,9467 14811,9449 15366,9182 15550,8888 15580,8839 15793,8984 15969,9102 16129,9189 16259,9182 16319,9149 16449,9011 16529,8845 16604,8576 16692,8166 16619,7831 16649,7570 16798,7699 16869,7713 16902,7652 17039,7685 17297,7752 17527,7812 18003,7144 18052,7148 18186,7200 20021,6402 20078,6379 20440,6221 20708,6089 20755,5750 21002,5755 21302,5839 21378,5843 21584,5739 21630,5671 21954,5229 22120,5048 22196,4847 22147,4831 22038,4565 22071,4501 22093,4499 22396,4464 22686,4310 22967,4144 23368,3894 24984,2928 25011,2907 25496,2429 25570,2408 25886,2317 25948,2474 26026,2532 26460,2428 26802,2374 27218,2300 27314,2282 27528,2469 27732,2671 27984,2995 28485,3206 28695,3245 28723,3283 28829,3295 28723,3214 28723,3098 28748,2963 28783,2916 28862,2916 29532,2556 29738,2467 29899,2399 29964,2422 30162,2279 30436,2282 31018,2167 31115,2105 31865,1794 31944,1859 32136,1859 32184,1882 32237,1913 32222,2048 32238,2123
RR8	CS 18240,13521 18017,13509 17793,13452 17688,13430 17327,13454 17232,13518 16866,13532 16863,13138 16857,12861 15937,12883 15645,12864 15513,12856 15357,12813 15086,12849 15010,12855 14842,12826 14661,12798 14363,12749 14326,12627 14272,12446 14230,12312 14208,12235 13885,12279 13792,12292 13472,12337 12869,12425 12606,12471 12360,12505 12135,12551 12047,12572 11635,12745 11236,12946 11134,12793 11109,12802 11030,12741 10960,12809 10923,12779 10704,12595 10596,12517
Route K	CS 10533,9240 10109,9240 9987,9238 9962,9237 9881,9238 9793,9241 9753,9252 9689,9266 9623,9281 9492,9311 9300,9341 9248,9350 9211,9354 8955,9318 8769,9290 8598,9256 8478,9236 8401,9079 8180,9099 8081,9129 7990,9129 7782,9115 7735,9121 7655,9188 7583,9115 7535,9087 7490,9116 7441,9139 7381,9165 7315,9156 7115,9013 6977,8934 6870,8872 6470,8681 6471,8639 6344,8629 6244,8597 6274,8447 5934,8220 5925,8166 5823,8107 5641,8137 5634,8004 5630,7875 5356,7862 5203,7779 5066,7668 4886,7402 4788,7257 4743,7212 4534,7015 4331,6892 4277,6859 4098,6751 4026,6688 3925,6604 3836,6550 3320,6455 3216,6393 3077,6375 3078,6343 2946,6217 2874,6031 2771,5678
Route K	CS; 2771,5678 2717,5578 2499,5144
Route K	CS; 2532,5105 2750,5532 2823,5672 2771,5678
R1 Bernau - Liepnitzsee	CS 22712,30340 22649,30519 22541,30476 22434,30685 22283,30775 22206,30826 21955,30976 21724,31159 21660,31222 20731,31774 20129,32184 19981,32698 19511,33129 19275,33344 18742,34289 18242,34708 17535,35458 16965,36004 17013,36405 16371,37234 15985,37386 15727,37718 15964,38391 16136,38685 16348,38574 16654,38702 16954,38620 18121,39017 18250,39144 18487,39221 18637,39135 18702,38964 18573,38837 18463,38156 17230,37298 16735,37215 16539,37278 16371,37234
Pankeweg	CS 18817,27979 18718,28096 18759,28153 18731,28203 18846,28293
Berlin - Usedom	CS 18846,28293 18943,28375 19125,28553 19440,28746 19728,28850 19775,28815 19931,28878 20203,29000 20342,28779 20373,28623 20475,28650 20610,28703 20660,28746 20757,28940 20775,28937 20835,29017 21228,29284 21260,29334 21290,29346 21704,29626 21871,29720 21892,29754 21989,29787 22128,29781 22257,29814 22262,29723 22332,29742 22410,29720 22507,29740 22534,29770 22700,29842 22760,29898 22998,30282 22904,30359 22868,30412 22712,30340 22649,30519 22541,30476 22434,30685 22283,30775 22206,30826 22378,30943 22306,31150 22512,31754 22527,32200 22540,33318 22414,33559 22606,33958 22931,35451 23232,36004 23792,36819 24225,37587 24193,37725 24218,37900 24200,38287 24468,38650 25150,39231 25181,39562 25187,39650 25256,39812 25228,40009 25273,40309 25053,40406 25025,40531 25018,40862 24956,41218 25043,41212 25093,41275 25075,41718 25325,41950 25706,42412 25531,42793 25056,43431 24993,43456 24862,43612 24756,44087 24762,44312 24981,44543 25437,45500 25568,45618 25500,45725 25637,45868 26300,47306 26037,47431 25231,47418 24725,47775 24712,48206 24575,48331 24618,48656 24781,48768 24775,48868 24706,48881 24131,49081 23968,49318 23597,49573 23748,49682 23759,49971 23387,49893 23365,49968 23468,50081 23712,50250 23806,51000 23918,51331 24015,52143 24009,52343 24221,52253 24237,52209 24275,52206 24303,52278 24390,52287 24796,52159 25379,53337 25387,53500 25500,54100 25465,54223 25528,54450 25737,54718 26268,55587 26262,55671 26159,55831 26187,56137 26087,56284 26028,56303 26037,56412 26145,56499 26404,56518 26792,56558 27137,56650 27546,56968 27851,57084 28199,57257 29056,57503 29812,57628 29771,57837 29856,58262 29996,58615 29884,58862 30384,59443 30625,59562 30671,59984 30778,60221 30784,60950 31000,61437
Berlin - Usedom	CS 31000,61437 30946,61815 31087,61937 31881,62190 32040,62190 32575,62493 32903,62911 32896,63009 32706,63271 32315,63437 32278,63887 32453,63887 32474,64037 32506,64218 32496,64296 32406,64340 32225,64500 32190,64659 32196,64718 32412,64993 32390,65225 33106,65612 33292,65671 33975,65890 34297,66446 34612,66468 35512,66695 35956,67006 36150,67100 36635,67605 37273,68606
Alter Fritz, Griebnitzsee	CS -11231,696 -11510,810 -11562,918 -11575,1031 -11537,1206 -11568,1287 -11868,1193 -12000,1243 -12115,1331 -12185,1388
