#: title: Bahnhofsausgänge
#:
	X 14847,10892 14794,10844
	X 14847,10892 14798,10985
	X 13506,11159 13409,11004
	X 13506,11159 13546,11352
	X 13506,11159 13478,11168 13510,11250 13571,11234
	X 13571,11234 13510,11250 13409,11004
	X 13571,11234 13512,11248 13546,11352
	X 9181,12732 9304,12698 9308,12649
	X 9181,12732 9304,12690 9283,12856
	X 7985,9576 8025,9650 8238,9660
	X 8238,9660 8284,9612 8280,9528
	X 7985,9576 7937,9471 7960,9466
	X 7985,9576 7934,9478 7896,9490
	X 7985,9576 8025,9656 7941,9686
	X 7985,9576 8021,9653 8095,9639
	X 8280,9528 8287,9578 8188,9610
	X 8238,9660 8188,9610
	X 8280,9528 8287,9578 8595,9495
	X 7579,10400 7633,10394
	X 7579,10400 7444,10479
	X 6301,10601 6353,10583
	X 6301,10601 6234,10629
	X 5586,11074 5542,11075
	X 5586,11074 5520,11186
	X 5520,11186 5542,11075
	X 5586,11074 5659,11000 5657,10868
	X 5512,10786 5484,10810
	X 5512,10786 5657,10868
	X 2189,11092 2178,11040 2252,11037
	X 2189,11092 2175,11037 2016,11034
	X -1638,11411 -1475,11318 -1447,11396
	X -1638,11411 -1468,11315 -1518,11177
	X -649,13096 -634,13118 -892,13214
	X -649,13096 -634,13125 -395,13040
	X 2823,14355 2766,14381
	X 2823,14355 2881,14307
	X 3650,10915 3593,10887 3546,10962
	X 3650,10915 3584,10884 3631,10784
	X 3809,11037 3795,11098
	X 3809,11037 3827,10980
	X 6260,8516 6274,8447
	X 6260,8516 6244,8597
	X 6805,9248 6727,9229
	X 6805,9248 7006,9282
	X 8988,10323 9141,10292
	X 8988,10323 8804,10314
	X 9883,9494 9915,9480
	X 9883,9494 9784,9519
	X 10684,9295 10703,9337 10747,9326
	X 10684,9295 10706,9337 10629,9360
	X 13999,7541 13967,7556
	X 13999,7541 14004,7642
	X 13933,2673 14196,2876
	X 13933,2673 13498,2411
	X 14600,2157 14664,2232
	X 14600,2157 14571,2048
	X 16013,2050 16113,2164
	X 16013,2050 15849,1807
	X -12248,-2045 -12215,-1859
	X -12248,-2045 -12246,-1946 -12493,-1896
	X -12248,-2045 -12259,-2134 -12431,-2096
	X -12248,-2045 -12256,-2131 -12098,-2173
	X -10527,-1979 -10420,-1957
	X -10527,-1979 -10588,-1975
	X -8063,-1651 -8084,-1490 -8390,-1532
	X -8063,-1651 -8084,-1487 -7592,-1402
	X -4677,1420 -4700,1465 -4625,1498
	X -4677,1420 -4693,1465 -4841,1414
	X -4677,1420 -4554,1391
	X -3684,2606 -3736,2625
	X -3736,2625 -3756,2634 -3780,2523
	X -3736,2625 -3759,2634 -3736,2849
	X -3684,2606 -3686,2579
	X 1751,3239 1721,3196 1552,3460
	X 1751,3239 1715,3193 1903,2903
	X 3926,4532 3890,4509 3926,4438
	X 3926,4532 3890,4506 3794,4625
	X 6954,8114 7005,8150
	X 6954,8114 6881,8078 6840,8137 6658,8063
	X 6954,8114 6884,8084 6843,8137 6918,8178
	X 7837,7712 7854,7572
	X 7837,7712 7934,7621
	X 9120,7225 9243,7187 9234,7287
	X 9120,7225 9234,7190 9231,7085
	X 9120,7225 9231,7187 9237,7045
	X 13054,12397 12869,12425
	X 13054,12397 13472,12337
	X 15175,12180 15177,12089
	X 15177,12089 15103,12107
	X 15177,12089 15349,12073
	X 15205,12156 15175,12180
	X 16796,11777 16866,11820
	X 16796,11777 16821,11743
	X 16866,11820 16964,11845
	X 16866,11820 16738,11878
	X 18295,12195 18293,12125 18215,12132
	X 18295,12195 18293,12131 18559,12105
	X 20766,12124 20624,12133
	X 22121,12080 22008,12073
	X 24946,15113 25012,15121 25056,14918
	X 24946,15113 25012,15128 24960,15358
	X 25965,15030 26068,14993
	X 18518,16904 18556,16828 18730,16973
	X 18518,16904 18550,16825 18313,16643
	X 19623,15444 19670,15435
	X 19367,13687 19415,13503
	X 5171,19057 5434,19078 5448,19169
	X 5448,19169 5495,19446
	X 5448,19169 5376,18773
	X 5171,19057 5428,19084 5376,18773
