#:# -*- coding: iso-8859-1 -*-
#: title: Bahnhofsausgänge
#:
	X 7985,9576 8030,9667 8238,9660
	X 8238,9660 8284,9612 8280,9528
	X 7985,9576 7934,9478 7960,9466
	X 7985,9576 7934,9478 7882,9490
	X 7985,9576 8030,9667 7938,9694
	X 7985,9576 8030,9667 8097,9650
	X 8280,9528 8284,9588 8192,9619
	X 8238,9660 8192,9619
	X 8280,9528 8284,9588 8358,9568
	X 7579,10400 7633,10394
	X 7579,10400 7444,10479
	X 6268,10614 6335,10589
	X 6268,10614 6216,10614
	X 6268,10614 6228,10646
	X 5586,11074 5542,11075
	X 5586,11074 5520,11186
	X 5520,11186 5542,11075
	X 5586,11074 5659,11000 5656,10876
	X 5495,10797 5475,10808
	X 5495,10797 5656,10876
	X 2189,11092 2178,11040 2233,11049
	X 2189,11092 2175,11037 2011,11046
	X -1638,11411 -1475,11318 -1471,11416
	X -1638,11411 -1468,11315 -1536,11176
	X -649,13096 -624,13135 -772,13199
	X -649,13096 -624,13135 -442,13058
	X 2823,14355 2788,14364
	X 2823,14355 2846,14373
	X 3650,10915 3580,10891 3546,10962
	X 3650,10915 3580,10891 3592,10869
	X 3809,11037 3795,11098
	X 3809,11037 3820,10987
	X 6260,8516 6263,8456
	X 6260,8516 6230,8602
	X 6805,9248 6709,9234
	X 6805,9248 6847,9261
	X 8988,10323 8990,10295 9146,10284
	X 8988,10323 8990,10295 8810,10305
	X 8988,10323 8986,10350
	X 8986,10350 8956,10349 8953,10366
	X 8395,10394 8384,10507
	X 9883,9494 9927,9487
	X 9883,9494 9790,9528
	X 10695,9315 10684,9295
	X 13999,7541 13980,7548
	X 13999,7541 14015,7631
	X 13933,2673 13951,2697
	X 13933,2673 13915,2673
	X 14600,2157 14633,2145
	X 16013,2050 16005,2058
	X -12253,-1966 -12254,-1933 -12247,-1858
	X -12253,-1966 -12254,-1933 -12478,-1879
	X -12253,-1966 -12253,-1991 -12255,-2123
	X -12253,-1966 -12253,-1991 -12253,-2052 -12223,-2062 -12210,-2086 -12213,-2131
	X -10525,-1988 -10355,-1961 -10360,-1934
	X -10525,-1988 -10596,-1999 -10588,-1975
	X -8157,-1670 -8130,-1669 -8133,-1621
	X -8107,-1587 -8061,-1580 -8077,-1533
	X -4663,1451 -4691,1490 -4644,1514
	X -4663,1451 -4691,1490 -4744,1466
	X -4663,1451 -4635,1421 -4598,1382 -4579,1397
	X -3692,2549 -3722,2571 -3693,2614
	X -3692,2549 -3743,2585 -3736,2625
	X -3776,2687 -3788,2596 -3743,2588 -3736,2625
	X -3802,2500 -3788,2596 -3743,2588 -3736,2625
	X -3776,2687 -3788,2596 -3743,2588 -3721,2569 -3693,2614
	X -3802,2500 -3788,2596 -3743,2588 -3721,2569 -3693,2614
	X 1751,3239 1709,3211 1687,3244
	X 1751,3239 1709,3211 1724,3187
	X 3960,4573 3878,4521 3898,4490
	X 3960,4573 3878,4521 3867,4537
	X 6945,8123 6978,8178 7001,8161
	X 6945,8123 6978,8178 6935,8208
	X 6945,8123 6820,8059 6792,8122
	X 7847,7754 7896,7599 7854,7572
	X 7847,7754 7897,7597 7854,7572
	X 7847,7754 7802,7791 7774,7724
	X 7847,7754 7897,7597 7934,7621
	X 9120,7225 9243,7187 9242,7218
	X 9120,7225 9234,7190 9231,7085
	X 9120,7225 9231,7187 9242,7145
	X 13054,12397 12878,12430
	X 13054,12397 13163,12382
	X 15175,12180 15177,12089
	X 15177,12089 15110,12107
	X 15177,12089 15361,12071
	X 15205,12156 15175,12180
	X 16796,11777 16866,11820
	X 16796,11777 16815,11729
	X 16866,11820 16962,11833
	X 16866,11820 16737,11866
	X 18295,12195 18296,12115
	X 20717,12124 20624,12133
	X 22121,12080 21971,12080 21972,12038
	X 24944,15084 25017,15093 25025,15062
	X 24944,15084 25017,15093 25006,15132
	X 25962,15014 26014,15039
	X 18518,16904 18557,16825 18587,16834
	X 18518,16904 18557,16825 18478,16753
	X 19672,15519 19650,15474
	X 19367,13687 19415,13503
	X 5171,19057 5181,19037
	X 5410,19050 5425,19125 5459,19123 5448,19169
	X 5429,19165 5434,19188 5445,19187 5448,19169
	X 3650,10915 3769,10938 3765,10975 3820,10987
	X 3481,10820 3592,10869
	X 2706,9927 2674,9992 2694,10002
	X 2706,9927 2674,9992 2590,9949
	X 13482,11115 13454,11119
	X 13482,11115 13527,11110
	X 13482,11115 13498,11136
	X 13571,11234 13505,11251 13493,11217
	X 13571,11234 13505,11251 13541,11355
	X 13571,11234 13538,11242 13524,11204
	X 9181,12732 9153,12737 9171,12758
	X 9181,12732 9153,12737 9117,12705
	X 9306,12725 9303,12718
	X 9306,12725 9313,12662
	X 9313,12662 9303,12699 9181,12732
	X 9303,12718 9303,12699 9181,12732
	X 9306,12725 9303,12699 9181,12732
	X 6252,7147 6179,7061 6160,7074
	X 6252,7147 6179,7061 6234,7020
	X -14241,-1889 -14351,-1882
	X -8133,-1621 -8130,-1669 -7969,-1659
	X -8157,-1670 -8072,-1665 -8073,-1635 -8048,-1628 -8061,-1579 -8107,-1587
	X 731,9103 789,9046 884,8954
	X 2268,10413 2240,10465 2219,10453 2203,10455
	X 1321,10175 1234,10227 1247,10270
	X 1321,10175 1303,10130
	X 6516,12650 6604,12628 6689,12632
	X 8007,13225 8015,13303
	X 8007,13225 8011,13128
	X 8007,13225 8030,13294
	X 8030,13294 8015,13303
	X 8030,13294 8102,13304
	X 10295,12996 10312,12982
	X 10295,12996 10287,13018 10339,13052
	X 10295,12996 10287,13018 10185,12982
	X 10295,12996 10287,13018 10289,13088
	X 10856,12897 10880,12913 10849,12944
	X 10856,12897 10830,12870 10801,12901
	X 10856,12897 10880,12913 10970,12822
	X 10856,12897 10830,12870 10923,12779
	X 10856,12897 10947,12793 10967,12812
	X 10967,12812 11068,12895
	X 22121,12080 21971,12080 21970,12153
	X 17607,18021 17675,17971
	X 17585,17963 17607,18021
	X 9299,15930 9183,15909
	X 9299,15930 9477,15959 9506,15978 9494,15998
	X 9299,15930 9477,15959 9506,15978 9646,15737
	X 9299,15930 9363,15881
	X 9363,15881 9242,15843
	X 9363,15881 9552,15899 9646,15737
	X 9363,15881 9552,15899 9494,15998
	X 9217,8888 9225,9038
	X 9217,8888 9229,8785
	X 9396,9871 9444,9919
	X 9396,9871 9334,9670
	X 9582,10220 9596,10219 9593,10238
	X 9582,10220 9596,10219 9599,10175
	X 5404,7902 5471,7915
	X 5404,7902 5405,7864 5458,7866
	X 5404,7902 5350,7915
	X 5404,7902 5354,7901 5346,7860
	X -15875,-1719 -15783,-1777 -15763,-1762
	X -15875,-1719 -15778,-1778 -15807,-1817
	X 2478,20209 2429,20193 2480,20094
	X 2480,20094 2420,20208 2384,20196
	X 2480,20094 2420,20208 2384,20196
	X -1717,24101 -1788,24187 -1746,24219
	X 17736,5441 17791,5497 17722,5573
	X -3436,25581 -3424,25549 -3368,25566
	X -3368,25566 -3318,25584 -3343,25645
	X 17886,5587 17791,5497 17722,5573
	X 39995,102233 39978,102241 40006,102347 39998,102360 39976,102364 39950,102366 39968,102370 39985,102410
	X 39949,102431 39983,102430 39985,102410
	X 41367,91312 41387,91293 41460,91207
	X 41421,91345 41413,91314 41460,91207
	X 21285,4718 21332,4655
	X 21287,4757 21268,4744 21285,4718
	X 6303,3579 6371,3590
	X 6460,3643 6371,3590
	X 19929,-578 20033,-559
	X 20127,-502 20100,-507 20106,-531 20033,-559
	X 20172,-533 20112,-553 20105,-533 20033,-559
	X 6564,19064 6564,19082 6626,19072
	X 21101,291 21223,412 21199,437
	X 21101,291 21223,412 21262,375
	X 11343,12182 11343,12151 11398,12103
	X 11325,12021 11343,12151 11398,12103
	X 3664,23313 3679,23324 3606,23410
	X 3737,23369 3680,23324 3606,23410
	X 3490,23472 3538,23505 3606,23410
	X 3590,23541 3538,23505 3606,23410
	X 25929,-5994 25920,-5997 25956,-6072
	X 25902,-6006 25920,-5997 25956,-6072
	X 26382,-11815 26362,-11814 26365,-11882 26348,-11883
	X 26300,-11864 26338,-11862 26339,-11881 26348,-11883
	X -18711,-2 -18722,-67 -18731,-30
	X -18746,5 -18755,-60 -18731,-30
	X 1865,-1139 1937,-1127 1949,-1159 1989,-1151
	X 19715,5403 19725,5371 19582,5323
	X 19445,5271 19703,5336 19691,5357 19582,5323
	X 19756,5313 19703,5336 19691,5357 19582,5323
	X 44484,21068 44558,21218 44542,21259 44596,21287
	X -17223,15157 -17222,15193 -17238,15196 -17224,15283 -17129,15268
	X 3987,17808 4064,17787
	X 4187,17765 4128,17780 4121,17764 4064,17787
	X 4223,18982 4227,19001 4308,19008
	X 4228,19024 4227,19001 4308,19008
	X 43151,19585 43158,19660 43122,19681 43123,19721 43042,19752 43011,19676 42859,19608
	X 43151,19585 43158,19660 43122,19681 43123,19721 43131,19792
	X 10185,-2120 10191,-2135
	X 21224,18519 21205,18487 21170,18504 21218,18601
	X 21137,18520 21170,18504 21218,18601
	X 21218,18601 21270,18695 21316,18672 21335,18679
	X -764,38590 -705,38614 -672,38539
