# $Id: flaechen-orig,v 3.2 2004/06/07 21:28:02 eserte Exp eserte $
# Koordinaten von sonstigen Flächen (berlinmap)
Viktoriapark	F:P 8618,9239 8615,9067 8678,9066 8685,8997 8705,8975 8876,8984 8875,9055 8951,9042 9032,9036 9088,9062 9120,9152 9073,9173 9070,9215 9125,9273 9056,9286 9044,9264 9024,9271 9014,9302 8620,9244
Hasenheide	F:P 10864,8502 10901,8849 10995,8878 11065,8956 11049,9118 10719,9180 10716,9197 10962,9153 10970,9144 11100,9119 11099,9161 11208,9139 11208,9114 11430,9070 11427,9097 11619,9057 11610,8906 11594,8874 11601,8667 11577,8644 11587,8516 11600,8487 11609,8319 11521,8297 11433,8298 10862,8497
Flughafen Tempelhof	F:Ae 9398,8699 9801,8661 10194,8643 10611,8521 10600,8388 10649,8357 10784,8256 10977,8093 11115,8163 11203,8147 11310,8100 11314,8021 11410,8036 11550,7378 11564,7381 11582,7245 11412,7190 11316,7069 11307,7037 11349,6811 11003,6744 11017,6641 10780,6601 10621,6595 10372,6639 10194,6711 9981,6823 9766,6961 9662,7035 9510,7140 9324,7235 9266,7266 9259,8560 9325,8577 9385,8516 9422,8512 9438,8552 9423,8581 9378,8625 9391,8694
Tiergarten	F:P 6390,12281 6363,12302 6374,12335 6358,12418 6392,12419 6457,12376 6452,12361 6545,12363 6586,12384 6598,12418 6560,12447 6554,12509 6624,12582 6727,12569 6780,12514 7017,12324 7123,12302 7231,12304 7416,12368 7509,12456 7603,12530 7773,12600 7906,12687 7997,12795 8070,12735 8098,12654 8101,12523 8082,12407 8083,12382 8193,12385 8507,12389 8528,12336 8497,12258 8511,12197 8571,12144 8553,11860 8481,11792 8177,11696 7717,11540 7504,11504 7438,11505 7354,11513 7293,11519 6825,11486 6716,11439 6701,11449 6703,11481 6496,11518 6415,11605 6282,11435 6206,11453 6079,11524 5969,11586 5919,11646 5853,11726 5784,11781 5660,11825 5936,11878 5937,11935 5935,12024 5980,12086 6007,12075 6310,12119 6329,12166 6395,12167 6403,12155 6446,12188 6393,12271
Zoologischer Garten	F:P 5683,11369 5723,11543 5753,11600 5812,11612 6055,11479 6256,11392 6283,11383 6314,11428 6426,11566 6482,11488 6461,11337 6339,11419 6308,11369 6297,11309 6329,11295 6355,11123 6185,11067 6156,11047 6142,11007 6061,11008 6005,11007 5987,11051 5872,11028 5783,11041 5659,11112 5753,11312 5732,11348 5692,11370
Volkspark Friedrichshain	F:P 11817,13612 12639,13786 12732,13704 12768,13720 12982,13939 13175,13635 12892,13469 12802,13555 12676,13555 12493,13408 12605,13356 12613,13347 12582,13311 12604,13287 12646,13258 12652,13145 12387,13112 12179,13325 11948,13549 11827,13608
Volkspark Humboldthain	F:P 9418,15434 8933,15199 8897,15173 8759,15303 8752,15377 8779,15400 8821,15389 8837,15423 8918,15524 8970,15599 8955,15628 8901,15649 8845,15611 8837,15626 8897,15686 9055,15766 9228,15807 9411,15446
Der Insulaner	F:P 6798,5832 6851,5835 6915,5852 7057,5857 7111,5853 7158,5820 7189,5757 7211,5683 7195,5485 7257,5472 7290,5443 7300,5421 7115,5447 7119,5484 7154,5479 7127,5568 7097,5626 7072,5640 6931,5595 6928,5578 6837,5593 6844,5635 6849,5724 6805,5728 6798,5822
Botanischer Garten	F:P 4211,5046 3844,4804 3702,5006 3455,5284 3707,5719 3837,5756 3868,5653 3908,5649 4039,5472 4045,5450 4075,5431 4119,5437 4131,5415 4188,5423 4198,5404 4189,5372 4157,5354 4110,5387 4089,5355 4112,5303 4130,5242 4158,5211 4230,5168 4145,5144 4180,5093 4201,5061
Flughafen Tegel	F:Ae 3321,16608 3103,16043 3123,15953 2640,15833 2306,15971 2137,16150 1959,16126 1827,16099 909,16328 819,16284 697,16182 621,16262 355,16217 278,16600 353,16747 1445,17366 2497,17589 2779,17669 3263,17747 3447,17768 3482,17626 3724,17670 3846,17584 4293,17417 4525,17274 4556,17188 4492,17088 4310,17008 3860,16852 3583,16742 3359,16646 3328,16621
Jungfernheide	F:P 403,18398 386,18292 362,18168 307,18014 248,17887 250,17791 235,17726 213,17698 182,17678 154,17603 143,17544 110,17504 53,17505 -42,17436 -154,17389 -191,17408 -266,17365 -277,17305 -285,17241 -361,17200 -392,17194 -376,17145 -640,16957 -680,16894 -644,16611 -157,16250 -108,16243 44,16197 344,16248 285,16605 360,16747 1442,17368 2045,17502 2002,17556 1936,17663 1949,17821 2055,17897 2119,17928 2116,18153 1984,18110 1815,18119 1685,18133 1522,18164 1296,18184 1156,18183 905,18249 946,18354 1063,18485 1134,18619 1067,18667 1076,18581 1024,18479 956,18462 862,18492 788,18617 806,18696 749,18714 584,18550 616,18514 573,18469 518,18317 406,18403
Jungfernheide	F:P 3014,18358 3179,18105 2838,18085 2822,18144 2365,18208 2368,18282 2129,18099 2125,18163 2471,18405 2577,18262 2757,18216
Grunewald	F:P -1156,10682 -1528,10642 -1478,10714 -1501,10990 -2215,11196 -2351,11033 -2427,10930 -2466,10700 -2448,10577 -2661,10555 -2658,10506 -2681,10443 -2729,10391 -2755,10370 -2792,10360 -3016,10216 -3006,10204 -3029,10135 -3074,10144 -3090,10104 -3132,10012 -3233,9913 -3478,9718 -3557,9630 -3594,9538 -3605,9481 -3659,9469 -3703,9468 -3683,9528 -3707,9616 -3670,9728 -3627,9786 -3628,9803 -3709,9846 -3758,9820 -3762,9793 -3809,9676 -3822,9619 -3819,9491 -3806,9358 -3832,9313 -3917,9259 -3981,9191 -4007,9114 -4003,8968 -4026,8869 -4019,8781 -3871,8547 -3763,8342 -3748,8303 -3746,8212 -3828,8065 -3893,7918 -3963,7736 -3990,7624 -3954,7450 -3876,7156 -3816,7002 -3734,6957 -3684,7000 -3596,7009 -3538,6944 -3534,6904 -3599,6861 -3651,6734 -3656,6648 -3669,6573 -3627,6453 -3655,6371 -3683,6329 -3726,6288 -4003,6154 -4009,6092 -3999,5971 -4017,5919 -4078,5474 -4111,5300 -4115,5184 -4133,5095 -4144,5053 -4128,4977 -4113,4955 -4101,4990 -4132,5031 -4113,5098 -4069,5099 -4068,5050 -4063,5015 -4067,4991 -4100,4950 -4068,4922 -3986,4889 -3983,4844 -4003,4770 -4029,4725 -4048,4591 -4055,4569 -4098,4529 -4168,4500 -4228,4521 -4422,4519 -4446,4513 -4490,4517 -4576,4538 -4630,4534 -4700,4491 -4739,4453 -4790,4338 -4844,4221 -4877,4161 -4928,4125 -4950,4122 -4958,4065 -4922,3997 -4887,3855 -4777,3860 -4592,3612 -4582,3484 -4683,3290 -4578,3001 -4738,2894 -4685,2855 -4637,2795 -4554,2713 -4459,2631 -4190,2657 -3998,2831 -3808,3006 -3679,3142 -3505,3163 -3409,3044 -3333,3140 -3342,3208 -3323,3256 -3296,3360 -3241,3425 -3201,3495 -3071,3607 -2967,3673 -2919,3721 -2863,3715 -2805,3753 -2738,3737 -2709,3743 -2611,3730 -2574,3734 -2561,3717 -2487,3691 -2480,3714 -2427,3759 -2374,3792 -2365,3827 -2318,3905 -2188,4115 -2118,4183 -2009,4245 -1870,4272 -1811,4244 -1761,4233 -1741,4209 -1687,4210 -1677,4175 -1568,4153 -1468,4086 -1382,4184 -1281,4354 -1079,4519 -964,4547 -897,4639 -641,4897 -381,5008 -71,5084 108,5118 106,5209 306,5261 363,5254 521,5310 570,5301 1034,5528 1730,5860 1746,5919 1832,6227 1904,6404 1619,6503 1687,6658 1624,6748 1691,7356 1717,7379 1726,7527 1490,7546 1492,7699 1284,7858 945,8102 860,8080 792,7950 735,7875 614,8006 485,8279 445,8429 499,8627 392,8716 687,9115 607,9182 515,9345 463,9556 437,9738 267,9873 115,9993 341,10296 154,10432 232,10533 210,10564 350,10750 447,10678 508,11042 469,11142 235,10846 -1508,10647
Britzer Garten	F:P 11165,3299 11196,3310 11196,3334 11208,3337 11202,3377 11177,3410 11171,3462 11195,3468 11155,3509 11127,3649 11203,3658 11187,3709 11275,3743 11320,3572 11372,3578 11406,3480 11433,3485 11437,3508 11471,3513 11484,3499 11773,3739 11751,3835 11780,3861 11769,3912 11817,3933 11847,3800 12076,3995 12080,4030 12087,4030 12098,4013 12148,4051 12292,4106 12196,3981 12034,3812 12046,3795 11778,3518 11881,3175 11906,3150 11959,3102 11950,3072 12118,2913 12227,2854 12395,2801 12471,2793 12446,2701 12440,2659 12659,2644 12664,2521 12615,2503 12173,2530 12137,2519 12080,2533 12066,2520 11897,2506 11878,2462 11275,2974 11208,2925 11161,2944 11137,2914 11112,2933 11038,2929 10929,2875 10827,2830 10889,3009 10996,3076 11166,3223 11170,3262
Treptower Park	F:P 15163,8512 15746,8983 15628,9008 15553,9061 15513,9119 15456,9234 15437,9317 15229,9520 15130,9562 15039,9579 14929,9634 14780,9714 14711,9732 14577,9808 14475,9883 14432,9933 14354,9803 14322,9709 14266,9678 14199,9709 14125,9611 15159,8514
Plänterwald	F:P 15610,8825 15685,8883 16545,8811 16619,8583 16682,8277 16699,8178 16626,7836 16644,7597 16671,7494 16625,7451 16502,7273 15866,8369
Königsheide 	F:P 15871,5234 15987,5232 16060,5236 16127,5220 16315,5136 16395,5081 17039,4789 17051,4918 17124,4914 17258,5092 17290,5175 17289,5241 17386,5367 17401,5478 16859,5902 16504,5895 16204,6011 16103,5940 16001,5893 15759,5853 15745,5806 15690,5748 15633,5476 15829,5260 15854,5246
Wuhlheide (Volkspark und FEZ)	F:P 20449,7132 20446,6912 20464,6767 20538,6566 20663,6330 20743,6159 20786,5760 20589,5805 20319,5918 20182,5907 19953,5976 19913,5978 18506,6911 18170,7049 18075,7099 18072,7133 18200,7203 18177,7269 18245,7283 18266,7239 18432,7257 18434,7292 18484,7355 18713,7074 18789,7078 18918,6905 19136,7061 19248,7206 19625,7089 19671,7263 19767,7346 19889,7369 19808,7468 19951,7651 20243,7453 20381,7291 20440,7203
Wuhlheide	F:P 20682,7310 20687,7744 20678,7823 20613,8093 20587,8383 20879,8380 20960,8354 21004,8045 21009,7739 21005,7361 21339,7009 21585,6770 21553,6579 21546,6549 21957,6285 21988,6204 21405,5853 21373,5870 21099,5809 20985,5772 20887,5758 20833,5759 20781,6197 20659,6401 20561,6611 20555,6754 20628,6894 20713,6953 20773,6976 20987,6964 21008,6996 20672,7231 20684,7260
Tierpark Friedrichsfelde	F:P 19134,11530 19126,11659 19160,11689 19173,11756 19534,11729 19561,11387 19625,11083 19781,10711 19848,10542 19673,10477 19246,10268 18838,10103 18757,10089 18680,10132 18496,10589 18663,10671 18561,10941 18407,10917 18318,11271 18478,11358 18595,11395 18614,11413 18653,11421 18653,11441 18886,11535 19127,11530
Volkspark Jungfernheide	F:P 1650,15671 3002,15661 3087,15488 3099,15387 3051,15245 2983,14995 2913,14934 2856,14765 2659,14761 1879,14896 1522,14967 1520,15041 1285,15672
Volkspark Rehberge	F:P 5879,15964 5839,16006 5870,16028 5751,16213 5696,16269 5710,16296 5552,16451 5540,16443 5472,16513 5452,16500 5237,16717 5197,16514 5163,16516 5160,16506 4970,16556 4956,16452 5202,16411 5169,16252 5147,16249 5138,16209 4983,16233 4992,16278 4935,16291 4856,15885 5446,15491
Schloßgarten Charlottenburg	F:P 2690,12677 2652,12851 2625,13068 2387,13154 2367,13156 2343,13034 2317,13019 2311,13068 2371,13319 2583,13479 2747,13514 2934,13573 3002,13416 3066,13077 3093,12866 3158,12784 3275,12734 3252,12657 3247,12536 2709,12465
Berliner Forst Spandau	F:P -7299,19867 -7386,19836 -7480,19863 -7658,19815 -7905,19694 -7975,19611 -7958,19542 -7885,19460 -7853,19426 -7651,19408 -7578,19437 -7541,19541 -7467,19523 -7337,19297 -7296,19658 -7045,19705 -7012,19679 -6992,19425 -7038,19348 -6868,19273 -6928,19210 -6743,18933 -6741,18856 -6715,18785 -6780,18684 -6695,18578 -6766,18517 -6700,18460 -6776,18415 -6762,18285 -6806,18195 -6811,18077 -6835,17963 -6908,17917 -6860,17835 -6968,17701 -6928,17604 -6992,17481 -6823,17409 -6786,17407 -6742,17519 -6564,17444 -6513,17810 -6047,17574 -5946,17672 -5757,17568 -5604,17623 -5515,17576 -5491,17601 -5403,17606 -5259,17636 -5096,17494 -5177,17401 -5169,17354 -4655,17499 -4620,17473 -4066,17625 -4191,17936 -4264,18127 -4273,18208 -4315,18318 -3772,18905 -3764,18885 -3204,18407 -3381,18225 -3517,18064 -3417,17963 -3067,18306 -2914,18186 -2858,18205 -2827,18025 -2727,18023 -2708,18171 -2723,18311 -2789,18616 -2931,19126 -2816,19156 -2691,19171 -2576,19161 -2473,19180 -2510,19259 -2537,19263 -2550,19300 -2587,19338 -2639,19362 -2714,19409 -2728,19471 -2721,19518 -2749,19532 -2785,19529 -2813,19644 -2797,19726 -2739,19757 -2742,19771 -2670,19825 -2682,19849 -2691,19916 -2656,19985 -2696,19994 -2697,19962 -2782,19899 -2850,19878 -3183,19943 -3148,19841 -3244,19866 -3436,19988 -3499,19957 -3736,20030 -3882,20086 -4067,20105 -4094,20116 -4279,20157 -4403,20230 -4440,20234 -4512,20285 -4436,20373 -4553,20461 -4649,20563 -4859,20608 -4866,20629 -5012,20693 -5148,20725 -5172,20734 -5362,20764 -5555,20871 -5704,20924 -5783,20957 -5862,20950 -5926,20885 -6012,20883 -6133,20895 -6235,20858 -6430,20819 -6447,20806 -6473,20660 -6480,20549 -6469,20485 -6485,20443 -6548,20417 -6603,20435 -6643,20479 -6705,20497 -6733,20546 -6977,20294 -6975,20279 -6995,20212 -7048,20157 -7106,20123 -7136,20137 -7174,20107 -7284,19878
Berliner Forst Tegel	F:P -687,18606 -782,18554 -814,18465 -808,18421 -860,18345 -890,18254 -886,18204 -898,18170 -924,18134 -944,18067 -1056,18117 -1166,18188 -1296,18316 -1313,18400 -1319,18454 -1426,18540 -1464,18586 -1485,18647 -1532,18681 -1606,18694 -1641,18703 -1681,18744 -1787,18774 -1886,18814 -1960,18819 -2029,18842 -2005,18947 -2001,19107 -1932,19099 -1890,19102 -1830,19148 -1776,19161 -1746,19246 -1716,19311 -1555,19339 -1505,19325 -1386,19350 -1231,19435 -1145,19447 -1079,19441 -1049,19506 -976,19786 -1016,19800 -1160,19881 -1313,20015 -1353,20157 -1527,20247 -1560,20190 -1749,20223 -1774,20461 -1955,20539 -1985,20541 -2152,20766 -1983,20881 -1969,20948 -1952,21284 -1843,21301 -1774,20992 -1684,20999 -1607,20995 -1603,21144 -1371,21164 -1286,20995 -1036,20991 -870,21037 -818,21205 -523,21279 -444,21268 -392,21457 -244,21963 -174,22221 -26,22306 93,22188 254,22115 402,22093 1060,21940 1079,21970 848,22116 540,22269 56,22552 -264,22750 -542,22993 -115,23414 -403,23903 -881,24396 -908,24504 -793,24531 -674,24478 -541,24438 -413,24431 -363,24437 -102,24438 95,24457 179,24468 376,24480 597,24418 745,24353 859,24321 895,24332 1097,24329 1180,24328 1286,24286 1413,24230 1580,24204 1766,24238 2044,24293 2310,24354 2337,24258 2393,24151 2472,23938 2550,23964 2592,23844 2481,23731 2578,23563 2741,23441 2799,23151 2748,23009 2595,22934 2410,22886 2283,22732 2280,22572 2139,22500 2170,22446 2339,22536 2593,22579 2645,22582 2619,22520 2566,22502 2463,22406 2327,22309 2336,22245 2373,22241 2433,22109 2541,22077 2537,22042 2326,21717 2338,21535 2241,21463 2208,21418 2197,21374 2177,21368 2130,21377 2114,21359 2044,21309 1955,21452 1645,21162 1618,21158 1575,21106 1467,21229 1332,21130 1313,21085 1243,21039 1146,21007 933,20988 855,20947 740,20831 666,20723 739,20668 625,20584 525,20559 495,20497 432,20461 404,20409 355,20294 276,20204 259,20075 253,19937 192,19898 174,19841 181,19753 220,19647 223,19618 178,19565 94,19499 -71,19434 -148,19370 -219,19270 -321,19209 -331,19226 -382,19200 -405,19147 -469,18922 -499,18869 -492,18766 -473,18690 -500,18677 -564,18675
Bürgerpark	F:P 9438,18298 9463,18195 9470,18084 9785,18141 9821,18206 9829,18282 9878,18286 9866,18352 9842,18364 9448,18308
Berliner Stadtforst Köpenick	F:P 27369,-1737 27308,-1728 27320,-1642 27336,-1575 27357,-1513 27364,-1428 27358,-1364 27325,-1212 27298,-1191 27233,-1133 27216,-1054 27212,-1000 27166,-885 27149,-814 27112,-780 27040,-752 26961,-742 26938,-683 26911,-600 26846,-547 26784,-494 26749,-468 26712,-370 26695,-348 26668,-354 26678,-383 26633,-438 26630,-500 26596,-525 26594,-456 26595,-387 26586,-314 26451,-193 26402,-214 26340,-169 26277,-81 26178,49 26143,73 26116,92 26080,138 26032,208 26041,236 26031,265 26044,332 26042,416 26038,487 26024,539 25974,602 25962,604 25939,626 25918,684 25892,753 25862,779 25817,813 25748,834 25667,854 25563,874 25448,849 25383,821 25354,798 25329,812 25285,826 25192,799 25163,793 25040,796 25003,785 24932,803 24875,809 24829,811 24806,830 24773,869 24712,890 24650,915 24494,969 24435,967 24406,954 24388,996 24358,1035 24319,1123 24264,1161 24244,1160 24224,1177 24127,1237 24078,1236 24029,1257 23940,1274 23877,1253 23779,1224 23665,1278 23602,1486 23583,1659 23701,1750 23685,2016 23678,2213 23776,2536 23819,2821 24022,2860 24149,2952 23734,3418 23393,3759 23214,3839 23291,3907 23446,3878 23734,3870 23744,3831 23953,3840 23954,3872 24327,3885 24323,4265 24146,4286 24221,4638 24068,4701 23912,4878 23886,5047 23991,5045 24096,4978 24207,4921 24281,4911 24402,4866 24440,4838 24472,4819 24510,4780 24572,4757 24719,4647 24858,4581 24915,4557 24972,4509 25053,4432 25129,4421 25187,4437 25260,4471 25330,4529 25451,4510 25460,4535 25577,4557 25602,4543 25588,4493 25512,4376 25427,4231 25419,4159 25396,4102 25405,4048 25375,3936 25325,3866 25336,3824 25313,3641 25320,3375 25390,3068 25482,2915 25542,2881 25673,2828 25845,2708 25885,2660 25957,2644 26018,2645 26157,2680 26309,2704 26357,2724 26414,2721 26461,2695 26577,2660 26779,2638 26882,2613 26968,2620 26995,2605 27131,2562 27203,2538 27206,2479 27276,2461 27371,2483 27469,2572 27560,2687 27609,2779 27652,2842 27738,2918 27816,2942 27868,3024 28004,3101 28179,3174 28374,3240 28434,3276 28483,3277 28524,3313 28600,3337 28707,3361 28793,3363 28894,3333 28860,3214 28836,3201 28862,3121 28819,3073 28846,2980 28769,2788 28682,2631 28922,2431 28721,2197 28449,2413 28344,2300 28387,2242 28260,2083 28189,1769 27945,1714 27666,1481 27537,1416 27189,1406 27031,805 27178,621 27588,253 27699,354 27911,184 27858,57 28056,-125 28071,-160 28018,-181 27965,-226 27887,-262 27863,-295 27855,-354 27824,-387 27751,-399 27688,-435 27652,-485 27629,-554 27625,-609 27624,-670 27603,-710 27607,-779 27611,-848 27634,-885 27613,-937 27586,-1014 27587,-1071 27607,-1102 27587,-1187 27577,-1268 27570,-1308 27572,-1370 27594,-1394 27595,-1433 27586,-1483 27600,-1532 27617,-1534 27600,-1559 27522,-1578 27508,-1571 27438,-1535 27385,-1566 27371,-1606 27367,-1660 27365,-1685 27369,-1737
Berliner Forst Düppel	F:P -10530,732 -10561,697 -10546,658 -10579,608 -10590,573 -10624,543 -10650,500 -10662,470 -10661,460 -10641,407 -10623,380 -10571,359 -10497,331 -10461,292 -10458,273 -10440,236 -10340,125 -10329,98 -10209,98 -10193,47 -10153,93 -10120,148 -10198,234 -10286,396 -10014,471 -9998,382 -9965,244 -9968,160 -9727,23 -9680,39 -9655,20 -9573,56 -9555,330 -9579,435 -9409,409 -9362,208 -9279,222 -9246,132 -9334,120 -9339,11 -9468,-10 -9552,-4 -9607,-56 -9452,-87 -9397,-115 -9414,-152 -9354,-200 -9276,-277 -9210,-375 -9195,-404 -9200,-485 -9197,-517 -9167,-534 -9028,-590 -8956,-633 -8903,-701 -8871,-720 -8782,-733 -8760,-737 -8705,-795 -8664,-871 -8640,-942 -8614,-1003 -8575,-1024 -8537,-1063 -8453,-1100 -8346,-1159 -8280,-1239 -8240,-1276 -8189,-1279 -8125,-1251 -7996,-1139 -7889,-1063 -7830,-975 -7739,-882 -7652,-821 -7501,-771 -7389,-763 -7320,-747 -7255,-689 -7213,-601 -7296,-522 -7330,-426 -8468,-230 -8609,489 -8520,538 -8474,595 -8280,659 -8052,704 -8017,542 -8338,317 -8300,-46 -8215,-34 -8240,322 -7868,375 -7835,309 -7749,303 -7741,599 -7392,780 -7236,934 -7036,1099 -7117,1188 -7024,1323 -6880,1235 -6964,1053 -6464,1156 -6587,1414 -6480,1765 -6519,1951 -6349,2244 -6035,2053 -5962,2390 -5739,2726 -5857,2938 -5890,3093 -5925,3136 -5963,3165 -6038,3242 -6128,3329 -6147,3378 -6169,3402 -6233,3415 -6292,3417 -6328,3460 -6384,3471 -6442,3512 -6450,3470 -6472,3447 -6525,3426 -6616,3414 -6656,3364 -6779,3245 -6937,3082 -7042,2958 -7127,2816 -7203,2684 -7236,2648 -7287,2615 -7417,2617 -7460,2591 -7565,2446 -7700,2367 -7783,2313 -7826,2297 -7927,2278 -8000,2281 -8041,2332 -8100,2264 -8124,2236 -8197,2205 -8292,2191 -8359,2204 -8415,2176 -8548,2232 -8619,2186 -8630,2134 -8685,2083 -8781,1995 -8814,1947 -8876,1854 -8931,1814 -8963,1798 -9034,1802 -9093,1818 -9184,1820 -9238,1827 -9287,1826 -9361,1841 -9430,1864 -9464,1846 -9475,1794 -9514,1749 -9582,1730 -9633,1702 -9668,1644 -9691,1567 -9676,1469 -9649,1460 -9644,1440 -9670,1415 -9717,1409 -9730,1441 -9725,1456 -9768,1516 -9835,1562 -9873,1583 -9968,1586 -9989,1605 -10003,1595 -10055,1628 -10064,1668 -10098,1549 -10156,1409 -10186,1322 -10220,1228 -10229,1183 -10262,1138 -10308,1078 -10419,903 -10490,787 -10530,732
Berliner Forst Düppel	F:P -7025,181 -6864,219 -6765,157 -6630,158 -6543,130 -6378,196 -6310,338 -6221,532 -6116,633 -5955,452 -5636,590 -5216,848 -5017,1067 -4868,1204 -4535,1107 -4009,1168 -3833,1199 -3551,1085 -3505,810 -3507,572 -4866,-183 -4927,-86 -5307,-309 -5368,-434 -5381,-598 -5352,-1230 -6058,-1354 -6104,-1366 -6675,-1285 -7293,-865 -7297,-801 -7192,-650 -7167,-465 -7214,-239 -7162,-174 -7177,-48 -7142,124
Berliner Forst Düppel	F:P -3353,1341 -3432,1132 -3411,1076 -3348,1023 -3323,902 -3410,841 -3393,621 -2047,1284 -2165,1508 -3037,1025 -3266,1279
Flughafen Berlin-Schönefeld	F:Ae 18857,-1599 18302,-1793 18190,-2503 17954,-2675 17764,-2503 17486,-2590 17569,-2891 16156,-3752 16070,-3903 15663,-4160 15830,-4440 18073,-3795 18265,-3837 19394,-3193 19632,-2763 19804,-2612 19619,-2309 21285,-1594 21178,-1296 20900,-1403 20836,-1360 19409,-2029 18985,-1707
Dammheide	F:P 23131,7470 23368,7624 23746,7814 23781,7919 22885,8599 22576,8462 22400,8571 22123,8430 22071,8665 21832,8749 21582,8704 21517,8576 22078,8054 22046,7976 22201,7837 22140,7724 22234,7677 22270,7710 22414,7617 22336,7413 22486,7367 22584,7715 22747,7753 22916,7646
Mittelheide	F:P 23167,7409 23383,7207 23318,7127 23654,6907 23559,6244 24386,6104 24328,6177 24387,6312 24521,6438 25163,6687 25149,6861 25242,7090 25258,7463 24982,7526 24858,7378 24697,7438 24586,7441 24364,7517 24377,7698 24021,7705 23869,7815 23709,7747 23282,7511
Krummendammer Heide	F:P 25569,7820 25538,7331 25616,7020 25488,6834 25550,6594 25509,6366 25683,6343 25653,6076 25773,6076 29149,7419 28750,7686 28328,7804 28362,7942 28096,7864 27737,8014 27593,8189 27054,8409 26731,8461 26281,8113 25933,7986 25745,7822
Schmöckwitzer Werder	F:P 30564,-3094 30406,-3376 30177,-3749 30111,-3452 29821,-3532 29757,-3531 29806,-3723 29667,-3679 29455,-3703 29233,-3886 28928,-4045 28827,-4255 28630,-4369 28615,-4543 28561,-4828 28474,-5101 28542,-4994 28412,-5103 28348,-5275 28223,-5434 28183,-5519 28112,-5593 28037,-5728 27925,-5779 27800,-6099 27938,-6115 27927,-6184 27765,-6395 27480,-6846 27250,-6592 27147,-6604 27112,-6488 27178,-6344 27196,-6186 27239,-6019 27140,-5980 27167,-5888 27135,-5647 27098,-5322 27051,-5089 27052,-4943 27163,-4830 27193,-4654 27295,-4509 27291,-4449 27438,-4333 27570,-4090 27552,-3953 27506,-3875 27492,-3769 27501,-3646 27501,-3527 27601,-3416 27730,-3381 27816,-3167 28159,-3130 28203,-3030 28522,-2801 28605,-2814 28688,-2790 28750,-2799 29122,-2761 29454,-2805
Gatower Heide	F:P -7426,8804 -7449,8199 -7474,7803 -7374,7623 -6776,7728 -6638,7709 -6649,7881 -6487,7845 -6476,8006 -6091,8022 -6047,8158 -6389,8170 -6638,8135 -6957,8466 -7026,8780
Volkspark am Weinberg	F:P 10048,14069 10086,13998 10234,13950 10303,14085 10194,14129
Monbijoupark	F:P 10120,12835 9945,12900 9769,12955 9817,13114 10035,13018 10105,12950
Rudolph-Wilde-Park	F:P 6447,8606 6445,8478 6274,8469 6068,8349 5933,8235 5932,8383 6005,8436 6008,8417 6267,8563 6264,8578 6361,8609
Heinrich-Lassen-Park	F:P 6780,8542 6744,8509 6651,8594 6582,8701 6716,8763 6751,8709 6817,8738 6872,8685 6817,8634 6797,8646 6732,8593
Volkspark Wilmersdorf	F:P 5908,8367 5911,8224 5824,8183 5738,8184 5661,8224 5461,8424 5310,8477 4954,8467 4806,8521 4888,8587 5094,8589 5345,8547 5515,8489 5648,8369 5701,8328 5820,8346
Volkspark Wilmersdorf	F:P 4743,8583 4749,8559 4659,8503 4483,8499 4279,8499 4156,8506 4039,8489 3993,8557 4231,8579 4344,8560 4474,8567 4476,8582
Preußenpark	F:P 4349,9413 4278,9414 4084,9649 4085,9676 4122,9677 4157,9646 4218,9650 4357,9596
Heinrich-von-Kleist-Park	F:P 7494,9594 7488,9527 7437,9519 7433,9469 7247,9465 7252,9683 7445,9689 7437,9600
Lietzenseepark	F:P 2645,10683 2529,10683 2503,10786 2414,10905 2384,11020 2378,11071 2425,11196 2646,11361 2767,11435 2888,11295 2865,11250 2825,11262 2758,11206 2655,11184 2587,11153 2562,11076 2552,10984 2615,10919 2672,10784
Stadtpark Steglitz	F:P 5928,4919 5909,4916 5945,4828 5909,4798 5823,4808 5696,4539 5905,4443 5882,4373 5924,4359 5969,4427 5998,4425 6100,4691 5991,4837
Bäkepark	F:P 5403,4202 5195,4045 5014,4243 4858,4543 4983,4637 5074,4516 5183,4599 5198,4578 5017,4425 5106,4309 5193,4242 5257,4231 5266,4258 5358,4216
Schloßpark Lichterfelde	F:P 4939,3664 4801,3390 4717,3420 4744,3494 4609,3528 4636,3637 4624,3716 4752,3712 4777,3692
Lilienthalpark	F:P 5532,912 5702,644 5552,550 5486,649 5513,657 5482,738 5438,722 5372,820
Freizeitpark Marienfelde	F:P 8887,-1112 8669,-1154 8604,-748 7978,-846 7994,-594 7957,-553 7794,-534 7797,-233 8057,-247 8057,-222 8548,-244 8585,284 8722,297 8770,222 8672,133 8633,98 8636,-118 8628,-303 8629,-681 8685,-778 8737,-782 8797,-1069 8886,-1094
Freizeit- und Erholungspark Lübars	F:P 7771,23133 8061,22671 8010,22546 7998,22428 7879,22368 7870,22437 7748,22388 7537,22415 7562,22709 7479,23021
NSG	F:P 8010,22546 8017,22524 8134,22487 8098,22442 8093,22343 8035,22293 8220,22255 8291,22466 8272,22782 8089,22728 8061,22671
Freizeitpark Tegel	F:P 1012,20970 1089,20816 1075,20754 1123,20617 931,20507 868,20607 688,20728 906,20963
Schloßpark Tegel	F:P 1012,20970 1089,20816 1565,20780 1556,20642 1710,20788 1804,20758 1735,20848 1454,21157 1333,21071 1195,20999
Gemeindepark Lankwitz	F:P 7103,2967 7193,2579 6981,2624 6838,2690 7027,2983
Berliner Stadtforst Köpenick	F:P 25984,-1237 26056,-1591 26353,-1806 26460,-1878 26773,-1928 26793,-2055 27012,-2310 26876,-2488 27073,-2723 26915,-2783 26915,-2808 26339,-2929 25875,-2152 24750,-2730 24819,-2963 24730,-3026 24642,-2917 24513,-2982 24372,-2855 24437,-2782 24437,-2737 24375,-2501 24235,-2440 24247,-2295 24132,-2174 24056,-2197 23999,-2034 23779,-1979 23679,-1804 23702,-1712 23681,-1649 23602,-1668 23553,-1557 23618,-1275 23498,-1152 23512,-1036 23556,-931 23528,-860 23541,-778 23346,-728 23220,-480 23068,-495 22957,-338 22953,-278 23139,45 22915,396 22578,655 22189,1058 22447,1239 22573,990 22807,1057 22934,751 22981,508 23315,301 23460,511 23246,726 23270,754 23519,604 23537,765 23677,780 24012,691 24217,555 24566,489 24590,541 24622,540 24664,521 24702,453 24737,407 24782,383 24839,372 25008,373 25167,396 25264,443 25344,482 25445,479 25510,498 25528,493 25542,420 25559,390 25611,372 25621,291 25604,174 25601,95 25631,-46 25643,-61 25687,-126 25759,-194 25799,-225 25797,-250 25771,-270 25765,-344 25786,-393 25860,-512 25987,-593 25997,-615 25952,-695 26012,-825 25951,-981
Berliner Stadtforst Köpenick	F:P 26350,6239 26377,6035 30071,5506 30321,5477 30409,5491 30710,5841 30538,5881 30505,6524 30324,6762 29368,7089 29191,7378
Berliner Stadtforst Köpenick	F:P 27366,5811 27351,5689 27177,5693 27219,5459 27239,5139 27846,5057 27845,5010 28350,4915 28444,5102 29698,4533 29684,5021 29786,5085 30026,5423
Berliner Stadtforst Köpenick	F:P 30099,5425 29860,5074 29736,4992 29740,4507 29781,4456 29896,4651 29979,4588 30096,4719 30612,4760 30808,4809 31278,4820 31437,4724 31510,4746 31778,4648 31690,4380 31455,4365 31362,4252 31316,4115 31436,3913 32009,4397 31815,4735 31539,5013 31156,5226 30828,5315
Berliner Stadtforst Köpenick	F:P 30388,5439 30454,5470 30786,5845 30987,5842 31039,5954 31033,6413 30880,6454 30820,6928 30593,7328 30721,7328 30757,7250 31427,6799 31732,6764 32053,6097 32638,5437 32906,5391 33015,5438 33094,5422 33105,5378 33625,5244 33733,5281 34026,5073 34330,4956 34444,4949 34515,4956 34385,4632 34543,4604 34495,4313 34137,4439 33706,4062 33559,3354 33090,3377 32814,3437 32625,3727 32370,3929 32067,4413 31881,4754 31664,4996 31405,5180 31063,5325
Berliner Stadtforst Köpenick	F:P 32284,3833 32155,3243 32380,3199 32357,3021 32134,2986 32233,2655 32801,3001 32824,3196 33196,3128 33240,3435 32730,3547 32655,3289 32396,3330 32434,3715
Berliner Stadtforst Köpenick	F:P 31847,2378 31058,2205 30940,2222 30887,2285 30769,2304 30713,2274 30627,2299 30591,2372 30378,2360 29642,2679 29547,2785 29577,2944 29481,2979 29408,2940 29308,2940 29152,2873 28987,2894 28846,2980 28769,2788 29079,2521 29210,2603 29452,2411 29300,2213 29625,1946 29010,1148 29164,976 28811,514 28661,526 28513,569 28485,497 28480,403 28337,326 28270,246 28249,4 28225,-16 28227,-220 28192,-293 28085,-352 28002,-477 27947,-508 27865,-672 27823,-688 27798,-874 27805,-945 27758,-1035 27736,-1055 27795,-1155 27809,-1258 27764,-1328 27783,-1399 27773,-1506 27771,-1718 27731,-2015 27720,-2173 27735,-2293 27751,-2338 27887,-2394 27912,-2428 27938,-2464 27980,-2387 28128,-2324 28159,-2264 28138,-2228 28119,-2142 28139,-2030 28177,-2015 28263,-2114 28312,-2209 28466,-2317 28560,-2334 28635,-2286 28764,-2263 28792,-2166 28885,-1962 28975,-1921 28930,-1889 28941,-1840 28995,-1836 29123,-1762 29202,-1758 29290,-1741 29247,-1683 29223,-1515 29330,-1353 29439,-1298 29490,-1275 29511,-1243 29555,-1101 29636,-1038 29718,-974 29787,-973 29833,-949 29897,-940 29999,-904 30077,-897 30114,-906 30197,-867 30179,-845 30235,-704 30395,-522 30640,-431 30788,-430 31000,-477 31162,-172 31244,-138 31316,-174 31333,-131 31226,-72 31114,-104 30998,-75 31516,952 31709,1196 31979,1416 32212,1542 32445,1634 32380,1672 32329,1750 32178,1840 32148,1970
Schillerpark	F:P 7165,16706 6858,16366 6250,16898 6437,17102 6730,16834 6718,16822 6793,16762 6930,16782 7074,16899 7028,16974 7050,16987 7099,16912 7293,16988 7312,16907 7361,16913 7357,16888 7154,16827 7141,16765
Lessinghöhe	F:P 12754,7716 12666,7701 12533,7728 12513,7853 12590,7885 12591,7946 12633,7957 12643,7928 12687,7931 12718,7873
Thomashöhe	F:P 12864,7617 12677,7524 12642,7654 12765,7662
Körnerpark	F:P 12869,7397 12890,7312 12714,7283 12696,7357
Görlitzer Park	F:P 13185,9987 13080,9864 12352,10252 12397,10335 12317,10382 12309,10427 12348,10432 12403,10387
Schlesischer Busch	F:P 13763,9926 13626,9775 13424,9948 13567,10129
Alter Park	F:P 9213,6401 9176,6188 9065,6205 9072,6240 8997,6275 9023,6320 9139,6387
Franckepark	F:P 9618,6065 9332,6105 9371,6328 9433,6226 9637,6186
Marienhöhe	F:P 8238,5351 8310,5209 8175,5218 8075,5093 8043,5119 7976,5029 7924,5033 7913,5099 7975,5177 7894,5281 7981,5357 7988,5483 8015,5479 8036,5428 7999,5328 8015,5259 8127,5306
Park am Buschkrug	F:P 13632,5572 13756,5283 13491,5270 13432,5528
Gutspark Britz	F:P 13149,4584 13056,4466 12904,4564 12971,4659 13015,4655 13027,4668
Volkspark Prenzlauer Berg	F:P 14727,14422 14352,14182 14243,14214 14318,14477 14037,14547 14048,14703 14141,14838 14106,14857 14127,14900 14624,14622 14683,14530
Volkspark Anton Saefkow	F:P 13304,14543 13194,14430 12867,14647 13100,14647
Ernst-Thälmann-Park	F:P 12485,14979 12567,14927 12322,14564 12037,14718 12094,14805 12304,14704
Mauerpark	F:P 10176,15436 10261,15463 10408,15039 10309,14995
Falkplatz	F:P 10456,15541 10200,15466 10140,15630 10403,15675
Goethepark	F:P 5749,15752 5615,15596 5865,15399 5977,15528
Waldeckpark	F:P 10418,11292 10518,11092 10489,11077 10283,11163
Hochmeisterplatz	F:P 3377,9964 3371,9803 3428,9787 3447,9805 3453,9966
Fritz-Schloß-Park	F:P 7489,13460 7167,13277 7026,13531 7076,13586 7015,13715 6993,13786 6926,13834 6928,13857 6967,13872 6982,13858 7197,13988 7217,13971 7341,14009 7457,13871 7578,13555 7476,13494
Werner-von-Siemens-Park	F:P 1372,15280 1448,15067 775,14884 715,15048
Kleiner Tiergarten	F:P 6564,13276 6600,13166 6263,13232 6279,13272
Mendelssohn-Bartholdy-Park	F:P 8640,10742 8580,10696 8534,10752 8467,10790 8496,10840 8590,10793
Bosepark	F:P 8954,6457 8922,6340 8713,6353 8721,6454 8836,6444 8835,6415 8889,6418
Volkspark Mariendorf	F:P 9924,3839 9804,3903 9618,3891 9629,3966 9499,3955 9493,4027 9390,4002 9373,4108 9866,4235 10010,4255 10020,4147 10089,4104
Gutspark Marienfelde	F:P 8700,415 8701,353 8542,337 8426,352 8330,382 8357,481 8363,543 8563,474 8656,375
Messelpark	F:P 2004,7479 2007,7447 2157,7258 2178,7273
Messelpark	F:P 2211,7242 2194,7224 2403,6982 2428,6990
Messelpark	F:P 2455,6956 2441,6953 2627,6726 2674,6712
Messelpark	F:P 3037,6389 2909,6406 2755,6502 2778,6576 2808,6555 2864,6467 2931,6436 3004,6431
Finkenpark	F:P 2514,6550 2423,6534 2276,6424 2213,6406 2214,6361 2372,6419 2507,6528 2559,6487 2576,6495
Finkenpark	F:P 2169,6392 2170,6365 1996,6339 1937,6367
Thielpark	F:P 2255,5417 2209,5389 1988,5387 1985,5335 2088,5320 2103,5288 2153,5265 2175,4927 2208,4896 2256,4927 2232,5015 2259,5121 2229,5261 2258,5309 2280,5401
Thielpark	F:P 1947,5374 1943,5339 1877,5332 1835,5356 1836,5388
Thielpark	F:P 2317,4866 2288,4848 2374,4734 2419,4780 2371,4843
Thielpark	F:P 2435,4713 2488,4675 2453,4583 2338,4679 2399,4693
Triestpark	F:P 2551,4689 2535,4644 2597,4626 2701,4677
Rehwiese	F:P -3343,2848 -3339,2666 -3365,2594 -3358,2419 -3324,2422 -3283,2583 -3262,2603 -3285,2667 -3267,2843
Rehwiese	F:P -3362,2369 -3365,2303 -3400,2230 -3277,2092 -3252,2049 -3227,2052 -3178,2137 -3186,2173 -3294,2307 -3301,2376
Rehwiese	F:P -3145,2088 -3178,2045 -3205,1956 -3280,1811 -3272,1745 -3395,1668 -3549,1665 -3521,1589 -3264,1624 -3275,1668 -3243,1763 -3136,1824 -3104,1931 -3120,2084
Fischtalpark	F:P 890,4741 776,4474 713,4303 764,4245 938,4752
Fischtalpark	F:P 687,4265 589,4169 407,4066 454,3929 572,3959 656,4015 675,4139 733,4207
Waldpark Steinberg	F:P 3331,21100 3345,21034 4005,21123 3971,21226 4168,21208 4133,21308 4117,21468 3925,21622 3708,21466 3564,21636 3427,21529 3545,21177
Volkspark Schönholzer Heide	F:P 9431,18861 9259,18733 9082,18966 8809,18886 8603,19215 8433,19137 8396,19249 8373,19424 8831,19247 9114,19083
Volkspark Schönholzer Heide	F:P 8321,19445 8357,19167 7830,19656 7991,19731
# Früher: Schloßpark Niederschönhausen (Check new name! XXX)
Schloßpark Schönhausen	F:P 10704,19037 10638,19161 10630,19265 10868,19366 10856,19381 10627,19324 10610,19397 10179,19255 10217,19120 10175,19109 10244,18999 10390,18951 10459,18911 10530,18742
Brosepark	F:P 10187,19975 10232,19759 10417,19812 10370,19945 10307,20002
Erholungspark Marzahn (Kienberg)	F:P 21687,15194 21665,15055 21599,15063 21563,14924 21445,14614 21840,14494 21933,14523 22082,14420 22141,14308 22427,14159 22659,14419 22697,14572 22487,14943 22344,15097
Landschaftspark Wuhletal	F:P 22288,13576 22181,13616 22336,13841 22409,13979 22427,14159 22659,14419 22697,14572 22487,14943 22344,15097 22683,15073 22683,14959 22777,14831 22786,14638 22758,14362 22781,14219 22686,14064 22592,14005 22320,13666
Landschaftspark Wuhletal	F:P 21908,12157 21971,12432 21910,12507 21918,12579 21990,12568 22079,12958 22119,13346 22124,13447 22188,13555 22217,13545 22166,13438 22154,13324 22172,13058 22043,12604 22041,12552 21960,12232
Landschaftspark Wuhletal (Ahrensfelder Berge)	F:P 22662,16306 22647,16424 22118,16836 22004,16881 22037,17148 21985,17154 21991,17324 21948,17410 22083,17608 22369,17523 22467,17525 22443,17852 22479,17851 22488,17792 22485,17700 22519,17533 22523,17358 22676,17053 22702,17032 22751,16870 22766,16676 22707,16494 22689,16321
Landschaftspark Wuhletal (Biesdorfer Berg)	F:P 21894,12043 21762,11996 21784,11900 21742,11697 21423,11517 21881,11320 22369,11301 22324,11463 22040,11751 21951,11909
Köllnische Heide	F:P 20685,4828 20550,4398 20177,4420 19924,4232 19767,4211 19312,4697 19344,4801 19631,4824 19795,4831 20023,5026
Rudower Höhe	F:P 18629,1455 18441,1391 18216,1673 18313,1739 18353,1688 18524,1748 18558,1638 18639,1519
Stadtpark Lichtenberg	F:P 15503,12651 15508,12550 15410,12538 15424,12474 15357,12473 15352,12495 15289,12481 15287,12451 15258,12443 15149,12692 15112,12689 15043,12823 15077,12824 15120,12786 15356,12769 15408,12748 15432,12662
Stadtpark Biesdorf	F:P 21070,11697 21122,11915 21130,12076 20737,12109 20730,12072 20814,12059 20777,11735
ehem. Luisenstädtischer Kanal	F:P 10955,10105 11021,10242 11089,10276 11114,10338 11102,10442 11135,10519 11200,10678 11258,10682 11269,10731 11302,10804 11270,10820 11328,10957 11365,11047 11421,11073 11461,11145 11649,11075 11816,11084 11852,11102 11956,11166 12055,11331 12026,11348 11921,11185 11798,11128 11665,11118 11473,11180 11349,11227 11307,11125 11327,11093 11283,10981 11220,10839 11186,10843 11151,10781 11133,10714 11157,10699 11134,10642 11090,10538 11062,10458 11009,10442 10971,10367 10962,10340 10974,10266 10910,10131
Grimmstr.	F:P 11016,9599 11083,9753 11163,9903 11200,9889 11148,9730 11117,9658 11083,9573 11064,9543 11002,9566
Baerwaldstr.	F:P 10408,9800 10339,9818 10397,9962 10451,10057 10490,10080 10503,10046 10480,9949
Böcklerpark	F:P 10942,10021 10550,10114 10615,10270 10788,10208 10800,10122 10899,10097 10936,10080
Schloßpark Köpenick	F:P 22058,4230 21981,4250 21980,4317 21997,4411 22110,4384
Luisenhain	F:P 22026,4520 22111,4788 22149,4856 22174,4839 22063,4521
Bellevuepark	F:P 22819,5369 22823,5524 22848,5584 22778,5637 22539,5575 22620,5382
Heinrich-Laehr-Park	F:P 1279,1639 1509,1696 1694,1012 1614,625 1620,598 1529,579
Weißenseer Park	F:P 14285,16243 14296,16302 14197,16349 14114,16330 14158,16570 14213,16715 14430,16791 14548,16784 14585,16666 14539,16507 14560,16473 14491,16368 14356,16271
Friedenthal-Park	F:P 2005,9805 2053,9848 2107,9872 2178,9848 2218,9805 2257,9835 2167,10004 2153,9993 1989,9854
Schleidenplatz	F:P 15098,12213 14997,12243 15054,12323 15098,12213
Wühlischplatz	F:P 14535,11327 14575,11407 14434,11465
Boxhagener Platz	F:P 14272,11775 14247,11688 14109,11727 14132,11809
Comeniusplatz	F:P 13411,11899 13467,11787 13303,11791 13283,11827
Weberwiese	F:P 13011,12324 13065,12323 13213,12307 13080,12202
Am Karlsbad	F:P 7980,11070 7968,11048 8011,11014 8281,10791 8300,10823 8299,10858 8205,10979
Nelly-Sachs-Park	F:P 8030,10275 7930,10152 7883,10163 7893,10281
Chamissoplatz	F:P 9546,9198 9526,9104 9597,9096 9617,9185
Steinplatz	F:P 5166,11343 5122,11300 5088,11322 5053,11343 5091,11406
Savignyplatz	F:P 4920,10933 4868,10934 4817,10943 4827,11025 4835,11092 4880,11088 4926,11081 4921,11017
Viktoria-Luise-Platz	F:P 6270,9910 6219,9891 6155,9900 6142,9934 6224,9980 6274,9947
Lützowplatz	F:P 6918,10854 6824,10904 6873,11011 7002,11034 7010,11002
Münsigerpark	F:P -3554,14099 -3685,14143 -3777,14178 -3717,14362 -3579,14331 -3522,14290
Helmholtzplatz	F:P 11440,15190 11261,15305 11282,15340 11456,15228
Kollwitzplatz	F:P 11237,14414 11163,14548 11255,14572 11329,14559
Arnswalder Platz	F:P 12694,14202 12608,14096 12543,14134 12631,14252
Petersburger Platz	F:P 13594,12808 13569,12800 13497,12974 13523,12982
# das ehemalige Lenne-Dreieck:
Henriette-Herz-Park	F:P 8207,11677 8331,11712 8450,11564
Rudolfplatz	F:P 14007,10802 13854,10858 13879,10935 14021,10859
Traveplatz	F:P 14941,11689 14849,11739 14787,11774 14830,11844 14977,11751
Wismarplatz	F:P 14513,11657 14449,11742 14471,11782 14550,11732
# XXX richtiger Name?
Wolffring	F:P 8952,8270 8807,8353 8711,8371 8670,8370 8529,8290 8560,8254 8652,8295 8782,8276 8926,8205
Bäumerplan	F:P 8529,8290 8491,8230 8460,8084 8517,8080 8536,8192 8560,8254
Bäumerplan	F:P 8467,7916 8486,7833 8517,7759 8548,7787 8506,7929
Rumeyplan	F:P 8682,7719 8797,7739 8894,7783 8940,7831 8957,7811 8902,7763 8815,7722 8685,7697
Bundesring	F:P 8939,7875 8923,8023 8932,8178 8938,8020
Marheinekeplatz	F:P 9882,9287 9881,9238 9962,9237 9987,9238 9991,9267
# Duplicated areas for islands
	F:Pabove 5986,11709 5962,11677 5985,11645 6062,11637 6080,11674 6072,11714
	F:Pabove 6084,11635 6100,11685 6091,11726 6113,11727 6149,11691 6132,11656 6136,11609 6104,11611
	F:Pabove 6187,11721 6227,11705 6231,11737 6199,11739
	F:Pabove 6340,11673 6272,11647 6260,11663 6281,11676 6281,11701 6298,11711 6325,11699
Luiseninsel	F:Pabove 7769,11603 7752,11591 7745,11603 7718,11597 7690,11631 7663,11636 7677,11675 7694,11681 7706,11669 7731,11654 7747,11625
Rousseauinsel	F:Pabove 7241,11769 7211,11764 7204,11781 7216,11796
Lindwerder	F:Pabove -3822,6506 -3869,6524 -3998,6605 -4039,6649 -4032,6689 -3981,6709 -3909,6686 -3876,6616 -3799,6578 -3793,6543
Pfaueninsel	F:Pabove -8649,2350 -8571,2369 -8473,2364 -8406,2343 -8345,2342 -8293,2425 -8247,2453 -8169,2457 -8149,2477 -8136,2515 -7975,2582 -7908,2626 -7766,2661 -7739,2659 -7708,2699 -7702,2739 -7692,2848 -7680,2880 -7686,2905 -7663,2996 -7725,3210 -7735,3214 -7774,3310 -7789,3322 -7798,3403 -7762,3446 -7755,3451 -7739,3518 -7757,3542 -7767,3542 -7812,3509 -7877,3431 -7896,3403 -7933,3405 -7973,3434 -8027,3442 -8035,3462 -8103,3468 -8144,3430 -8193,3402 -8232,3403 -8294,3454 -8331,3460 -8353,3425 -8375,3351 -8347,3270 -8336,3236 -8313,3209 -8285,3150 -8260,3129 -8252,3198 -8221,3265 -8180,3274 -8132,3203 -8135,3146 -8195,3096 -8239,3082 -8239,3053 -8264,2988 -8293,2960 -8414,2896 -8545,2809 -8590,2764 -8619,2751 -8657,2705 -8678,2624 -8752,2531 -8775,2491 -8795,2401 -8791,2330 -8758,2286 -8716,2285 -8678,2320 -8649,2350
Kurt-Hiller-Park	F:P 7343,9322 7344,9287 7259,9266 7248,9310
Tilla-Durieux-Park	F:P 8380,10865 8342,10916 8392,11077 8410,11141 8474,11350 8554,11386 8467,11125 8458,11081
Wartburgplatz	F:P 6476,8950 6474,9029 6594,9056 6606,8968
Klausenerplatz	F:P 2647,12427 2662,12306 2801,12332 2788,12447
Gerhart-Hauptmann-Anlage	F:P 5434,10017 5351,10121 5433,10153
Park am Fennpfuhl	F:P 15256,13576 15333,13772 15321,13843 15380,13842 15294,14070 15184,14065 15179,14161 15101,14142 15105,14061 15008,14029 15079,13823 14849,13702
NSG Fauler See	F:P 16458,16249 16535,16645 16380,16965 15957,16502 15925,16400
Heinrich-Zille-Park	F:P 9722,13818 9744,13749 9690,13730 9657,13786
#############################################################################
# in Potsdam
Neuer Garten	F:P -12276,-391 -12406,-264 -12471,-72 -12557,182 -12162,1218 -11949,1261 -11757,1261 -11586,1283 -11521,1070 -11370,814 -11327,772 -11476,602 -11583,644 -11861,856 -11904,728 -12032,558 -12052,345 -12067,162 -12322,-8 -12320,-285 -12213,-306
Park Babelsberg	F:P -11120,-1509 -10865,-1188 -10740,-1281 -10187,-864 -10081,-715 -9761,-629 -9635,-307 -9956,-223 -9892,-137 -10063,-52 -10363,9 -10641,94 -10832,-12 -10874,-203 -11401,-826 -11721,-1019 -11783,-1254 -11442,-1232 -11249,-1381
Kapellenberg	F:P -13049,298 -12922,437 -12794,373 -12902,883 -13049,865
Pfingstberg	F:P -13017,1237 -12719,1323 -12569,1238 -12631,876 -12816,904
Park Sanssouci	F:P -15819,-1523 -15799,-1352 -16034,-1203 -16079,-818 -15845,-647 -15868,-477 -15719,-412 -15569,-348 -15333,-303 -14862,-431 -14733,-473 -14391,-622 -14242,-558 -14093,-579 -13815,-749 -13771,-920 -13919,-1091 -13939,-1235 -14323,-1300 -14367,-1199 -14879,-1285 -14922,-1623 -15455,-1581
Ruinenberg	F:P -14417,81 -14351,-259 -14137,-387 -13902,95 -14244,202
Buga-Gelände	F:P -13092,330 -13456,416 -13436,543 -14010,711 -13778,1117 -13864,1223 -13779,1436 -13770,2217 -13557,2238 -13544,1202 -13160,1224 -13115,861 -13137,543
