Kanalstraßen Südufer, von Osten bis Köthener Brücke	1 9851,10219 9812,10211 9592,10174 9401,10199 9141,10292 8804,10314 8720,10342 8661,10377 8525,10626 8430,10710
Kanalstraßen Südufer, von Westen bis Flottwellstr.	1 8336,10829 8173,10983 7980,11070 7747,11075 7591,11027 7461,11051 7248,11143 7002,11034 6873,11011
Kanalstraßen Nordufer	1 6880,11110 7160,11225 7333,11179 7607,11082 7873,11142 7993,11137 8204,11046 8236,11022 8342,10916 8443,10777 8578,10672 8701,10428 8739,10404 8820,10379 9029,10366 9147,10359 9241,10324 9392,10260 9593,10238 9865,10286
Gitschiner Str.	1 9865,10286 9948,10280
Gitschiner Str.	1 9948,10280 9851,10219
Skalitzer Str.	1 12980,10575 12899,10595
Skalitzer Str.	1 12899,10595 12995,10669
Oppelner Str.	1 13035,10635 12980,10575
Oberbaumstr.	1 12995,10669 13082,10634
Oberbaumstr.	1 13082,10634 13035,10635
am Hackeschen Markt (Süd)	1 10132,12941 10097,12997 9932,13109
am Hackeschen Markt (Nord)	1 9932,13109 10077,13100 10264,13097
Dennewitzplatz	1 7862,9893 7813,10112
Dennewitzplatz	1 7813,10112 7911,10109 7862,9893
Winterfeldtplatz	1 7049,9833 7039,10082
Winterfeldtplatz	1 7080,10098 7126,9825
Moritzplatz	1 10847,10853 10824,10909 10885,10928 10906,10874 10847,10853
Segitzdamm etc.	1 10910,10131 10974,10266 10962,10340
Segitzdamm etc.	1 10971,10367 11009,10442 11062,10458 11090,10538 11134,10642 11157,10699 11133,10714 11151,10781 11186,10843 11220,10839 11283,10981
Erkelenzdamm etc.	1 11328,10957 11270,10820 11269,10731
Erkelenzdamm etc.	1 11258,10682 11200,10678 11135,10519 11102,10442 11114,10338
Erkelenzdamm etc.	1 11089,10276 11021,10242 10955,10105
Überführung Daimlerstr.	1 8651,2197 8588,2176 8537,2286 8606,2376
Großer Stern	1 6725,12113 6799,12083 6828,12031 6809,11979 6744,11936 6685,11954 6642,12010 6653,12067 6725,12113
Ernst-Reuter-Platz	1 4770,11820 4867,11835 4906,11772 4897,11727 4842,11679 4780,11702 4747,11751 4770,11820
Theodor-Heuss-Platz	1 1381,11335 1414,11418 1574,11379 1532,11280 1381,11335
Halenseestr.	1 1928,10728 2028,10612 2112,10488 2106,10308 2374,9850 2373,9806 2410,9777
Halenseestr.	1 2379,9665 2340,9758 2277,9801
Halenseestr.	1 1957,10426 1919,10568 1928,10728
Rasthof Avus	1 1894,10390 1904,10353 1866,10315 1736,10293 1716,10324 1842,10413 1878,10409 1894,10390
Breitenbachplatz (Westseite)	1 4292,6558 4208,6566 4096,6632 4026,6688 3918,6791
Breitenbachplatz (Ostseite)	1 4000,6852 4098,6751 4153,6703 4265,6636 4292,6558
Inselstr. Schwanenwerder	1 -5310,4216 -5393,4211 -5453,4274 -5471,4412 -5442,4526 -5386,4539 -5341,4511 -5358,4404 -5356,4296 -5310,4216
Kaiser-Wilhelm-Platz	1 7320,8939 7201,8870
Bayerischer Platz	1 6063,9106 6053,9224 6084,9242 6131,9241 6161,9128 6152,9091 6118,9078 6083,9082 6063,9106
orthodoxe Kirche (unsicher)	1 3952,8980 3835,9044
U-Bahn Dahlem	1 3216,6393 3023,6246 2950,6141 2898,5947 2823,5672 2750,5532 2532,5105 2472,5037 2313,4901 2074,4750 2009,4793
U-Bahn Dahlem	1 2009,4793 2095,4805 2288,4932 2454,5067 2499,5144 2717,5578
Am Großen Wannsee	1 -5868,1255 -5848,1379 -6017,1987 -6021,2068 -5945,2381 -5749,2701 -5722,2714 -5663,2609 -5653,2481 -5708,2307 -5836,2119 -5883,1948 -5874,1771 -5815,1649 -5645,1504 -5588,1454 -5518,1396 -5489,1335
Wilhelplatz	1 -7232,445 -7059,578
Wilhelplatz	1 -7059,578 -7088,463 -7095,436 -7186,363
Tempelhofer Weg	1 7499,7880 7268,8008 7193,7950
Alt-Mariendorf (Nord)	1 9731,3889 9934,3802
Alt-Mariendorf (Süd)	1 9934,3802 9751,3769 9440,3665 9215,3599 9120,3569 8955,3521
Knoten Märkische Allee	1 19693,11762 19802,11794 19882,11860 19918,11891
Knoten Märkische Allee	1 19918,11891 19988,11821 20115,11730
Knoten Märkische Allee	1 20115,11730 20014,11651
Knoten Märkische Allee	1 20014,11651 20018,11698 19985,11739
Altstadt Köpenick	1 22196,4847 22377,4836 22383,4703 22472,4572 22502,4528 22396,4464
Altstadt Köpenick	1 22093,4499 22196,4847
Wuhletalstr.	1 20691,17463 20675,17515 20754,17672 20832,17824 20878,17842
Knoten Märkische/Landsberger Allee	1 19175,14968 19496,15113 19567,15134 19694,15149 19735,15155
Knoten Märkische/Landsberger Allee	1 19735,15155 19605,15073 19408,15007 19175,14968
Knoten Märkische/Landsberger Allee	1 19466,14910 19408,15007
Knoten Märkische/Landsberger Allee	1 19506,15002 19551,14961 19615,14960 19643,15025 19605,15073
Knoten Märkische/Landsberger Allee	1 19496,15113 19582,15221 19675,15240 19707,15206 19694,15149
Alt-Blankenburg	1 13594,20855 13570,20938 13915,20944
Alt-Blankenburg	1 13915,20944 13594,20855
Seestr.	1 5062,14681 5451,14833
Seestr.	1 5451,14833 5426,14768 5085,14565
Waidmannsluster Damm	1 2142,20849 1835,21427 1914,21508 2242,20908
Flughafen Tegel	1 2819,16141 2757,16194 2713,16286 2756,16344 2832,16343 2863,16280 2819,16141
Jakob-Kaiser-Platz	1 2816,14145 2839,14205 2873,14213 2906,14172 2873,14112 2816,14145
Kurt-Schumacher-Damm (Süd)	1 2839,14205 2766,14381 2861,14731
Kurt-Schumacher-Damm (Süd)	1 3006,14724 2881,14307 2873,14213
Kurt-Schumacher-Damm (Nord)	1 3567,16369 3645,16509 3722,16649 3853,16825 3948,16849
Kurt-Schumacher-Damm (Nord)	1 3948,16849 3824,16590 3744,16452 3612,16232
Ferdinand-Friedensburg-Platz	1 -914,14602 -1357,14533 -1508,14508 -1369,14644 -1119,14659 -914,14602
Falkenseer Platz	1 -3339,14664 -3338,14731 -3282,14759 -3228,14736 -3243,14666 -3285,14646 -3339,14664
Fasanenstr.	1 5207,10399 5229,10716 5247,10992 5268,11274
Alt-Müggelheim	1 28329,906 28190,984 28106,1106 28235,1034 28329,906
Prenzlauer Promenade	2 12008,19613 12040,19725 11907,19749
Prenzlauer Promenade	2 12165,19600 12008,19613 11953,19363 12003,18896 11950,18529
Prenzlauer Promenade	2 11927,19308 12020,19333
Breite Str. Pankow	1 10240,18193 10281,18241 10562,18387 10609,18384
Breite Str. Pankow	1 10680,18380 10669,18336 10327,18177 10240,18193
Heinrich-Mann-Platz.	1 9590,18548 9527,18517 9469,18570 9475,18617 9526,18648 9588,18610 9590,18548
Edelweißstr.	1 8251,19937 7966,19968 7772,20050
Angerburger Allee	1 -1524,11108 -1608,11133 -1966,11466
Edelhofdamm	1 3200,25429 2938,25317 2702,25223 2730,25298 2907,25363 3211,25484
Antonienstr./Eichborndamm	1 3927,17909 4003,18308 4081,18677 4098,18762 4162,18891 4240,19019 4228,18873 4179,18652 4097,18288 4013,17901
Spreestr.	1 17898,6049 17939,5968 17812,5726 17779,5694
Buckower Chaussee	1 8742,475 8972,498 9002,471
Archibaldweg	1 15657,10846 15871,10925
Nöldnerplatz	1 15871,10925 16032,10842
Adlergestell (extra Radweg)	2 21998,1239 21541,1739 21475,1804
Grünau/B179	1 22092,999 22105,888 22075,779 22013,691 21847,794 21894,881 21990,979 22092,999
Dorfplatz	1 21051,-533 21022,-566 20873,-608 20836,-577 21011,-529 21051,-533
B96a (Kfz-Straße)	2 20237,-581 20602,-318 21315,454 21563,782 21668,982 21829,1351 21862,1532 21819,1595 21541,1739
Choriner Str.	1 10499,14067 10469,13866 10445,13752
Olivaer Platz	1 4239,10358 4157,10418
Platz S (Hundekehlestr.)	1 2296,7695 2224,7620
Platz S (Hundekehlestr.)	1 2161,7685 2222,7718 2296,7695
Platz am Wilden Eber	1 2723,7029 2701,7045 2688,7067 2695,7082 2717,7093 2737,7073 2742,7056 2733,7039 2723,7029
Wexstr.	2 6371,7976 6135,7973 5807,7978 5649,8004
Wexstr.	1 5649,8004 5928,8052 6229,8086 6409,8026
Detmolder Str. (Süd)	1 4659,7982 4543,7908 4481,7914 4389,7966 4342,8093 4289,8183
Detmolder Str. (Nord)	2 4349,8118 4469,8037 4659,7982
Detmolder Str. (Nord)	1 4289,8183 4349,8118
Gartenufer (in der Dunkelheit gesperrt)	2 6239,11399 5794,11624
Steinplatz	1 5166,11343 5122,11300 5088,11322 5053,11343 5091,11406
Am Treptower Park (Umfahrung auf Gehweg ist möglich)	1 15162,8467 14858,8793 14614,9052 14390,9291 14242,9448 14089,9610 13829,9905
Amtsgerichtsplatz	1 3082,11090 3033,10980 2981,10892 2921,10928 3006,11093
Giesebrechtstr.	1 3915,10684 4157,10418
Bethaniendamm	1 12055,11331 11956,11166 11852,11102 11816,11084 11649,11075 11461,11145
Engeldamm	1 11473,11180 11665,11118 11798,11128 11921,11185 12026,11348
Pannierstr.	1 12202,8895 12242,8972
Stolzenfelsstr.	1 19468,8168 19425,8140 19333,8165 18957,8431 18738,8584
Dönhoffstr.	1 18744,8638 18124,9056
Bersarinplatz	1 13742,12538 13698,12544 13678,12571 13686,12611 13710,12633 13747,12642 13770,12617 13776,12571 13742,12538
Dernburgstr.	1 2498,10665 2378,10677 2333,10710 2252,11037
Burgstr.	1 10171,12769 10132,12941
Schuckertdamm	1 777,14795 1348,14958 1488,14952
Am Kleinen Wannsee	1 -5489,1335 -5485,1274 -5535,1204 -5742,1142
Oberhofer Platz	1 5495,1964 5469,1949 5437,1941 5382,2080 5411,2098 5443,2109 5495,1964
Scheelestr.	1 5740,1227 5697,1098 5565,969 5337,829
Tibertius-Brücke: Kfz-Straße	2 5681,5743 5414,5939 5330,6001 4903,6221
An der Schillingbrücke	1 12056,11390 12055,11331
An der Schillingbrücke	1 12026,11348 12056,11390
Schulze-Delitzsch-Platz	1 11155,11750 11048,11745 11022,11782
Schulze-Delitzsch-Platz	1 11022,11782 11155,11750
Weydemeyerstr.	1 11905,13069 11910,13055 12062,12986 12056,12907
Gipsstr.	1 10331,13397 10199,13446 10031,13509
Dorotheenstr.	1 9867,12651 9723,12594 9574,12578 9454,12558 9323,12528
Paul-Junius-Str	1L 15084,12975 15085,13105
Marksburgstr.	1 18319,9218 18809,9133
Griechische Allee	1 17962,6674 18146,6703 18353,6658 18494,6588
Griechische Allee	1 18494,6588 18280,6603 18080,6670 17962,6674
Hardenbergplatz	1 5542,11075 5548,11144 5666,11362 5730,11316 5632,11112 5542,11075
(Waterlooufer - Zossener Str.)	1 9849,10202 9812,10211
Greinerstr.	1 8340,3365 8327,2975
Dederingstr.	1 8457,2965 8472,3395
Weserstr. (Friedrichshain)	1 14416,11815 14471,11782
Quickborner Str.	1 8022,21476 8170,21304
Berliner Str. (Blankenfelde)	1 9510,23549 9548,23274
Revaler Str. (Straßenbahn)	1 13594,11489 13473,11456
Molkenmarkt - zur Stralauer Str.	1 10780,12297 10675,12280
Herrfurthplatz	1 11647,7940 11659,7982 11695,8005 11732,8001 11757,7965 11753,7930 11717,7895 11670,7911 11647,7940
Kopfstr.	1 12041,7788 12182,7824
Grimmstr.	1 11016,9599 11083,9753 11163,9903
Grimmstr.	1 11163,9903 11200,9889 11148,9730 11083,9573
Körtestr.	1 11002,9566 11016,9599
Körtestr.	1 11064,9543 11002,9566
Fichtestr.	1 11083,9573 11064,9543
Baerwaldstr.	1 10345,9764 10339,9818 10397,9962 10451,10057 10490,10080
Baerwaldstr.	1 10490,10080 10503,10046 10480,9949 10408,9800 10345,9764
Bischofsgrüner Weg	1 8017,3355 8039,3242
Dittersbacher Weg	1 7859,3181 7865,3344
Anzengruberstr.	1 12852,8366 12689,8289
Nalepastr. am Rundfunkgebäude	2 17076,8443 17039,7685
Kirchstr.	1 22196,4847 22234,4789 22243,4710
Ontarioseestr.	1 18577,10023 18339,10048
Degnerstr. (außer Tram)	1 16434,15580 16464,15665
Bornitzstr. (trotz Radroute?)	1 15645,12864 15513,12856
Wrangelstr. (Rollheimer)	2 11961,11055 11852,11102
Landjägerstr.	1 22502,4528 22542,4485 22740,4415
Henriette-Herz-Platz	1 10371,13006 10255,12959
Savignyplatz	1 4921,11017 4920,10933 4868,10934 4817,10943 4827,11025 4835,11092 4880,11088 4926,11081 4921,11017
Dresdener Str./Oranienplatz	1 11258,10682 11232,10745
Gutsmuthsstr.	1 5311,6383 5075,6509
Bornstr.	1 5210,6522 5341,6446
Schildhornstr.	1 4903,6221 4962,6218 5165,6119
Schildhornstr.	1 5137,6066 5047,6116 4903,6221
Atzpodienstr.	1 16468,12386 16445,12193 16415,11926
Alt-Lietzow	1 4221,12306 4108,12326 4073,12355 4092,12385 4134,12391 4257,12357
Martin-Wagner-Ring	1 12796,3821 12895,3991 12941,4015 12995,4003 13007,3949 12913,3743
Wilskistr.	1 -392,3999 -240,4091 43,4421 207,4575 442,4689 661,4748 825,4764
Hans-Thoma-Str.	1 -12151,-768 -12258,-768 -12323,-555
Behlertstr.	1 -12237,-427 -12195,-469 -12066,-768
Potsdamer Damm	2 -5717,-3655 -6229,-4018
Nuthestr.	2 -6229,-4018 -8129,-4129 -9069,-3918 -11144,-2173 -11145,-1683 -11231,-1427 -11360,-1299
Nuthestr.	1 -11360,-1299 -11467,-1214 -11617,-1108
Rudolf-Breitscheid-Str.	2 -11060,-1725 -11145,-1683
Rudolf-Breitscheid-Str.	1 -11060,-1725 -10996,-1768
Altlandsberger Chaussee	1 40283,16977 40625,16977
Benau, Bahnhofstr.	1 22784,30674 22827,30546
Gubener Str.	1s 13411,11899 13362,12002
Czeminskistr.	1s 7603,8911 7570,8863
Stallschreiberstr.	1s 10489,11405 10678,11172
Jahnstr.	1s 11493,9128 11509,9392
Bayernring	1s 8616,8595 8371,8543
Sredzkistr. (Kulturbrauerei)	1s 11101,14768 10909,14710
Lohmeyerstr.	1s 3348,12314 3409,12451
Waldweg	1s 25496,2429 24972,2583
Schulenburgring	1s 9019,8434 9013,8594
Neue Schönhauser Str.	1s 10528,13243 10441,13195 10305,13211
Lützowufer - Lützowplatz (unbequem passierbarer Mittelstreifen)	3 6626,11178 6873,11011 7002,11034
Düsseldorfer - Paderborner (Tunneleinfahrt Adenauerplatz)	3 4151,10026 3906,10035 3720,9996
Paderborner - Düsseldorfer (Tunneleinfahrt Adenauerplatz)	3 3720,9996 3906,10035 4151,10026
Paderborner - Brandenburgische (Tunneleinfahrt Adenauerplatz)	3 3720,9996 3906,10035 3852,10236
Bahndamm - Treskowallee - Ontarioseestr. (Straßenbahntrasse)	3 19675,10410 18698,9996 18690,10016 18577,10023
Regensburger - Pariser (unbequem passierbarer Mittelstreifen)	3 5541,9923 5475,9914 5416,9928
Pariser - Regensburger (unbequem passierbarer Mittelstreifen)	3 5416,9928 5475,9914 5541,9923
Marzahner Kreuz	3 19408,15007 19466,14910 19506,15002
Marzahner Kreuz	3 19551,14961 19506,15002 19466,14910
Marzahner Kreuz	3 19605,15073 19735,15155 19694,15149
Waterlooufer - Brachvogelstr. (unbequem passierbarer Mittelstreifen)	3 9812,10211 9849,10202 9884,10192
Grunerstr. - Alexanderplatz (Straßentunnel)	3 10959,12629 11062,12710 11030,12741
Dircksenstr. - Alexanderplatz (Straßentunnel)	3 11156,12581 11062,12710 11030,12741
Alexanderplatz - Grunerstr. (Straßentunnel)	3 11030,12741 11062,12710 11134,12793
Alexanderplatz - Dircksenstr. (Straßentunnel)	3 11030,12741 11062,12710 11156,12581
Wilhelmsaue - Bundesallee (Straßentunnel)	3 5181,8731 5510,8709 5505,8832
Bundesallee - Wilhelmsaue (Straßentunnel)	3 5513,8588 5510,8709 5181,8731
Teltowkanalufer - Tempelhofer Damm (unbequem passierbarer Mittelstreifen)	3 8881,5143 9185,5271 9184,5310
Wörther Str. - Schönhauser Allee (U-Bahn-Rampe)	3 11163,14548 10924,14491 10947,14114
Schönhauser Allee - Wörther Str. (U-Bahn-Rampe)	3 10909,14710 10924,14491 11163,14548
Marchlewskistr - Karl-Marx-Str. (unbequem passierbarer Mittelstreifen)	3 13011,12324 13024,12403 12869,12425
Alt-Friedrichsfelde - Charlottenstr. (Straßentunnel)	3 18853,11798 18529,11722 18526,11640
Charlottenstr. - Alt-Friedrichsfelde (Straßentunnel)	3 18526,11640 18529,11722 18220,11710
Dorotheenstr. an der US-Botschaft	3 8907,12472 9112,12499 9323,12528
Dorotheenstr. an der US-Botschaft	3 9323,12528 9112,12499 8907,12472
Wilhelmstr/Pariser Platz (Bauarbeiten)	3 8851,12123 8804,12280 8775,12457
Wilhelmstr/Pariser Platz (Bauarbeiten)	3 8775,12457 8804,12280 8851,12123
tragen (Eisebahnbrücke Templiner See)	0:60:-231 -15515,-4592
tragen (Eisebahnbrücke Templiner See)	0:60:-232 -15793,-4379
tragen (Eisebahnbrücke Caputh)	0:60 -18006,-7498
tragen (Eisebahnbrücke Caputh)	0:60:-180 -18006,-7348
tragen (Eisebahnbrücke Werder)	0:60 -21073,-2002
tragen (Eisebahnbrücke Werder)	0:60:73 -21222,-2045
tragen (Brücke)	0:60:-143 13383,8716
tragen (Spreetunnel)	0:60:26 25647,4606
tragen (Spreetunnel)	0:60 25565,4549
tragen (Brücke Tegeler Hafen)	0:60:-238 1250,20284
tragen (Brücke Tegeler Hafen)	0:60:-223 1195,20342
tragen (S-Bahn-Zugang)	0:15:-183 7854,7572
tragen? (Fußgängerbrücke)	0:120:-70 20445,536
tragen? (Fußgängerbrücke)	0:120:-190 19770,-213
tragen (Stufen), mit MTB befahrbar	0:30:-69 5725,11644
tragen (Stufen)	0:60:-238 13145,9920
unter der S-Bahn-Brücke tragen	0:30:-152 3745,18988
tragen oder Aufzug (Storkower Str.)	0:60:-161 14528,13241
tragen (Storkower Str.)	0:60:-114 14503,13167
tragen (zum Uferweg an den Treptowers)	0:60:-45 14383,10036
tragen (Mühsamstr.)	0:30:65 13279,12639
tragen (Fußgängerbrücke Ostkreuz)	0:60:85 14761,10982
tragen (Fußgängerbrücke Ostkreuz)	0:60:13 14739,10892
tragen (Durchgang unter der U-Bahn zur Warschauer Str.)	0:30:-255 13437,10992
tragen (Treppe)	0:30:-87 7370,6451
tragen (Bahnübergang Bhf. Satzkorn)	0:60:-269 -19132,7342
tragen (Bahnübergang Bhf. Satzkorn)	0:60:71 -19196,7320
schieben (Rampe Schmöckwitzwerdersteg)	0:30:14 30533,-3124
schieben (Rampe Schmöckwitzwerdersteg)	0:30:17 30546,-3072
Drängelgitter (Görlitzer Park)	BNP:5:13 12686,10045
Drängelgitter (Görlitzer Park)	BNP:5:22 12770,10210
Drängelgitter (Görlitzer Park)	BNP:5:-153 12904,10141
Schranke (Privatstr.)	BNP:5:88 9907,11752
Schranke (Privatstr.)	BNP:5:50 10112,11796
Drängelgitter (Thomashöhe)	BNP:5:-12 12682,7514
Barriere (Schwarzer Weg)	BNP:5:-1 17301,7619
Drängelgitter (Uferweg Spree)	BNP:5:-77 24398,4842
Drängelgitter (Schloßallee/Straßenbahn) 	BNP:5:67 11883,19739
Drängelgitter (Pankweg)	BNP:5:-96 11995,19759
Drängelgitter (Brachvogelstr.)	BNP:5:-255 9884,10192
Barriere (Pflügerstr.)	BNP:5:-231 12318,9482
Entlastungsstr. (Tiergartentunnel)	1:inwork 8172,11679 8129,11735 8056,12061 8063,12182
Reichstagufer (Bauarbeiten)	2:inwork 8766,12541 8665,12548 8554,12593
Schönow - Bernau: Autobahnbrücke gesperrt	2:inwork 20200,30732 20712,31032
Behrenstr. (Bauarbeiten)	1:inwork 9492,12214 9365,12196
Charlottenstr. (Bauarbeiten)	1:inwork 9476,12359 9492,12214
Schloßplatz (Bauarbeiten am Palast der Republik)	2:inwork 10267,12305 10177,12493
Sperrung vor der amerikanischen Botschaft	2 9141,12320 9112,12499 9100,12627
Delfter Ufer (wegen Neubau der Späthstr., bis ca. 2003)	2:inwork 14389,5270 14457,5097
Neubau der Havelkanalbrücke	2:inwork -25044,6370 -24232,6094
Zimmerstr. (Kreuzberg,Mitte)	2:inwork 10065,11383 9945,11371 9737,11349
(Neue Naumannstr.) (noch in Bau)	2:inwork 7606,7611 7717,7759
Hönower Weg (Bauarbeiten)	2:inwork 17622,9642 17849,9679
Schottstr. (Bauarbeiten)	1:inwork 16270,12261 16389,12394
Rüdigerstr. (Bauarbeiten)	1:inwork 16389,12394 16468,12386
Französische Str. (Bauarbeiten)	1:inwork 9171,12066 9076,12054
Mauerstr. (Bauarbeiten)	1:inwork 9095,11958 9076,12054 9059,12155
Reutlinger Str.	1 7676,4216 7601,4485
Kirchhofstr.	1 13177,7644 13188,7590 13032,7334
