Mittelweg	1 12335,7770 12182,7824
Privatweg (Kronenstr.)	2 10124,11806 10112,11796 10042,11755 9907,11752 9892,11752
Maulbronner Ufer	1 7161,4091 7311,4065 7546,4112 7676,4216
Reichstagufer	1 9091,12681 8892,12576 8766,12541
Bunsenstr.	1 8907,12472 8892,12576
Heimstr.	1 9962,9237 9958,8966
Südstern	1 10708,9214 10533,9240
Warschauer - Gubener	3 13594,11489 13601,11518 13467,11787
Gubener - Warschauer	3 13467,11787 13601,11518 13655,11727
Kopernikus (über die Warschauer)	3 13467,11787 13655,11727 13895,11663
Kopernikus - Warschauer	3 13467,11787 13655,11727 13702,11918
Warschauer - Kopernikus	3 13702,11918 13655,11727 13895,11663
Warschauer - Kopernikus	3 13601,11518 13655,11727 13467,11787
Warschauer - Boxhagener	3 13792,12292 13749,12114 14045,11965
Oberbaum - Falckenstein	3 13216,10664 13178,10623 13135,10551
Falckenstein - Oberbaum	3 13135,10551 13178,10623 13082,10634 12995,10669
Neue Bahnhof - NW	3 14811,11067 14912,11252 14793,11323
Neue Bahnhof - N	3 14811,11067 14912,11252 15008,11436
Neue Bahnhof - NE	3 14811,11067 14912,11252 14988,11130
Markt - Neue Bahnhof	3 14988,11130 14912,11252 14811,11067
Boxhagener - Neue Bahnhof	3 14793,11323 14912,11252 15008,11436
Goeben - Kulmer	3 7526,9782 7829,9723 7862,9893
Hermannstr. - Flughafen	3 11882,8527 11892,8372 12195,8436
Karlshorster - Nöldner	3 15267,10865 15266,10791 15396,10767
Nöldner - Karlshorster (?)	3 15396,10767 15266,10791 15255,10751
Weydemeyerstr. - Mollstr.	3 11910,13055 11905,13069 11839,13083
Neue Schönhauser	1 10528,13243 10441,13195 10305,13211
Hagelberger Str.	1 8648,9526 8773,9524
Marchlewskistr. - Warschauer (?)	3 13409,11004 13546,11352 13473,11456
Flughafenstr.	1:inwork 12195,8436 11892,8372
Modersohnbrücke	2:inwork 14007,10802 14139,11269
Ebertstr. Richtung Potsdamer Platz	1:inwork 8571,11846 8567,11799 8553,11638 8542,11502
Gontard - Rathaus	3 10740,12960 10923,12779 10699,12598 10596,12517
Gontard - Rathaus	3 10596,12517 10699,12598 10923,12779 10740,12960
Holtei von S - Boxhagener	3 14575,11407 14639,11512 14548,11616 14513,11657
Boxhagener von W - Holtei	3 14513,11657 14548,11616 14639,11512 14705,11629
Holtei von N - Boxhagener	3 14705,11629 14639,11512 14773,11342
Boxhagener von E - Holtei	3 14773,11342 14639,11512 14575,11407
Bachstr. - 17. Juni (?)	3 5798,12021 5771,11887 5901,11902
Fasanen - Hertzallee (nur für BVG frei)	3 5456,11742 5356,11500 5666,11362
Fasanenstr.	1 5198,10234 5207,10399
Naumannstr. - Kolonnenstr.	3 7716,8356 7713,8600 7709,8770 7570,8863
Naumannstr. - Sachsendamm (?)	3 7717,7759 7718,7641 7717,7564 7859,7486
zum Mariannenplatz	2 11956,11166 11921,11185
Großgörschen/Kulmer	3 7517,9454 7771,9479 7829,9723
Großgörschen/Kulmer	3 7517,9454 7771,9479 7896,9490
Großgörschen/Kulmer	3 7829,9723 7771,9479 7517,9454
Großgörschen/Kulmer	3 7829,9723 7771,9479 7771,9378
Großgörschen/Kulmer	3 7829,9723 7771,9479 7517,9454
Großgörschen/Kulmer	3 7896,9490 7771,9479 7517,9454
Großgörschen/Kulmer	3 7517,9454 7771,9479 7829,9723
Großgörschen/Kulmer	3 7771,9378 7771,9479 7829,9723
Herbartstr.	1 2352,11041 2372,10941 2476,10790 2498,10665
Breite Str. Pankow	1 10609,18384 10680,18380
Gormannstr.	1 10445,13752 10432,13678 10349,13447
Reichenberger Str.	1 11291,10438 11370,10398
Weserstr.	1 12074,9217 11888,9203
Friedenstr.	1 12325,13148 12386,13085
Fasanenstr.	1 5223,9810 5209,9978
Mangerstr. (Potsdam)	1 -12067,-277 -12237,-427
Rudolf-Breitscheid-Str.	1 -10419,-1937 -9757,-1829
