# experimentelle Datei mit "grünen" Wegen
auf Stadtstraßen am Spreeufer entlang zwischen Reichstag und Musemunsinsel	green1 8485,12603 8554,12593 8665,12548 8766,12541 8892,12576 9091,12681 9209,12795 9283,12856 9383,12915 9529,12925 9614,12893 9661,12876 9754,12775 9867,12651 9912,12623
Am Spreekanal	green1 9912,12623 9987,12421 10084,12228 10201,11995 10275,11856 10288,11834 10261,11812 10274,11805 10308,11825 10369,11728
an Spree und Mühlendammschleuse entlang	green2 11278,12185 11155,12184 10945,12150 10837,12158 10660,12176 10583,12206 10502,12280 10423,12353 10422,12395
Spreeufer	green1 10300,12587 10171,12769
Spreeufer (am Bundesinnenministerium und ehem. Bolle-Meierei)	green1 6531,12898 6526,12934 6271,12985
südliches Spreeufer (Regierungsviertel)	green1 7775,12631 7934,12734 8012,12848 8084,12914 8228,12964 8343,12925 8426,12871 8473,12753 8495,12651 8554,12593
Tiergarten/Spreeufer	green2 7670,12576 7529,12496 7437,12368
nördliches Spreeufer	green1 7950,12860 7791,12706 7541,12582 7360,12430 7217,12383 7064,12419
Spreeufer	green2 7039,12314 6690,12637
Tiergarten/Kongreßhalle	green1 7945,12592 7875,12363
Tiergarten	green2 7875,12363 7816,12150
Tiergarten	green2 8374,12416 8539,12286
Tiergarten	green2 8223,11700 8220,11844 8214,12205
Tiergarten	green2 7663,11946 7570,11855 7223,11897 7073,11798 6778,11742 6540,11754
Tiergarten	green2 5666,11362 5727,11573 5758,11630 5794,11624 5835,11768 5870,11842 5890,11865
Tiergarten	green2 5835,11768 5771,11887
Tiergarten	green2 5901,11902 5890,11865 5933,11775 6022,11757 6171,11790 6306,11771 6358,11724 6411,11678 6459,11638 6524,11583 6809,11570 6980,11583 7163,11738 7287,11763 7535,11677 7669,11586 7711,11558 7717,11540
Tiergarten	green2 6435,11606 6459,11638 6540,11754 6685,11954
Tiergarten	green2 6239,11399 6252,11367 6309,11443 6399,11558 6435,11606
Tiergarten	green2 6809,11979 7073,11798 7163,11738 7504,11504
Tiergarten	green1 8114,12408 8017,12359 7875,12363 7437,12368 7215,12295 7039,12314
Gartenufer, am Zoo und Landwehrkanal entlang	green2 5794,11624 6239,11399 6319,11329
Tiergartenufer, am Landwehrkanal entlang	green2 5566,11860 5711,11841 5835,11768 5976,11603 6128,11500 6292,11427 6478,11338
(Lichtensteinallee - Tiergartenufer)	green2 6309,11443 6128,11500
am Landwehrkanal entlang	green2 6478,11338 6630,11247
Tiergarten	green2 7039,12314 7383,12095 7663,11946 8006,11766 8172,11679
Tiergarten	green2 7669,11586 7852,11721 8006,11766 8022,12016 8063,12182
Köbisstr.: durch ein kleines Wäldchen	green2 7160,11225 6853,11336
Am Karlsbad: am Park entlang	green2 7968,11048 8011,11014 8281,10791
Weg durch das ehemaligen Bahngelände 	green2 8939,10657 8842,10719 8790,10706 8722,10783
Am Landwehrkanal	green2 10080,10199 10228,10151 10511,10128
Böcklerpark	green2 10511,10128 10723,10088 10885,10045 10955,10105
Böcklerpark	green2 10910,10131 10885,10045
Uferweg am Urbanhafen	green2 11177,9935 11052,9935 10923,9925 10522,10056 10490,10080
am ehemaligen Luisenstädtischen Kanal entlang	green2 10955,10105 11021,10242 11089,10276 11114,10338 11102,10442 11135,10519 11200,10678 11258,10682 11269,10731
am ehemaligen Luisenstädtischen Kanal entlang	green2 10910,10131 10974,10266 10962,10340 10971,10367 11009,10442 11062,10458 11090,10538 11134,10642 11157,10699 11133,10714 11151,10781
Paul-Lincke-Ufer: am Landwehrkanal entlang	green2 11512,10105 11735,10022 11946,9913 12119,9823 12276,9745 12439,9660 12591,9584 12712,9523
Görlitzer Park	green2 12779,10232 12770,10210 12761,10195
Görlitzer Park	green2 12690,10062 12686,10045 12671,10042
Görlitzer Park	green2 13145,9920 12869,10071 12802,10097
Görlitzer Park	green2 12817,9964 12848,10039 12869,10071 12904,10141 12911,10156
Görlitzer Park	green2 12802,10097 12737,10051 12690,10062 12659,10119 12670,10176 12704,10201 12761,10195 12801,10146 12802,10097
Görlitzer Park	green2 12507,10130 12559,10220 12603,10312
Görlitzer Park	green2 12559,10220 12670,10176
Am Landwehrkanal	green2 12724,9545 12919,9584 12981,9672 13086,9825
Am Flutgraben	green2 13333,9929 13412,9935 13579,10146
Am Flutgraben	green2 13333,9929 13394,10005 13506,10146
Eisenbahnbrücke zwischen Görlitzer Park und Schlesischem Busch	green2 13145,9920 13229,9853 13282,9828
zur Eisenbahnbrücke	green2 13229,9853 13302,9894 13333,9929
Bahndamm	green1 13282,9828 13476,9720 13951,9356
Uferweg an der Spree	green2 14500,9856 14464,9927 14509,9997 14432,10059 14373,10046 14192,10145 13903,10237
Treptower Park	green2 14500,9856 14483,9843 14452,9919
Parkweg: Brücke über die Spree	green2 14656,10197 14452,9919 14310,9692
Uferweg an der Spree	green2 16678,7475 16649,7570 16619,7831 16692,8166 16604,8576 16529,8845 16449,9011 16319,9149 16259,9182 16129,9189 15969,9102 15793,8984 15653,8989 15533,9070 15513,9144 15432,9322 15321,9448 15147,9574 14910,9643 14642,9763 14500,9856
am Landwehrkanal entlang	green2 10601,9922 10490,10080 10313,10084 10168,10085 10061,10068
Uferweg am Berlin-Spandauer Schifffahrtskanal	green2 7968,14190 7807,14441 7741,14560
am Berlin-Spandauer Schifffahrtskanal und Westhafen	green2 4971,15263 5018,15228 4978,15178 5154,14984 5519,14999 5618,14981 5937,14824 5991,14832 6353,14754 6513,14725 6599,14735 6835,14821 6859,14837 6964,14849 7014,14838 7152,14779 7231,14749 7467,14633
Mauerpark	green2 10333,14983 10238,15316 10122,15647
Volkspark Friedrichshain	green2 12325,13148 12391,13189 12382,13262 12474,13311 12438,13387 12483,13418 12446,13570 12336,13646 12403,13755
Volkspark Friedrichshain	green2 12336,13646 12067,13591 12115,13540 11982,13471
Volkspark Friedrichshain	green2 12873,13444 12707,13706
Am Stadtpark Lichtenberg	green2 15395,12762 15433,12686 15454,12519
Hasenheide	green2 11308,8317 11128,9100 11131,9189
Hasenheide	green2 10709,9192 11128,9100
Grimmstr.: breiter grüner Mittelstreifen	green2 11016,9599 11083,9753 11163,9903 11177,9935
Grimmstr.: breiter grüner Mittelstreifen	green2 11083,9573 11117,9658 11148,9730 11200,9889 11163,9903
Kufsteiner Str. (durch den Volkspark Wilmersdorf)	green2 5919,8417 5934,8220
Am Volkspark Wilmersdorf	green2 6471,8639 6344,8629 6244,8597 6004,8471 5919,8417 5820,8346 5666,8345 5533,8478 5531,8458
Am Volkspark Wilmersdorf	green2 5417,8519 5347,8562
Straße am Schoelerpark	green1 5347,8562 5223,8611 5066,8630 4892,8624
Prinzregentenstr.	green1 5669,8207 5666,8345
Am Volkspark Wilmersdorf	green2 5934,8220 5745,8194 5669,8207 5444,8406 5320,8456 4960,8440 4784,8508
Am Volkspark Wilmersdorf	green2 5919,8417 5934,8220
Am Volkspark Wilmersdorf	green2 5934,8220 6274,8447
Am Volkspark Wilmersdorf	green2 6274,8447 6244,8597
Am Volkspark Wilmersdorf	green2 4772,8599 4456,8584 4319,8584 3964,8559
Am Halensee entlang	green2 2167,10004 2153,9993 1989,9854
Am Landwehrkanal entlang	green1 5383,11834 5361,11910 5229,12001 5128,12149 4981,12252 4827,12330 4602,12488
Rad- und Wanderweg an Spree und Landwehrkanal	green2 3288,12700 3385,12734 3582,12704 3763,12624 3910,12630 4094,12639 4340,12578 4529,12570 4642,12491 4829,12357 5045,12243 5147,12164 5261,12004 5361,11910
Spreeuferweg	green2 4543,12516 4501,12544 4331,12538
Spreeuferweg	green2 7064,12419 6824,12608
Marx-Engels-Forum	green2 10300,12587 10355,12551 10411,12471 10422,12395
An der Spree entlang	green2 10687,11853 10869,11949 11077,12062 11115,12023 11155,12071 11251,12071 11328,12040
Am Landwehrkanal entlang	green2 11543,10015 11507,10004 11479,10026 11177,9935 10914,9887
Nelly-Sachs-Park	green2 7911,10109 8061,10310
Mussehlstr.	green2 8842,8556 8756,8453 8711,8371
Uferweg am Plötzensee	green2 5618,14981 5518,15236 5291,15424 5050,15643 5084,15415 5018,15228
Am Volkspark Rehberge	green2 5461,15474 5118,15701 4849,15875 4799,15891
Wuhlheide/FEZ	green2 19934,5956 20293,6278
Wuhlheide/FEZ	green2 20200,6321 20262,6493 20225,6631 20439,7124
Wuhlheide	green2 20440,6221 20293,6278 20200,6321 20021,6402 18186,7200 18052,7148 18003,7144
An der Wuhle	green2 22242,11269 22244,11311 22073,11581 21886,11843 21914,12019 21936,12022
An der Wuhle	green2 22409,15128 22430,15079 22532,15018 22762,14596 22726,14353 22759,14214 22671,14083 22598,14052 22274,13648 22251,13561 22191,13414 22207,13054 22168,12931 21930,12185 21935,12160
An der Wuhle	green2 22326,11266 22290,11122 22271,10971 22222,10847 22148,10769 21867,10733 21791,10623 21666,10509 21606,10266 21668,10001 21668,9885
An der Wuhle	green2 21351,9066 21280,8954 21210,8898 21181,8766 21185,8483 21276,8374 21348,8254 21568,8052 21598,7922 21587,7865 21547,7780 21546,7635
An der Wuhle	green2 21323,8481 21333,8355 21376,8297 21594,8107 21627,8024 21630,7933 21616,7863 21581,7786 21604,7715 21592,7643 21613,7521 21590,7414 21569,7273 21609,7202 21897,6952 21976,6848 22054,6622
An der Wuhle	green2 22025,6612 22099,6401 22150,6324 22214,6271 22225,6244 22238,6195
An der Wuhle	green2 22283,6174 22267,6119 22240,6118
An der Wuhle	green2 22240,6118 22135,5882 22079,5873 21846,5856 21744,5804 21630,5671
An der Wuhle	green2 22631,16215 22690,16383 22699,16501 22735,16630 22722,16906 22611,17126 22432,17245 22240,17379 22103,17475 22002,17492
An der Wuhle	green2 22323,13533 22516,13799 22825,14109 22839,14149 22827,14356 22843,14497 22806,14631 22741,14761 22550,15087 22449,15127
Mittelheide	green2 23585,6523 24197,6875 24862,7388 24989,7549 25275,7461
Elsengrund	green2 23490,6247 24401,6100
Entlang der Müggelspree	green2 23441,4956 23468,5075 23620,5096 23776,5040 23982,5030 24233,4878 24398,4842 24834,4541 25023,4441 25102,4408 25427,4482 25479,4540 25565,4549
Am Müggelsee	green2 25565,4549 25477,4419 25396,4417 25347,4320 25373,4266 25318,4204 25238,3842 25251,3590 25261,3253 25275,3181 25346,2956 25474,2848 25819,2658 26006,2615 26151,2624 26339,2667 26457,2660 26627,2610 26868,2580 27135,2500 27173,2444 27267,2414 27372,2434 27517,2523 27565,2569 27743,2842 27822,2910 27945,3006 28292,3150 28496,3253 28588,3285 28703,3302 28829,3295
Am Müggelsee	green2 28829,3295 28723,3283 28695,3245 28485,3206 27984,2995 27732,2671 27528,2469 27314,2282 27218,2300 26802,2374 26460,2428 26026,2532 25948,2474
Am Langen See	green2 23747,1243 23968,1352 24343,1155 24462,988 24652,915 24949,806 25333,834 25559,890 25881,817 26052,520 26041,228 26385,-195 26423,-140 26628,-313 26687,-316 26751,-460 26944,-639 26952,-744 27141,-785 27329,-1183 27365,-1357 27357,-1545
Am Heidekampgraben	green2 15053,7966 14969,7580 15162,7281 15342,7013 15563,6683 15577,6518 15478,6343 15422,6228 15365,6126
Am Teltowkanal	green2 12107,5651 12204,5681 12527,5806 12718,5845 13077,5905 13483,5973 13646,6019 13766,6019 13966,5949 14121,5824 14257,5593 14389,5270 14457,5097
Am Teltowkanal	green1 8750,5173 9118,5328 9145,5323 9182,5332
Weg über Autobahntunnel	green2 12981,6371 12802,6335 12634,6304 12455,6273 12246,6227 12222,6273 11849,6196 11655,6189 11456,6103
Weg über Autobahntunnel	green2 11849,6196 11762,6258 11723,6333
Weg über Autobahntunnel	green2 12634,6304 12602,6304 12455,6273
Naturpark Schöneberg	green2 7222,6458 7370,6451 7387,6452
Naturpark Schöneberg	green2 7251,6071 7272,6096 7387,6452 7737,7505 7772,7610 7718,7641
Bürgerpark	green2 9909,18333 9882,18318 9855,18322 9716,18290 9713,18322 9414,18278 9304,18165 9310,18108
Schloßpark Schönhausen	green2 10661,19307 10592,19249 10509,18981 10496,18704
Schloßallee: Schloßpark Schönhausen	green2 11221,19505 10883,19389 10661,19307 10525,19255
(Pankeweg, Bürgerpark)	green2 9909,18333 9882,18318 9855,18322 9716,18290 9713,18322 9414,18278 9304,18165 9310,18108
(Pankeweg, Schloßpark Schönhausen)	green2 10661,19307 10592,19249 10509,18981 10496,18704
(Pankeweg)	green2 11907,19749 11995,19759 12122,20307 12207,20351 12377,20636 12563,20753 12807,20944 13078,21754 13205,22299 13129,22312 13139,22401
(Pankeweg)	green2 13953,23497 14265,23759 14356,23862 14625,24215 14869,24391 15337,24593
(Pankeweg)	green2 16294,25683 16042,25318 16171,25254
(Pankeweg)	green2 16172,25217 16117,25038 16126,24999 16057,24896 15647,25111
(entlang der S-Bahn): Felder	green2 15337,24593 15647,25111 16114,25827
(zum Schönerlinder Weg): Wald	green2 14009,24764 14231,24922 14396,24899 14501,24837 14869,24391
Orankestrand	green2 15871,16399 15664,16115 15599,16077 15479,16072
Straße 70: Kleingärten	green2 3395,14856 3356,14853 3310,14935 3302,15175 3360,15247 3419,15424 3470,15450 3595,15669
(An der Nordbahn)	green2 6985,19859 6679,20122 6289,20468
(An der Nordbahn)	green2 8665,18570 8476,18773
(An der Nordbahn)	green2 8361,18778 7528,19469 6708,20152 6368,20440 6372,20467
(Mauerweg)	green2 8665,18570 8824,18475
(Mauerweg nach Lübars)	green2 7966,21539 8307,22432 8288,22910 8176,23315 8074,23500
(Mauerweg)	green2 8074,23500 7824,24010 7639,24383
(Mauerweg)	green2 6372,20467 6601,20542 7083,20584 7303,20639 7725,21247
Königsweg: Wald	green2 -927,6888 -903,6923 -643,7252 -348,7641 425,8766
Hüttenweg: Wald	green2 -1851,6887 -1493,6984 -1241,7017 -1006,6911 -927,6888
Kronprinzessinnenweg: Wald	green2 -927,6888 -2235,5128 -3296,3686 -3758,3054 -4001,2858
Havelchaussee: Wald	green2 -3296,3686 -3490,4212 -3605,4520 -3729,4687 -3807,4794 -3872,4953 -3947,5129 -4072,5227 -4003,5621 -3944,6034 -3856,6152 -3723,6254 -3606,6407 -3598,6572 -3589,6721 -3475,6780 -3377,6797 -3355,6874 -3506,7699 -3531,7825 -3536,7856 -3561,7964 -3615,8496 -3552,8557 -3379,8590 -3277,8728 -3073,9061 -3140,9294 -3304,9470 -3361,9535 -3423,9642 -3374,9755 -3164,9922 -3011,10103 -2761,10323
Havelchaussee: Wald	green1 -2761,10323 -2630,10484 -2644,10770 -2545,10947 -2496,11151 -2371,11284 -2326,11347 -2288,11505 -2130,11761 -2132,11852 -2196,12075 -2204,12220 -2223,12523 -2220,13014
(Grunewald?)	green2 -2080,6897 -2230,6909 -2366,6869 -2468,6839 -2581,6834 -2668,6862 -2805,6884 -2981,6941 -3128,6923 -3242,6884 -3306,6779 -3418,6747 -3475,6780
(Grunewald?)	green2 -1851,6887 -1925,6790
(Grunewald?)	green2 -1925,6790 -2080,6897
Fischerhüttenweg: Wald	green2 -1274,4367 -1371,4424 -1424,4504 -2121,5039 -2235,5128 -2834,5578 -3129,5798 -3226,5870
Fischerhüttenweg: Wald	green2 -3443,6036 -3723,6254
Schwarzer Weg: Wald	green2 -4003,5621 -3877,5570 -3845,5575 -3794,5604 -3603,5748 -3275,5847 -3226,5870 -3156,5926 -2986,5996 -2705,6355 -2686,6489 -2638,6641 -2632,6789 -2668,6862 -2634,6907 -2549,6948 -2547,7055 -2524,7141 -2546,7240 -2563,7353 -2639,7452 -2675,7622
Saubuchtweg: Wald	green2 -2675,7622 -2677,7696 -2804,7915 -2859,7946 -2890,7994 -2975,8172 -2981,8350 -2962,8493 -2965,8705 -2983,8841 -3073,9061
Schildhornweg: Wald	green2 701,9122 197,9069 30,9105 -97,9196 -346,9173 -851,9155 -1047,9123 -1188,9090 -1279,9093 -1415,9144 -1553,9161 -1638,9152 -1877,9092 -2090,9075 -2297,9103 -2672,9220 -2956,9307 -3140,9294
Alte Spandauer Poststr.: Wald	green2 -1415,9144 -1482,9276 -1512,9438 -1495,9518 -1448,9644 -1453,9748 -1491,9801 -1602,9915 -1846,10292
Teufelsseechaussee: Wald	green2 -898,9375 -750,9547 -445,9627 -203,9754 -60,9976 114,10671 245,10846
(Weg am Teufelssee): Wald	green2 -898,9375 -942,9251 -1047,9123
Schwarzer Weg: Wald	green2 1317,21112 1311,21078 1204,21016 1043,20993 903,20980 862,20949 666,20723 571,20595 304,20466 249,20413 207,20313 55,19792 23,19677 -38,19605 -116,19576 -244,19494 -487,19210 -570,19070 -566,18984 -570,18865 -593,18795 -707,18630 -792,18564 -820,18524 -884,18325 -994,18204 -1070,18094
(Schwarzer Weg - Jörsstr.): Wald	green2 -792,18564 -828,18556 -955,18506 -1033,18504 -1224,18392 -1329,18382
(Tegelort, Uferpromenade)	green2 -1443,17864 -1586,17821 -1657,17810 -1654,17874 -1620,18003 -1624,18089 -1646,18182 -1803,18408 -1857,18506 -2064,18667
(Uferweg)	green2 -389,17140 -280,17229 -266,17335 -215,17385 -141,17377 61,17495 110,17489 151,17537 187,17663 235,17704 260,17788 258,17880 381,18186 416,18386 448,18476 496,18514 586,18540 680,18631 757,18673 768,18742 970,18919 1006,18972 1122,19036 1189,19018 1200,18969 1369,18958 1457,18969 1490,18950
Maienwerder Weg: Wald	green2 2829,18817 2649,18542 2468,18410 2316,18288 2239,18225 1549,17718 1293,17560 127,17176 -713,16861
(Nordufer des Flughafensees): Wald, Seeufer	green2 3108,18083 2801,18126 2775,18160 2239,18225
(Der Breite Weg): Wald	green2 1464,17373 1549,17718 1687,18141
Neuer Schildhornweg: Wald	green2 -1047,9123 -942,9251 -743,9364 -404,9456 -252,9466 71,9429 316,9338 383,9305 701,9122
Verbindungschaussee: Wald	green2 -445,9627 -404,9456 -346,9173 -310,8989 -345,8899 -1112,7891 -1328,7597 -1851,6887 -1925,6790 -2834,5578 -3605,4520
Teltower Weg: Wald	green2 -903,6923 -1008,7427 -1112,7891 -1317,8836 -1336,9001 -1415,9144
Teltower Weg: Wald	green2 -739,6838 -813,6755 -439,6255 -359,6181 -288,6101 -174,5941 -107,5880
Parforceweg: Wald	green2 -643,7252 -728,7310 -1008,7427 -1142,7493 -1308,7558 -1328,7597 -1787,7932 -1843,8128 -2028,8270 -2078,8217 -2117,8204 -2156,8208 -2294,8232 -2386,8282
(Richtung Grunewaldturm): Wald	green2 -1638,9152 -1857,8964 -2368,8457 -2386,8282 -2561,8110 -2890,7994 -3212,8024 -3536,7856
Fraenkelufer: entlang des Landwehrkanals	green1 11512,10105 11193,9995 10979,10017 10955,10105
Görlitzer Ufer: entlang des Kanals	green1 13086,9825 13150,9900 13221,10005 13276,10076 13293,10096
(Am Stadion Wilmersdorf)	green2 3667,8142 3676,8394 3618,8447 3500,8474 3429,8460 3357,8506 3295,8519
(zum Hohen Bogen)	green2 3713,8578 3618,8447
(Havel-Ufer Hohengatow)	green2 -4807,6481 -4747,6510 -4678,6625 -4664,6746 -4579,6913 -4460,7071 -4433,7173 -4491,7330 -4521,7578 -4518,7664
Ernst-Liesegang-Ufer	green2 -6468,5080 -6347,5172 -6270,5136 -5995,5350 -5865,5631 -5749,5747 -5360,5897
Ernst-Liesegang-Ufer	green2 -5360,5897 -5249,5951 -4887,6107 -4820,6188 -4807,6481
(Uferweg am Schlachtensee)	green2 -3348,3055 -3384,3212 -3324,3382 -3087,3646 -2937,3740 -2813,3775 -2494,3758 -2347,3884 -2080,4228 -1935,4303 -1831,4300 -1531,4159 -1391,4135 -1353,4205 -1278,4239
Am Schlachtensee: entlang von Parks, in der Nähe des Schlachtensees	green1 -1128,3334 -1475,3521 -1706,3652 -1913,3672 -2306,3547 -2741,3409 -3311,3059 -3348,3055 -3400,3052 -3450,3006
Uferpromenade	green2 -6439,3418 -6510,3404 -6667,3312 -6766,3209 -6792,3196 -6912,3080 -6975,3012 -7129,2786 -7161,2692 -7180,2657 -7216,2622 -7318,2567 -7420,2563 -7562,2431 -7833,2277 -8085,2252 -8141,2211 -8262,2178 -8328,2181 -8400,2156
(Volkspark Klein-Glienicke)	green2 -9606,1389 -9734,1394 -9746,1408 -9770,1482 -9818,1530 -9900,1573 -9975,1564 -10044,1567 -10078,1551 -10163,1288 -10209,1161 -10273,1088 -10430,848 -10512,683 -10573,564 -10587,471
(Moorlake - Pfaueninsel)	green2 -9606,1389 -9647,1462 -9673,1519 -9663,1622 -9632,1672 -9584,1703 -9511,1739 -9444,1820 -9393,1831 -9108,1798 -9016,1782 -8934,1801 -8861,1855 -8747,2023 -8636,2102 -8591,2144 -8540,2209
Haveleck: entlang an Wannsee und Havel	green2 -5722,2714 -5653,2807 -5712,2946 -5745,2990 -5820,3035 -5919,3092 -6215,3384 -6260,3398 -6375,3400 -6439,3418
Pfaueninselchaussee: Wald	green2 -8540,2209 -8468,2152 -8400,2156 -8284,2156 -8106,2034 -7866,1862 -7640,1837 -7443,1915 -7165,1978 -6903,1906 -6784,1815 -6648,1613 -6577,1395 -6492,1204 -6441,1139
Moorlakeweg	green2 -9085,1347 -9224,1417 -9284,1468 -9353,1464 -9440,1413 -9606,1389
Nikolskoer Weg	green2 -9412,546 -9500,827 -9443,1035 -9333,1124 -9252,1244 -9085,1347 -9053,1471 -9000,1580 -8775,1748 -8759,1793 -8489,2088 -8468,2152
Griebnitzseepromenade	green2 -7266,-450 -7318,-515 -7358,-605 -7495,-716 -7585,-736 -7759,-850 -7908,-989 -8071,-1144 -8119,-1211 -8207,-1240 -8253,-1241 -8294,-1163 -8404,-1074 -8495,-1054 -8605,-995 -8628,-959 -8652,-865 -8733,-751 -8770,-720 -8886,-708 -8927,-642 -9009,-582 -9138,-521 -9182,-515 -9183,-381 -9208,-357 -9261,-272 -9399,-139
(Klein-Glienicke - Hahn-Meitner-Institut): Wald, Golfplatz	green2 -9313,54 -8629,175 -8387,190
(Umfahrung Hahn-Meitner-Institut): Wald	green2 -7732,313 -7844,392 -8021,393 -8301,326 -8398,242 -8387,190
Roedenbecksteig: Wald	green2 -9400,439 -8629,175
(Forst Düppel)	green2 -6009,559 -6306,251 -6353,189 -6485,70 -6627,-56 -7067,-36
Königsweg: Wald	green2 -6928,-1076 -6807,-1093 -6395,-887 -5983,-648 -4257,328 -3161,975
Kurfürstenweg: Wald	green2 -5983,-648 -5863,-426 -5762,-145 -5752,-44 -5658,135 -5567,231 -5539,308 -5376,450 -5295,545 -5155,758 -4974,900
(Am Teltowkanal)	green2 1455,-335 1285,-319 1104,-254 955,-131 799,-95 586,-117 325,-180
(Am Teltowkanal)	green2 3268,828 3304,832 3362,898 3376,945 3366,1007 3458,1063 3619,1207 3695,1308 3743,1385
Am Teltowkanal/Mauerweg	green2 3268,828 3045,707 2859,556 1993,-275 1926,-301 1510,-423 1473,-420
Promenade, am Teltowkanal (am Kraftwerk vorbei)	green1 3690,1436 4053,2300 4193,2616 4224,2659
Promenade, am Teltowkanal	green2 4224,2659 4582,3076 4787,3342 4801,3370
Paul-Schwarz-Promenade: am Teltowkanal	green2 4801,3370 4825,3402 4970,3684 5093,3912 5145,3984 5236,4078 5533,4267 5557,4294
(Am Teltowkanal, südl. Ufer)	green2 9185,5271 8881,5143 8772,5081 8590,4976 8242,4648 7990,4420
(Am Teltowkanal, nördl. Ufer)	green2 7921,4451 7757,4294 7676,4216
Hegemeisterweg: Wald	green2 17803,8079 17987,7973 18387,7742
Orthstr.: entlang der Panke	green2 8185,15821 8291,16033 8345,16145 8402,16198
(An der Krampe)	green2 28635,587 28513,488 28520,281 28430,259 28349,364 28300,364 28310,269 28265,157 28265,68 28213,-45 28199,-346 28107,-336 28008,-390 27978,-473 27847,-665 27803,-742 27759,-995 27727,-1078 27767,-1217 27758,-1358 27765,-1654 27695,-2161 27718,-2301 27932,-2444 27985,-2389 28144,-2262 28116,-2127 28163,-2013
(Am Seddinsee)	green2 28163,-2013 28338,-2265 28443,-2317 28527,-2347 28568,-2346 28794,-2258 28898,-1986 28841,-1872 29229,-1676 29204,-1545 29334,-1343 29475,-1275 29602,-1051 30028,-891 30162,-747 30218,-529 30570,-351 30778,-326
(Zum Seddinsee)	green2 30839,106 30859,-6 30778,-326
Zum Müggelturm: Wald	green2 25011,2907 25006,2815 24984,2701 24972,2583 24974,2509 24628,2062 24620,1993 24619,1931 24891,1752 24973,1697 25269,1598 25438,1638 25573,1609 25716,1578 25716,1492 25676,1508
(Müggelturm - Dahme): Wald	green2 24891,1752 24652,915
(Waldweg)	green2 24972,2583 25496,2429
(Zur Krampenburg)	green2 27609,305 27571,262 27171,155 27273,-106 27407,-401 27552,-741 27559,-1365 27357,-1545 27323,-1671
(Zur Hirtenwiese)	green2 27273,-106 26687,-316
(Zur Fähre)	green2 26871,-2500 27089,-2263
(Müggelturm - Müggelheim)	green2 24973,1697 25631,1317
(Müggelturm - Müggelheim)	green2 25631,1317 26302,1048 26444,958 26783,721 27021,721 27151,729 27196,775
(Müggelbergallee - Zum Müggelturm)	green2 23669,1759 24528,1949 24628,2062
(Müggelturm - Marienlust)	green2 25631,1317 25558,997
(Müggelturm - Marienlust)	green2 25558,997 25559,890
(Waldweg)	green2 20887,7267 20858,7143
(Waldweg an der S-Bahn)	green2 20858,7143 21576,6644
(Wuhlheide, An der alten Försterei)	green2 21378,5843 22012,6219
(Luisenhain): Park, entlang der Dahme	green2 22196,4847 22147,4831 22043,4562 22071,4501
Müggelschlößchenweg: Wald	green2 25396,4417 24181,4270
(Lessinghöhe): Park	green2 12578,7973 12582,7909 12644,7688
(Thomashöhe): Park	green2 12644,7688 12682,7514 12685,7497
Straße 645: am Columbiabad entlang	green2 11416,8283 11415,8113 11472,7899
Oderstr.: Am Flughafen Tempelhof entlang	green1 11472,7899 11498,7750 11515,7654 11536,7533 11553,7437 11562,7393 11587,7260 11607,7145 11616,7089 11652,6879 11663,6806 11672,6737
(Treptower Park)	green2 14529,9141 14576,9194 14748,9420 14774,9467
(Treptower Park: am Rosengarten)	green2 14811,9449 14910,9643
(Treptower Park: südl./westl. des Karpfenteichs)	green2 15383,8662 15323,8717 15036,8728 14949,8773 14906,8822 14854,8964
(Treptower Park: nördl. des Karpfenteichs)	green2 14614,9052 14854,8964 15000,8905 15152,8926 15192,8966
(Treptower Park: östl. des Karpfenteichs)	green2 15323,8717 15152,8926
(Treptower Park)	green2 14310,9692 14304,9538 14494,9252 14576,9194
(Treptower Park)	green2 14242,9448 14304,9538 14384,9565 14512,9528 14748,9420
(Treptower Park: zur Karpfenteichstr.)	green2 14858,8793 14906,8822
(Alt-Treptow - Insel der Jugend)	green2 15550,8888 15653,8989 15675,9090
Stahnsdorfer Damm: Wald	green2 -4803,1240 -4995,1075 -4974,900 -4717,694 -4257,328 -3985,115 -3541,-144
Wundtstr./Herbartstr: entlang des Lietzensees	green1 2801,11463 2631,11371 2386,11183 2352,11041 2372,10941 2476,10790 2498,10665
Lietzenseeufer	green1 2621,11190 2748,11206 2806,11241 2871,11211
Ruppiner Chaussee	green2 1470,21205 1344,21448 1254,21718 1138,21895 992,22018 506,22266
Tegeler Forst	green2 2155,22453 2060,22419 2011,22408 1874,22412 1827,22404 1659,22383 1583,22376 1524,22368 1468,22359 1411,22365 1266,22401 1094,22504 742,22666 695,22694 676,22667 598,22633 525,22614 439,22620 266,22584 240,22554
Tegeler Forst	green2 902,23844 808,23760 747,23640 716,23487 724,23349 744,23034 709,22828 707,22719 695,22694
Rote Chaussee: Tegeler Forst	green2 -474,23882 -434,23846 142,24357 237,24374 609,24215 764,24065 831,24054 905,24113
Am Eichenhain: Tegeler Forst	green2 902,23844 931,23965 905,24113 911,24273
(Mauerweg Frohnau-Heiligensee)	green2 1741,27539 1718,27255 1890,26974 1885,26869 1869,26304 1764,26166 1590,26049 1365,25967 945,25898 423,25980 387,25947 419,25691 542,25306 563,25037 546,24609 105,24545 -582,24527 -748,24558 -795,24497 -888,24507 -1589,24380 -1912,24442
Heiligenseestr.	green1 -410,21496 -249,21420 -81,21387 415,21334 469,21303 598,21257 886,21221 1317,21112 1470,21205
Konradshöher Str.	green1 -81,21387 -85,21143 -161,21003 -204,20861 -290,20665 -1165,19876
Niederneuendorfer Allee	green1 -2688,18164 -2722,18373 -3101,19593
Schönwalder Allee	green1 -4105,17691 -4490,18341 -4898,18801 -5204,19226 -5228,19403 -5160,19649 -5218,19835 -5651,20200 -6099,20718 -6668,20809
Waldkauzstr.: Tegeler Forst	green2 -487,19210 -666,19401 -884,19726 -1059,19764 -1165,19876 -1319,19961 -1603,20051
Straße zum Müggelhort	green2 29118,3277 28973,3296 28829,3295 28723,3214 28723,3098 28639,3005 28442,2926 28359,2722 28038,2476 27839,2402 27603,1531
(R1)	green2 28723,3098 28748,2963 28783,2916 28862,2916 29532,2556 29738,2467 29899,2399 29964,2422
(Schönhorst)	green2 31018,2167 30436,2282 30162,2279 29964,2422 30088,2499 29986,2544
(Pelzlake)	green2 32237,1913 32204,1892 32136,1859 31944,1859 31865,1794 31115,2105 31018,2167
Zu den Müggelheimer Wiesen	green2 29414,2373 29738,2467 29932,2560 29986,2544
Neuhelgoländer Weg	green2 29414,2373 29532,2556 29546,2825 29575,2927
(Zur Fähre)	green2 28973,3296 29067,3369 29064,3401
Sportpromenade	green1 24019,711 24211,585 24571,514 24743,370 24888,343 25190,333 25452,270 25559,191 25616,-59 25779,-423 25987,-724
Adlergestell	green1 22162,1067 22547,651 23466,30 25731,-1524 26286,-1901 26871,-2500 27100,-2752
Wernsdorfer Str.	green1 27906,-3136 28073,-3255 28499,-3409 29780,-3563 30390,-3443
Schmöckwitzer Damm	green2 28073,-3255 27516,-5162 27213,-6175 27244,-6342 27214,-6634
Gosener Landstr.	green1 28812,490 29372,561 29598,636 30217,398 30624,266 30839,106 31033,6 31127,-45 31219,-87 31320,-129 31656,-434
(Kuhwall)	green2 24984,2928 25034,3006 25162,3085 25275,3181
Müggelheimer Damm	green1 23368,3894 24984,2928 25011,2907 25496,2429 25570,2408 25886,2317 26720,2079 27093,1959 27603,1531
(Gemeindewäldchen)	green2 461,3118 82,3166
Verl. Pücklerstr. (?): Wald	green2 1558,6729 1170,6654 967,6620 905,6631 880,6645 832,6607 778,6603 698,6567 546,6583 369,6594 218,6571
(Im Jagen, Verlängerung): Wald	green2 1375,6138 1074,6449 909,6584 905,6631
Onkel-Tom-Str.: Grunewald	green1 103,5123 86,5337 63,5600 -107,5880 -150,6168 -130,6694
Hüttenweg: Grunewald	green1 -927,6888 -739,6838 -130,6694 218,6571 297,6541 441,6435 486,6404 605,6345 736,6217 869,6085 884,5974
Koenigsallee: Grunewald	green1 854,8250 864,8110 761,7922 674,7758 -130,6694
Greenwichpromenade: Am Tegeler See	green2 1568,19775 1432,20071 1355,20220 1250,20284 1195,20342 1139,20420
An der Malche: Am Tegeler See	green2 1139,20420 1060,20557 934,20502 893,20577 666,20723
Bernauer Str.: Jungfernheide	green1 -198,16187 127,17176 600,18472 901,18732
(um den Flughafen Tegel): zwischen Flughafen und Jungfenrheide 	green1 1053,16254 1018,16321 878,16365 762,16318 306,16250 259,16628 318,16740 1450,17366 1464,17373
(Kolonie Bocksfelde-Alt): an der Scharfen Lanke	green1 -4220,11361 -4181,11379 -4041,11489 -3911,11482 -3785,11445 -3752,11379 -3681,11494
(Havel-Ufer Gatow)	green2 -4424,10311 -4373,10240 -4480,10063 -4606,10016 -4597,9831 -4557,9792 -4503,9784 -4412,9559 -4454,9375 -4524,9337
Am Postfenn: Grunewald	green1 -2761,10323 -2571,10258 -2315,10215 -2142,10270 -1926,10251 -1846,10292 -1537,10627 -1490,10709 -1487,10808 -1499,10990
nördliches Spreeufer	green1 10171,12769 10100,12876 9977,12912 9895,12936 9784,12953 9707,12974 9557,12992 9533,12994 9508,12991 9271,12952 9106,12795 8852,12636 8754,12622 8653,12629
Park am Fennpfuhl	green2 15232,13560 15252,13672 15323,13777 15253,13908 15183,13899 15066,14060
Waldweg im NSG Fauler See	green2 15918,16383 15965,16482 16386,16953
Hohenschönhauser Weg (Malchow)	green2 15611,18547 16317,18020
(Krankenhaus Herzberge)	green1 17793,13452 17727,13534 17247,13519 17232,13518
(südlicher Uferweg an der Krummen Lanke)	green2 -1274,4367 -1245,4414 -1185,4450 -1139,4575 -1134,4706 -971,4971 -724,5080 -604,5228
(Weg am Riemeisterfenn)	green2 -604,5228 45,5307 86,5337
Friedrichsgracht	green1 10109,12238 10207,12055 10227,12013 10296,11896
(Pappelplatz): Grunewald	green2 425,8766 297,8894 197,8973 30,9105
(Weg am Müggelsee)	green2 27427,5188 27470,5093 27852,5017 28286,4943 28361,5068
(Waldweg)	green2 29075,4753 29092,4761 29704,5009
(Waldweg parallel zur Straßenbahn)	green2 30400,5409 32192,5915
Wanderweg Erkner - Hessenwinkel	green2 33533,2761 33293,2768 33086,2790 32972,2832
(Zu den Müggelheimer Wiesen)	green2 29899,2399 29549,2267 29414,2373
(Weg am Friedhof)	green2 11587,7260 12180,7387
Eichkampstr. (am Grunewald)	green1 425,8766 701,9122
Am Rummelsburger See	green2 15314,10121 15261,10167 15204,10201 15137,10239 14903,10403 14864,10451 14906,10587 14937,10598 14990,10581 15100,10637 15209,10581 15453,10415 15456,10356 15518,10234 15625,10187 15828,9875 15931,9846 16046,9746
Kynaststr. - Paul-und-Paula-Ufer	green2 14828,10628 14906,10587
An der Marienhöhe	green1 8353,5188 8185,5209 8009,5000 7913,4996 7861,5029 7851,5125 7929,5250
Am Alten Park (Tempelhof)	green2 8995,6473 9029,6360 8943,6292 8961,6126
Am Alten Park (Tempelhof)	green2 9029,6360 9143,6415 9227,6406
Viktoria-Luise-Platz	green1 6219,9891 6155,9900 6142,9934 6224,9980 6274,9947 6270,9910 6219,9891
Forst Düppel	green1 -7210,-1060 -7145,-961 -7082,-863 -7051,-726 -7075,-406 -7067,-36 -7053,129
Körnerpark: Parkweg	green2 12703,7370 12722,7261
Ringe in Neu-Tempelhof	green1 8969,8278 8807,8353 8711,8371 8670,8370 8527,8293 8482,8227 8455,8106 8459,7941 8512,7757
Ringe in Neu-Tempelhof	green1 8941,8186 8777,8271 8650,8288 8561,8252
Ringe in Neu-Tempelhof	green1 8969,8278 8941,8186 8943,8021 8940,7835 8799,7741 8682,7714
Stadtpark Steglitz	green2 5838,4454 5931,4659 6018,4850
Stadtpark Steglitz	green2 5344,4672 5476,4626 5747,4697 5931,4659 6114,4709
Britzer Park	green2 13350,3518 13279,3906 12968,4153
Britzer Park	green2 12941,4015 12968,4153 12994,4383 13098,4452
