auf Stadtstraßen am Spreeufer entlang zwischen Reichstag und Musemunsinsel	green1 8485,12603 8554,12593 8665,12548 8766,12541 8892,12576 9091,12681 9209,12795 9283,12856 9383,12915 9529,12925 9614,12893 9661,12876 9754,12775 9867,12651 9912,12623
Tiergarten	green2 8374,12416 8539,12286
Tiergarten	green2 8223,11700 8220,11844 8214,12205
Tiergarten	green2 7663,11946 7570,11855 7223,11897 7073,11798 6778,11742 6540,11754
Tiergarten	green2 5666,11362 5727,11573 5758,11630 5794,11624 5835,11768 5870,11842 5890,11865
Tiergarten	green2 5835,11768 5771,11887
Tiergarten	green2 5901,11902 5890,11865 5933,11775 6022,11757 6171,11790 6306,11771 6459,11638 6524,11583 6809,11570 6980,11583 7163,11738 7287,11763 7535,11677 7669,11586 7711,11558 7717,11540
Tiergarten	green2 6435,11606 6459,11638 6540,11754 6685,11954
Tiergarten	green2 6239,11399 6252,11367 6309,11443 6399,11558 6435,11606
Tiergarten	green2 6809,11979 7073,11798 7163,11738 7504,11504
Gartenufer, am Zoo und Landwehrkanal entlang	green2 5794,11624 6239,11399 6319,11329
Tiergartenufer, am Landwehrkanal entlang	green2 5566,11860 5711,11841 5835,11768 5976,11603 6128,11500 6292,11427 6478,11338
(Lichtensteinallee - Tiergartenufer)	green2 6309,11443 6128,11500
am Landwehrkanal entlang	green2 6478,11338 6630,11247
Tiergarten	green2 7028,12290 7383,12095 7663,11946 8006,11766 8172,11679
Tiergarten	green2 7669,11586 7852,11721 8006,11766 8022,12016 8063,12182
Köbisstr.: durch ein kleines Wäldchen	green2 7160,11225 6853,11336
Am Karlsbad: am Park entlang	green2 7968,11048 8011,11014 8281,10791
Weg durch das ehemaligen Bahngelände 	green2 8939,10657 8842,10719 8790,10706 8722,10783
Am Landwehrkanal	green2 10080,10199 10228,10151 10511,10128
Böcklerpark	green2 10511,10128 10723,10088 10885,10045 10955,10105
Böcklerpark	green2 10910,10131 10885,10045
Uferweg am Urbanhafen	green2 11177,9935 11052,9935 10923,9925 10522,10056 10490,10080
am ehemaligen Luisenstädtischen Kanal entlang	green2 10955,10105 11021,10242 11089,10276 11114,10338 11102,10442 11135,10519 11200,10678 11258,10682 11269,10731
am ehemaligen Luisenstädtischen Kanal entlang	green2 10910,10131 10974,10266 10962,10340 10971,10367 11009,10442 11062,10458 11090,10538 11134,10642 11157,10699 11133,10714 11151,10781
Paul-Lincke-Ufer: am Landwehrkanal entlang	green2 11512,10105 11735,10022 11946,9913 12119,9823 12276,9745 12439,9660 12591,9584 12712,9523
Görlitzer Park	green2 12779,10232 12770,10210 12761,10195
Görlitzer Park	green2 12690,10062 12686,10045 12671,10042
Görlitzer Park	green2 13145,9920 12869,10071 12802,10097
Görlitzer Park	green2 12817,9964 12848,10039 12869,10071 12904,10141 12911,10156
Görlitzer Park	green2 12802,10097 12737,10051 12690,10062 12659,10119 12670,10176 12704,10201 12761,10195 12801,10146 12802,10097
Am Landwehrkanal	green2 12724,9545 12919,9584 12981,9672 13086,9825
Am Flutgraben	green2 13333,9929 13412,9935 13579,10146
Eisenbahnbrücke zwischen Görlitzer Park und Schlesischem Busch	green2 13145,9920 13234,9865 13302,9894 13333,9929
Uferweg an der Spree	green2 14515,9856 14464,9927 14509,9997 14432,10059 14373,10046 14192,10145 13903,10237
Treptower Park	green2 14515,9856 14483,9843 14452,9919
Parkweg: Brücke über die Spree	green2 14656,10197 14452,9919 14310,9692
Uferweg an der Spree	green2 16678,7475 16649,7570 16619,7831 16692,8166 16604,8576 16529,8845 16449,9011 16319,9149 16259,9182 16129,9189 15969,9102 15793,8984 15653,8989 15533,9070 15509,9163 15432,9322 15321,9448 15147,9574 14910,9643 14642,9763 14515,9856
am Landwehrkanal entlang	green2 10601,9922 10490,10080 10313,10084 10168,10085 10061,10068
Uferweg am Berlin-Spandauer Schifffahrtskanal	green2 7968,14190 7807,14441 7741,14560
am Berlin-Spandauer Schifffahrtskanal und Westhafen	green2 4971,15263 5018,15228 4978,15178 5154,14984 5519,14999 5637,14972 5937,14824 5991,14832 6353,14754 6513,14725 6599,14735 6835,14821 6859,14837 6964,14849 7014,14838 7152,14779 7231,14749 7467,14633
Mauerpark	green2 10333,14983 10238,15316 10122,15647
Volkspark Friedrichshain	green2 12325,13148 12391,13189 12382,13262 12474,13311 12438,13387 12483,13418 12446,13570 12336,13646 12368,13753
Volkspark Friedrichshain	green2 12336,13646 12067,13591 12115,13540 11982,13471
Volkspark Friedrichshain	green2 12873,13444 12707,13706
Am Stadtpark Lichtenberg	green2 15395,12762 15433,12686 15454,12519
Hasenheide	green2 11308,8317 11128,9100 11131,9189
Hasenheide	green2 10709,9192 11128,9100
Grimmstr.: breiter grüner Mittelstreifen	green2 11016,9599 11083,9753 11163,9903 11177,9935
Grimmstr.: breiter grüner Mittelstreifen	green2 11083,9573 11117,9658 11148,9730 11200,9889 11163,9903
Kufsteiner Str. (durch den Volkspark Wilmersdorf)	green2 5919,8417 5934,8220
Am Volkspark Wilmersdorf	green2 6471,8639 6344,8629 6244,8597 6004,8471 5919,8417 5823,8348 5666,8345 5533,8478 5531,8458
Am Volkspark Wilmersdorf	green2 5417,8519 5347,8562
Straße am Schoelerpark	green1 5347,8562 5223,8611 5066,8630 4892,8624
Prinzregentenstr.	green1 5669,8207 5666,8345
Am Volkspark Wilmersdorf	green2 5934,8220 5745,8194 5669,8207 5444,8406 5320,8456 4960,8440 4784,8508
Am Volkspark Wilmersdorf	green2 5919,8417 5934,8220
Am Volkspark Wilmersdorf	green2 5934,8220 6274,8447
Am Volkspark Wilmersdorf	green2 6274,8447 6244,8597
Am Volkspark Wilmersdorf	green2 4772,8599 4456,8584 4319,8584 3964,8559
Am Halensee entlang	green2 2167,10004 2153,9993 1989,9854
Am Landwehrkanal entlang	green1 5383,11834 5361,11910 5229,12001 5128,12149 4981,12252 4827,12330 4602,12488
Rad- und Wanderweg an Spree und Landwehrkanal	green2 3288,12700 3385,12734 3582,12704 3763,12624 3910,12630 4094,12639 4340,12578 4529,12570 4642,12491 4829,12357 5045,12243 5147,12164 5261,12004 5361,11910
Spreeuferweg	green2 4543,12516 4501,12544 4331,12538
Spreeuferweg	green2 7064,12419 6824,12608
Marx-Engels-Forum	green2 10300,12587 10355,12551 10411,12471 10422,12395
An der Spree entlang	green2 10687,11853 10869,11949 11077,12062
An der Spree entlang	green2 11155,12071 11251,12071 11328,12040
Am Landwehrkanal entlang	green2 11543,10015 11507,10004 11479,10026 11177,9935 10914,9887
Nelly-Sachs-Park	green2 7911,10109 8061,10310
Mussehlstr.	green2 8842,8556 8756,8453 8711,8371
Uferweg am Plötzensee	green2 5637,14972 5518,15236 5291,15424 5050,15643 5084,15415 5018,15228
Am Volkspark Rehberge	green2 5461,15474 5118,15701 4849,15875 4799,15891
Wuhlheide/FEZ	green2 19911,5951 20293,6278
Wuhlheide/FEZ	green2 20200,6321 20262,6493 20225,6631 20439,7124
Wuhlheide	green2 20440,6221 20293,6278 20200,6321 20021,6402 18186,7200 18052,7148 18003,7144
An der Wuhle	green2 22242,11269 22244,11311 22073,11581 21886,11843 21914,12019 21936,12022
An der Wuhle	green2 22409,15128 22430,15079 22532,15018 22762,14596 22726,14353 22759,14214 22671,14083 22598,14052 22274,13648 22251,13561 22191,13414 22207,13054 21930,12185 21935,12160
An der Wuhle	green2 22326,11266 22290,11122 22271,10971 22148,10769 21867,10733 21791,10623 21666,10509 21606,10266 21668,9885
An der Wuhle	green2 21351,9066 21280,8954 21210,8898 21181,8766 21185,8483 21276,8374 21348,8254 21568,8052 21598,7922 21587,7865 21547,7780 21546,7635
An der Wuhle	green2 21323,8481 21333,8355 21376,8297 21594,8107 21627,8024 21630,7933 21616,7863 21581,7786 21592,7643 21590,7414 21569,7273 21609,7202 21897,6952 21976,6848 22054,6622
An der Wuhle	green2 22025,6612 22099,6401 22150,6324 22214,6271 22225,6244 22238,6195
An der Wuhle	green2 22283,6174 22267,6119 22240,6118
An der Wuhle	green2 22240,6118 22135,5882 22079,5873 21846,5856 21744,5804 21630,5671
An der Wuhle	green2 22618,16193 22690,16383 22699,16501 22735,16630 22722,16906 22611,17126 22432,17245 22103,17475 22002,17492
An der Wuhle	green2 22323,13533 22516,13799 22825,14109 22839,14149 22827,14356 22843,14497 22806,14631 22741,14761 22550,15087 22449,15127
Mittelheide	green2 23585,6523 24197,6875 24862,7388 24989,7549 25275,7461
Elsengrund	green2 23490,6247 24401,6100
Entlang der Müggelspree	green2 23441,4956 23468,5075 23620,5096 23776,5040 23982,5030 24233,4878 24398,4842 24834,4541 25023,4441 25102,4408 25427,4482 25479,4540 25565,4549
Am Müggelsee	green2 25565,4549 25477,4419 25396,4417 25347,4320 25373,4266 25318,4204 25238,3842 25251,3590 25261,3253 252