#: title: Höhenpunkte
#: version: $Id: hoehe-orig,v 4.18 2005/08/30 20:56:53 eserte Exp eserte $
#:
35.8	X 5018,12322
36.4	X 4999,12289
35.5	X 4981,12252
33.7	X 4859,11980
33.4	X 4827,12330
33.1	X 4838,12394
33.4	X 5128,12149
33.2	X 5231,12122
35.1	X 5383,11834
33.6	X 4906,11772
33.7	X 4867,11835
33.6	X 4770,11820
33.6	X 4747,11751
33.7	X 4842,11679
33.5	X 4892,11621
33.5	X 5166,11343
34.1	X 5356,11500
48.3	X 8982,8781
53.6	X 9106,9038
35.0	? 22162,1067
39.7	X 22172,194
44.5	X 18099,-371
36.3	? 25011,2907
35.1	X 25886,2317
42.1	X 26720,2079
44.0	X 27093,1959
35.5	? 28188,962
35.5	? 28218,1017
34.8	X 28317,891
36.9	X 28812,490
49.7	X 27741,446
49.0	X 27609,305
37.1	X 29134,2036
40.2	X 33593,2893
35.6	? 29850,4288
39.2	X 30700,5740
36.2	X 28195,5141
36.2	X 25742,4835
52.6	X 8909,23506
44.9	X 4732,22362
46.4	X 4937,22004
40.8	X 4597,20778
45.8	X 5417,20824
43.6	X 5481,20379
43.1	X 5517,20120
45.0	X 5883,20202
38.6	X 5376,18773
41.5	X 6455,18678
42.4	X 7232,18572
37.1	X 6790,16018
39.4	X 7696,16759
37.9	X 7829,16158
38.2	X 5504,17153
34.5	X 6253,15550
35.4	X 5925,15988
40.0	X 8196,16746
40.0	X 8788,16264
42.0	X 8993,16100
48.6	X 9134,15953
43.3	X 9455,16609
56.6	X 9883,16557
48.7	X 10215,16527
48.5	? 10927,17022
48.1	X 10774,17277
49.5	X 10911,17275
43.6	X 10459,17754
47.3	X -6615,9902
35.4	? -7342,8988
40.8	? -7739,8459
33.2	X -4870,12015
33.5	X -4482,11888
32.2	X -3670,11647
37.4	X -3163,11492
32.8	X -2371,11284
50.2	X -2422,11263
31.2	X -2204,12220
35.6	X -2130,11761
47.2	X -2109,11598
56.2	X -1966,11466
64.2	X -1499,10990
69.1	X -1313,11350
64.5	X -1269,11008
34.1	X -2761,10323
51.4	X -1846,10292
44.7	X -3423,9642
57.3	X -3277,8728
60.7	X -3140,9294
61.9	X -3073,9061
53.5	X -3379,8590
50.3	X -3552,8557
33.9	X -727,13393
39.0	X -341,13332
38.5	X -257,12979
34.8	X -395,13040
39.4	X 3033,15694
34.1	X 3993,15651
33.5	X 4879,14637
38.2	X 5062,14681
38.3	X 5071,14614
35.8	X 5700,15043
35.9	X 5105,13996
34.8	X 5239,13824
39.2	X 5224,14031
34.6	X 5467,14019
33.3	X 5256,13420
34.0	X 5328,13019
37.2	X 5287,12900
38.0	X 5920,12556
34.9	X 6040,12480
34.0	X 4359,11979
34.8	X 4345,11710
36.5	X 3763,12279
36.9	X 3844,11649
35.6	X 3344,12825
37.1	X 3306,12750
33.9	X 3280,12512
34.0	X 3038,12482
34.0	X 3159,11562
34.6	X 3283,11097
35.2	X 2417,12395
35.7	X 2551,11766
40.3	X 2612,11491
49.6	X 1984,12343
48.8	X 2081,11741
50.0	X 2110,11426
54.3	X 1817,12352
57.6	X 1758,11702
59.5	X 1574,11379
60.1	X 1532,11280
34.4	X 3006,11093
58.5	X 1469,12445
59.0	X 817,12625
60.5	X 1391,11434
60.5	X 1381,11335
59.3	X 836,11935
59.5	X 641,12066
61.0	X 467,11221
61.1	X 589,11241
60.1	X 706,11251
55.9	X -269,11802
67.1	X -677,11507
67.1	X -691,11580
67.1	X -777,11490
54.6	X -572,11092
47.9	X -120,12915
49.7	X 2016,11034
50.0	X 1928,10728
38.0	X 2621,11065
37.6	X 8035,15411
35.0	X 8686,14934
45.6	X 8900,15146
37.2	X 9400,14400
38.5	X 9472,14478
47.5	X 9805,14717
47.0	X 10094,14847
49.6	X 10889,15045
51.3	X 10870,14689
51.0	X 10426,14262
50.2	X 10282,14212
36.8	X 10003,14088
35.7	X 9810,14066
48.4	X 10370,14158
37.2	X 10177,13766
38.3	X 10445,13752
48.5	X 10947,14114
44.9	X 10906,13950
43.0	X 10832,13877
38.8	X 10746,13673
36.0	X 9918,13733
35.6	X 9236,14157
35.6	X 8935,13844
34.8	X 9349,12344
34.3	X 8804,12280
34.7	X 8515,12242
33.8	X 8172,11679
34.6	X 8542,11502
34.8	X 9046,11558
33.2	X 6825,11486
36.5	X 6873,11011
37.2	X 7993,11137
37.1	X 7980,11070
35.0	X 7912,10945
36.1	X 8025,11239
34.8	X 8083,11381
34.1	? 7873,11142
34.1	? 8241,11024
35.3	? 8205,10979
34.7	X 8947,10956
35.3	X 9199,11166
79.7	X -3531,7825
33.7	X -3355,6874
32.0	X -3589,6721
54.8	X -927,6888
54.6	X 30,9105
47.0	X 698,9124
44.1	? 936,8933
45.6	X 731,8872
46.7	X 490,8716
45.0	X 1714,9572
52.0	X 896,9396
44.7	X 1074,8470
42.6	X 1541,8857
39.9	X 1623,8923
38.8	X 1782,9270
41.5	X 1932,9263
42.5	X 1989,9854
46.5	X 2379,9665
46.7	X 2410,9777
46.5	X 2590,9949
43.3	X 2770,10024
39.0	X 3349,9702
37.3	X 4057,9648
45.5	X 3127,9522
44.4	X 3314,9304
46.4	X 3521,9059
47.5	X 4289,8183
38.6	X 4009,9465
43.6	X 3920,9068
45.0	X 3835,9044
38.9	X 4347,9290
42.4	X 4327,8887
37.4	X 4781,8863
37.6	X 4928,8859
46.2	X 4109,8015
42.0	X 3395,7369
46.4	? 3925,6604
46.8	X 3836,6550
50.7	? 2723,7029
50.7	? 2733,7039
50.7	? 2742,7056
50.7	? 2737,7073
50.7	? 2717,7093
50.7	? 2695,7082
50.7	? 2688,7067
50.7	? 2701,7045
44.5	X 2767,7592
45.3	X 2406,8050
49.1	X 2129,7728
50.5	X 1975,6818
51.3	X 2659,6499
54.3	X 3216,6393
41.7	X 2316,8857
38.9	X 2327,8717
41.7	X 2201,8519
38.0	X 880,6645
42.3	X 218,6571
35.5	X 546,6583
37.6	X 441,6435
45.1	X 736,6217
49.5	X 884,5974
52.2	X 894,5829
48.0	X -107,5880
36.7	X 5891,9341
40.1	X 6053,9224
39.6	X 5502,8973
42.7	X 5902,9083
41.7	X 6063,9106
40.9	X 6161,9128
38.5	X 5505,8832
39.3	X 5655,8828
41.0	X 5905,8806
40.0	X 6195,8793
38.5	X 6409,8026
39.5	X 6398,7197
41.1	X 6652,7138
45.3	X 6511,6121
44.3	X 7231,7349
40.8	X 7491,7675
43.5	X 7499,7880
41.8	X 7717,7759
43.6	X 7716,8048
37.6	X 6935,8208
37.6	X 6687,8385
44.3	X 8229,7154
46.1	X 8447,6964
44.6	X 8717,6965
45.9	X 9242,6962
43.8	X 8263,7611
43.4	X 8707,7384
45.0	X 9025,7647
46.0	X 8726,7944
48.6	X 9019,8434
49.3	X 9122,8414
49.1	X 9223,8409
43.4	X 8176,6065
44.9	X 8728,6701
42.1	X 8661,6169
44.6	X 9241,6663
45.5	X 9198,6097
45.1	X 9848,6617
47.6	? 10273,6457
50.0	X 11689,6634
48.3	X 12395,6785
46.1	X 12649,6833
47.5	X 12468,6592
53.7	X 11979,8014
52.1	X 11892,8372
43.6	X 12195,8436
37.0	? 12500,8504
51.3	X 11882,8527
35.6	X 12771,8439
35.4	X 12925,8494
37.1	X 12156,8760
36.4	X 11824,8995
35.8	X 11909,9155
36.0	X 11543,10015
46.6	X 10796,8498
37.1	X 10708,9214
38.8	X 10741,9072
40.2	X 10675,8940
42.7	X 10293,8800
43.4	X 10213,8665
44.2	X 10287,8951
46.1	X 9958,8966
47.6	X 9799,8962
48.3	X 9796,8905
45.4	X 9801,8683
36.7	X 10533,9240
36.4	X 9962,9237
36.3	X 9793,9241
36.4	X 9753,9252
37.8	X 9248,9350
36.9	X 8955,9318
37.4	X 8769,9290
40.4	X 8598,9264
45.7	X 8389,9087
51.1	X 9227,8890
46.7	X 8594,8773
45.8	X 8598,9061
33.7	X 8595,9495
35.2	X 8777,9601
36.0	X 9334,9670
33.5	X 8188,9610
38.7	X 8186,9380
45.9	X 8180,9099
47.3	X 8081,9120
48.9	X 8014,9126
47.0	X 8932,8679
49.0	X 9013,8594
47.5	X 8842,8556
46.1	X 8306,8722
45.6	X 8209,8769
49.0	X 7782,9115
45.3	X 7795,8765
34.7	X 7771,9479
44.5	X 7655,9188
35.7	X 7478,9340
35.1	X 7006,9282
36.4	X 7110,9024
39.8	X 7201,8870
37.0	X 7009,8705
38.1	X 7166,8487
40.9	X 7402,8783
41.4	X 7320,8939
41.2	? 7275,8960
45.0	X 7497,8916
45.0	X 7709,8770
36.1	X 12753,8187
35.3	? 12960,8246
35.7	X 13352,7911
34.9	X 13474,8060
41.4	X 12781,7691
37.7	X 12980,7597
34.7	X 13067,7113
37.0	X 13095,6926
36.1	X 13058,7165
43.1	? 12872,7134
34.5	X 13761,7328
34.3	X 14004,7642
35.4	X 13891,7107
35.0	X 14344,7003
34.8	X 14606,7251
36.5	X 13245,6491
37.9	? 13785,6675
35.0	X 14153,6795
34.2	X 15229,7785
35.7	X 15758,6204
48.9	X 16248,-844
41.8	X 17178,-101
39.9	X 16960,1282
36.8	X -10825,465
33.8	X -10269,445
56.0	X -7408,928
41.9	X -6807,1059
39.0	X -6441,1139
35.5	X -4944,1298
43.75	X -1651,2415
46.8	X -1248,2574
40.2	X -496,2867
42.4	X -4001,2858
35	? -8468,2152
37.8	? 9211,9354
92.3	X 25716,1492
51	XXX 9222,8787
50.4	X 11905,16318
45.6	X 13098,15592
54.0	X 13453,14678
48.5	X 10896,15250
48.2	X 13844,12900
53.2	X 15880,13535
50.9	X 11271,22328
56.9	X 15586,27150
56.2	X 16018,25961
55.6	X 15606,19839
51.3	X 15617,18603
54.2	X 16352,17150
56.1	X 17412,17800
59.8	X 18729,18406
56.9	X 20266,15456
58.1	X 23893,15893
62.2	X 25176,13525
36.0	X 13303,11791
35.5	X 14608,10409
36.6	X 17166,10840
36.0	X 17378,9715
36.0	X 19173,8857
35.3	X 18003,7144
34.1	X 17039,7685
34.2	X 17114,4750
34.6	? 14310,9692
34.7	X 15166,8489
34.4	X 19493,3877
34.2	? 20982,3325
34.5	X 18469,2633
45.8	X 19118,854
36.2	X 21055,8374
37.5	X 21924,8886
39.4	X 24149,9387
36.8	? 23190,7484
34.9	X 25731,-1524
37.6	X 29414,2373
39.4	X 31148,3491
33.4	X 31018,2167
90.0	X 26443,29384
86.5	X 28539,29002
80.2	X 32250,27823
95.0	? 32703,30932
79.7	X 27608,23776
95.3	? 26912,27853
81.5	? 32311,26621
60.2	X 18679,22627
59.6	X 26328,15462
58.0	X 30768,15431
61.5	? 31212,16278
59.8	X 31348,18382
59.1	X 32550,18921
60.6	? 33051,18158
56.3	X 36087,16319
57.3	X 37995,14655
60.9	X 39119,15370
66.7	X 37773,20454
72.4	? 34176,22704
97.3	X 38593,24171
98.5	X 37458,25848
74.0	? 50418,19010
85.1	? 48287,19575
97.0	X 47192,21608
84.4	X 52277,22910
73.9	X 53008,19685
91.7	? 50022,26518
99.2	X 46629,27232
131.9	X 41326,28975
98.9	X 38087,29075
85	??? 40337,28961
43.6	X 13309,-1268
41.8	? 13904,-693
42.3	X 7955,-4250
43.8	X 12120,-4360
40.6	X 12873,-6928
40.7	X 14775,-5925
41.3	X 14815,-3560
43.8	? 21696,-2925
41.1	X 15987,-6248
45.8	X 17015,-7556
37.5	X 20843,-12781
57.4	X 24278,-9878
48.4	X 25640,-11357
37.3	X 21605,-16054
38.0	X 23678,-14092
43.0	? 11704,-9417
38.1	X 19506,-13762
45.9	X 30587,8490
44.4	X 30118,8128
55.3	X 46184,11821
44.4	X 44599,7342
42.5	X 41987,5693
40.3	X 41051,4427
38.5	X 40256,-3818
40.2	? 47950,-1412
41.7	X 54087,-3548
68.5	X 56018,6095
71.4	X 58003,11037
80.1	X 57901,4340
66.9	? 58667,2844
45.4	X 58663,-1287
59.9	X 63284,3141
109.9	X 62226,-13696
36.2	X 28615,-19431
60.6	X 24587,-17733
37.4	X 24342,-18845
63.4	X 24412,-17025
56.5	X 24515,-16318
45.6	X 24725,-15637
52.9	X 24273,-21078
38.3	X 24914,-20590
38.3	X 24718,-20393
54.8	X 28505,-20243
38.9	X 27658,-22729
65.2	X 15385,37268
49.7	? 15737,37575
69.3	? 16175,37287
37.9	X -4284,47803
42.5	X -5125,48725
58.8	X -1523,54392
65.5	X -2710,54626
68.9	X -3748,54542
60.6	X -6342,54585
64.1	X -20349,71946
78.0	X -17750,70905
74.8	X -18566,70578
81.3	X -16541,70033
73.5	X -19300,78146
62.8	X -21621,77313
80.6	X -13950,75662
59.9	X 3966,5581
56.3	X 3919,5641
55.0	X 3931,5825
66.5	X 4125,5451
66.5	X 4090,5430
40.3	X 4360,5298
45.4	X 425,8766
54.6	X 297,8894
56.6	X 197,8973
56.3	X -2890,7994
45.4	X 425,8766
50.0	X 9395,8726
52.3	X 11632,8302
42.0	X 8475,9240
41.4	X 10480,8807
39.4	X 12349,8464
40.0	X -10052,521
56.0	X -9412,546
78.8	X -8357,726
81.8	X -8045,788
62.2	X -7622,881
44.4	X -5951,1241
41.8	X -5499,1349
40.8	X -6021,2068
49.9	X -6017,1987
37.3	X -5722,2714
35.2	X -5708,2307
31.4	X -5883,1948
42.0	X -5588,1454
34	? -5161,1387
42.4	X -4625,1498
36.6	X -4165,1969
32.7	? -4181,2062
40.1	X -3907,2416
42.1	X -3736,2849
32.5	X -4261,2557
34.1	X -4044,1841
41.9	X -3818,2101
42.1	X -3509,2817
39.0	X -3360,2917
32.3	X -9606,1389
66.4	X -9085,1347
63.4	X -8775,1748
60.8	X -6784,1815
48.1	X -4551,3201
49.3	X -4586,3753
47.0	X -4650,3902
32.3	X -4964,4100
40.0	X -5243,4212
46.3	X -5453,4274
45.0	X -3758,3054
45.2	X -3296,3686
52.5	X -3490,4212
52.8	X -3729,4687
37.6	X -3872,4953
33.5	X -4072,5227
75.6	X -3506,7699
42.6	X 4957,5542
40.6	X 5088,5495
45.7	X 5193,5431
47.0	X 5268,5386
48.2	X 5434,5278
44.6	X 5601,5169
44.6	X 5245,6263
48.9	X 5588,6370
43.3	X 5370,6500
50.7	X 5692,6352
47.3	X 5687,5486
44.3	X 5681,5743
34.8	X 5239,13824
39.2	X 5224,14031
43.0	X 820,3081
40.6	X 751,2860
40.0	X 725,2702
39.1	X 749,2616
42.2	X 605,2490
42.2	X 803,2435
46.9	X -2545,2054
45.2	X -2280,2164
41.2	X -2021,2271
42.5	X 7360,8918
41.5	X 7391,8832
43.8	X 7467,8863
39.2	X 7381,9165
42.3	X 7315,9038
44.3	X 7535,9087
48.2	X 7735,9121
43.7	X 8480,9071
49.3	X 12426,8115
52.2	X 9057,8936
43.6	X 9163,9209
38.0	X 12386,13085
49.4	X 12727,13159
40.0	X 11723,13630
39.8	X 12180,13292
43.0	X 11982,13471
46.4	X 11538,13683
42.9	X 11257,13647
38.2	X 11170,13475
49.4	X 11389,13887
48.8	X 10502,14070
44.5	X 9938,14345
47.0	X 10041,14370
49.8	X 10150,14525
37.0	X 9628,14215
45.3	X 9621,14624
41.0	X 9112,14771
40.0	X 8570,15107
37.4	X 8456,15235
44.6	X 8607,15426
37.6	X 8283,15727
49.5	X 8923,15850
39.8	X 8582,16052
44.6	X 9059,16038
40.3	X 9170,16324
48.5	X 9441,16058
47.3	X 8606,5496
43.6	X 8622,5867
46.0	X 8753,5569
42.7	X 8955,5549
40.3	X 9147,5534
45.8	X 9781,5789
43.5	X 9165,5805
44.8	X 9177,5922
41.2	X 8750,5173
38.3	X 7717,7564
41.2	X 6243,7033
51.4	X 6027,6722
44.1	X 5654,6941
48.0	X 5828,6839
43.1	X 6445,6769
49.0	X 6082,6566
44.7	X 5466,5950
50.4	X 5767,6376
47.7	X 5996,6238
45.4	X 6019,5785
48.6	X 6097,6453
40.7	X 6377,4490
50.1	X 6666,4840
45.6	X 6053,4942
40.4	X 6114,4709
45.3	X 6191,4923
46.9	X 8018,4823
50.0	X 7879,4874
44.2	X 7690,4552
56.3	X 7773,5027
46.6	X 7483,5442
41.4	X 7497,5610
48.9	X 8200,5510
41.3	X 7157,3958
44.0	X 7171,4200
48.0	X 7417,4363
43.1	X 7637,4508
48.8	X 7223,4724
44.8	X 7368,4685
46.1	X 7535,4583
49.4	X 12180,7387
52.8	X 12041,7788
51.9	X 12075,7696
48.5	X 12317,7007
44.2	X 12561,7472
44.2	X 12685,7497
40.1	X 12787,7546
37.9	X 12923,7611
48.9	X 12335,7770
39.4	X 12983,6904
42.8	X 12644,6087
36.3	X 13361,6237
42.3	X 13600,5240
38.6	X 13796,5262
44.1	X 12560,4290
40.4	X 12905,4761
42.5	X 12731,4841
43.5	X 13056,4678
41.1	X 13659,4489
36.8	X 14010,4475
41.1	X -7989,4033
31.7	X -7806,4182
35.0	X -6935,4806
31.6	X -6853,4756
52.7	X -7409,4440
30.9	X -6970,4546
48.0	X -7066,4847
37.3	X -4800,7767
48.5	X -4792,10207
50.1	X -4770,9894
39.1	X -4734,9295
44.5	X -4758,9689
29.6	X -4524,9337
38.5	X -4773,11199
42.4	X -4828,11047
49.7	X -4772,10730
52.8	X 41,11168
45.1	X 2252,11037
42.4	X 2352,11041
60.3	X 1645,11731
62.2	X 1297,11822
55.6	X 1308,10031
49.2	X 1382,10124
58.6	X 1103,10552
55.0	X 799,10410
37.6	X 13792,12292
41.4	X 13742,12538
50.7	X 13537,13003
36.2	X 13046,12517
36.8	X 15103,12107
44.6	X 14997,12450
37.2	X 15349,12073
41.0	X 15437,12225
43.2	X 15518,12412
47.3	X 15550,12625
37.0	X 15849,11993
45.1	X 15890,12344
48.5	X 15934,12670
50.6	X 15086,12849
47.3	X 15357,12813
48.5	X 15543,12856
50.3	X 15937,12883
38.1	X 16211,11951
45.8	X 16270,12261
47.4	X 16445,12193
40.9	X 20115,11730
42.9	X 20575,11698
38.3	X 20532,11505
49.5	X 20613,12064
41.8	X 22473,11272
51.7	X 22912,11264
55.1	X 23101,11261
45.8	X 22477,11501
58.1	X 23633,11265
50.4	X 24658,11293
44.3	X 24637,10807
51.6	X 22544,11705
56.3	X 22838,12042
55.6	X 25115,11244
52.3	X 11545,14897
46.7	X 12040,14688
42.2	X 12338,14532
46.4	X 11727,14111
41.2	X 11958,13986
40.8	X 9189,5184
45.9	X 9252,4665
47.7	X 9291,4387
34.3	X 7747,11075
35.5	X 8443,10777
35.3	X 8430,10710
34.0	X 8487,10897
35.5	X 8578,10672
34.0	X 8698,10768
35.6	X 8525,10626
34.0	X 7820,10768
34.5	X 8661,10377
35.8	X 8804,10314
35.1	X 8820,10379
36.0	X 9147,10359
35.8	X 9141,10292
33.7	X 8720,10342
33.6	X 8739,10404
34.3	X 9241,10324
34.7	X 9029,10366
37.2	X 9593,10238
36.5	X 9592,10174
34.5	X 9841,10359
35.5	X 9865,10286
34.3	X 9164,10453
34.5	X 10122,10294
35.8	X 10080,10199
38.1	X 14139,11269
36.1	X 14180,11428
41.2	X 9223,6357
51.6	X 11160,14002
47.5	X 11060,13865
53.4	X 11582,14448
51.1	X 10558,14176
48.4	X 10695,13952
50.6	X 10612,14001
40.8	X 10466,13855
44.4	X 13773,12694
42.6	X 12437,14680
47.8	X 12749,14452
50.1	X 13046,14220
45.2	X 12658,13809
50.7	X 11033,16464
47.8	X 10986,16897
52.2	X 11879,18057
45.9	X 10859,17854
44.4	X 12722,15105
48.3	X 12252,15376
51.1	X 11941,15586
46.2	X 10391,4547
42.4	X 10780,5207
41.9	X 13381,12685
45.2	X 13283,12895
51.9	X 13334,13459
51.5	X 15256,14237
56.7	X 15052,14585
48.9	X 15502,13539
39.7	X 23571,10990
48.6	X 4134,5284
52.7	X 4259,5390
50.8	X 4520,5793
57.1	X 4338,5513
55.1	X 4006,5876
37.9	X 3111,10116
40.2	X 3092,9886
38.1	X 3108,10069
46.0	X 3067,9592
43.5	X 3202,9583
44.6	X 2046,9429
43.9	X 3295,8519
51.7	X 3357,8506
45.8	X 2702,10006
41.9	X 2718,10359
34.6	X 3093,10594
43.9	X 1666,9418
40.9	X 1696,9285
42.9	X 1920,9759
43.6	X 4793,7992
40.5	X 4789,7859
42.3	X 3694,9330
38.4	X 3699,9613
38.3	X 3347,9793
41.7	X 3960,9247
41.9	X 4102,9164
45.4	X 4006,8967
40.8	X 4455,8853
40.7	X 4325,9082
40.9	X 4787,7788
44.4	X 4430,7896
45.3	X 6324,6480
46.1	X 9648,15027
36.1	X 8953,14528
37.3	X 9048,14681
45.4	X 8720,15914
47.0	X 9443,15430
45.8	X 9734,15579
47.8	X 9583,15851
43.8	X 10122,15647
48.0	X 10080,15858
47.4	X 10423,15698
49.9	X 10374,15894
55.4	X 10005,16150
48.7	X 10301,16186
50.3	X 10603,16158
44.5	X 10198,16929
36.9	X 13720,11459
37.1	X 2766,11512
34.9	X 2732,11790
46.4	X 4671,5697
44.8	X 4861,5581
55.5	X 4404,5613
45.9	X 4558,5525
54.4	X 4167,5911
49.2	X 3707,5758
43.2	X 4262,5168
40.7	X 4355,5234
45.7	X 4527,5475
54.1	X 4411,5830
64.5	X 4309,5675
63.5	X 4115,5804
41.1	X 1920,9009
42.4	X 1767,8853
45.6	X 1554,8638
44.0	X 1276,8659
45.0	X 891,8372
45.1	X 674,7758
37.0	X 761,7922
45.4	X 854,8250
41.0	X 86,5337
46.3	X 103,5123
56.3	X -2890,7994
39.8	X 15098,12213
40.3	X 14748,12314
36	X 14702,12157
40.3	X 1901,13061
46.8	X 1935,12761
44.7	X 693,13215
51.3	X 715,13126
35.6	X 801,13323
36.7	X 1159,13541
46.6	X 2392,9715
43.6	X 2300,9883
54.7	X 1839,11393
52.7	X 1883,11070
55.6	X 1799,11517
60.2	X 1589,11483
47.0	X 12466,7946
36.6	X 12830,8031
45.4	X 12613,7236
38.1	X 13032,7334
46.8	X 12664,7013
41.8	X 13027,6168
46.6	X 9235,9051
47.8	X 9277,9047
37.0	X 9300,9341
46.7	X 8472,8772
35.9	X 9492,9311
36.2	X 9623,9281
36.3	X 9689,9266
40.6	X 9546,9198
40.5	X 9617,9185
39.3	X 9674,9179
39.7	X 9795,9162
39.5	X 9962,9151
47.2	X 9477,9113
44.5	X 9526,9104
44.3	X 9597,9096
46.5	X 9669,9080
43.6	X 9797,9063
43.0	X 9959,9050
51.1	X 9459,9019
50.2	X 9654,8991
49.4	X 8616,8595
48.7	X 8437,8557
50.7	X 9224,8584
45.6	X 7570,8863
34.3	X 10061,10068
35.9	X 13206,10651
36.0	X 13332,10832
36.2	X 14007,10802
47.9	X 13182,13113
50.3	X 13437,13228
47.1	X 12792,13957
41.3	X 12188,14321
47.1	X 11920,14468
53.7	X 11642,14625
51.6	X 11445,14741
50.8	X 11101,14768
51.6	X 10618,15076
48.9	X 10723,14772
51.8	X 10534,14460
40.2	? 10237,13947
51.0	X 11237,14414
42.6	? 12185,13717
41.4	X 11832,13795
46.7	X 12434,15272
47.5	X 12575,15516
49.2	X 11997,15834
43.1	X 17363,11972
40.5	X 17249,11802
37.6	X 16786,11668
38.0	X 18286,11275
45.9	X 12516,7718
43.4	X 12644,7688
48.3	X 12480,7887
48.7	X 12259,7164
49.2	X 12340,6947
36.4	X 13307,6359
42.0	X 12997,6290
43.7	X 12621,6208
42.8	X 12981,6371
58.1	X -2834,5578
51.5	X -2235,5128
57.1	X -1112,7891
50.0	X -3304,9470
31.7	X -3796,9439
62.1	? -1490,10709
53.7	X 1878,11268
43.1	? 1488,13454
46.3	X 8353,5188
50.7	X 8185,5209
54.3	X 7861,5029
52.2	X -7254,4525
50.5	X 11769,8515
36.3	X 11767,9026
37.2	X 12063,8826
46.3	X 12057,8529
46.9	X 12068,8409
54.4	X 12139,8128
46.6	X 12217,8320
37.1	X 13905,12374
43.0	X 14133,12482
43.0	X 14000,12519
46.6	X 13558,12766
39.4	X 10569,13719
42.3	X 10649,13860
50.8	X 10762,14060
50.4	X 10830,14183
44.3	X 12262,14176
43.6	X 12380,13975
37.1	X 8086,9418
47.9	X 9141,9142
42.5	X 3225,7390
46.0	X 3189,7249
43.2	X 3314,7269
44.1	X 12384,8284
42.3	X 12368,8356
36.4	X 12639,8344
36.3	X 12598,8390
49.4	X 12096,8300
52.6	X 11920,8252
40.1	X 12183,8538
48.9	X 12221,7271
44.8	X 12585,7357
43.4	X 12703,7370
39.6	X 12818,7403
38.1	X 13015,7440
54.4	X 12162,8055
49.2	X 12407,8177
36.8	X 12714,8249
55.9	X 4306,5865
44.2	X 4507,6320
45.4	X 4379,6390
47.0	X 4045,6402
51.7	X 3850,5801
48.6	X 4022,6087
46.4	X 3875,6097
49.6	X 4233,6069
48.9	X 4385,6045
47.4	X 12498,6531
44.7	X 12756,6578
36.7	X 13159,6655
37.2	X 11511,13429
37.5	X 11300,13390
60.0	X -12181,5611
41.3	X -10923,6318
50.0	X -12465,-2601
34.9	X -12431,-2096
56.5	X 21975,19068
70.0	X 22529,19361
60.0	X 22418,19268
70.0	X 23281,21043
68.7	X 25295,22655
75.2	X 25641,22864
90.0	X 36975,29112
92.7	X 36901,26234
68	X 22378,30943
82.8	X 22512,31754
76.1	X 22527,32200
80.3	X 22107,32192
73.8	X 21724,31159
73.9	X 21790,31419
52.2	X 29194,10899
54.1	X 29752,10895
52,4	X -4559,10920
42.6	X -4550,11073
38.8	X -4387,11056
52.8	X -4370,10998
51.5	X -4378,10907
52.7	X -4482,10914
51.0	X -4410,10615
51.5	X -4503,10626
52.3	X -4582,10636
51.3	X -4731,10973
51.3	X -4775,10978
39.6	X -4798,11131
49.4	N -4310,10712
32.6	N -4191,10644
50.2	N -4320,10606
49.9	X -4473,10512
32.9	X -4397,10405
52.1	X -4731,10643
34.6	X -4240,11075
35.6	X -4349,11099
35.7	X -4609,11160
33.7	N -4571,11321
34.7	X -4712,11227
34.2	N -4629,11537
34.3	X -5366,11388
43.8	N -5487,11212
33.3	N -4050,11752
42.9	X -2850,11394
35.0	X -2850,11394
33.6	X -4306,11670
40.2	X 9300,14615
37.0	X 9246,14518
40.2	X 9378,14553
37.1	X 9312,14471
42.2	X 9041,14896
44.8	X 9206,14987
46.3	X 9361,15066
45.7	X 9571,15178
42.6	X 9275,14846
42	X 9371,14650
46.0	X 9553,14734
44.6	X 9437,14926
49.9	X 9234,15859
49.2	X 9265,15790
47.8	X 9450,15825
