#:# -*- coding: iso-8859-1 -*-
#: title: Unbeleuchtete Straßen
#:
Görlitzer Park	NL 12817,9964 12855,10035 12869,10071 12904,10141 12911,10156
Görlitzer Park	NL 12802,10097 12869,10071 13145,9920
Görlitzer Park	NL 12507,10130 12509,10189 12559,10220 12611,10299
Görlitzer Park	NL 12670,10160 12559,10220 12459,10256 12406,10368 12328,10442
Görlitzer Park	NL 12802,10097 12670,10160
Hasenheide	NL 10709,9192 11128,9100
Hasenheide (nur der Abschnitt Columbiadamm - Freilichtbühne ist beleuchtet)	NL 11250,8585 11177,8985 11128,9100 11136,9183
Hasenheide	NL 11250,8585 11104,8559 11020,8596 10957,8573 10911,8457
Carl-Herz-Ufer	NL 10168,10085 10066,10071
Am Landwehrkanal	NL 10083,10192 10226,10145 10362,10120 10521,10126
Am Landwehrkanal	NL 12897,9365 12900,9465 13109,9743 13225,9897 13333,9929
Böcklerpark: Beleuchtung existiert, ist aber größtenteils defekt oder abgeschaltet	NL 10521,10126 10723,10088 10885,10045
Böcklerpark	NL 10885,10045 10967,10092
Bellevueallee (nur nachts)	NL 7039,12314 7383,12095 7460,12054 7663,11946 7801,11875 8016,11770 8172,11679
Am Heidekampgraben	NL 15053,7966 14980,7674 14992,7578 15042,7513 15062,7458 15127,7402 15176,7315 15168,7256 15200,7233 15272,7151 15327,7065 15368,7023 15606,6639 15595,6564 15578,6471 15516,6357 15504,6328 15496,6314 15437,6227 15403,6145 15396,6125 15393,6112 15358,6022
Am Landwehrkanal	NL 12724,9545 12919,9584 12981,9672 13086,9825
AM Teltowkanal	NL 8590,4976 8784,5095 8881,5143 9171,5263 9192,5272
Am Teltowkanal	NL 8637,4980 8590,4976 8234,4660 7990,4420
Am Teltowkanal	NL 7921,4451 7772,4306 7676,4216
Weg über Autobahntunnel	NL 12979,6374 12812,6343 12634,6304 12629,6320 12613,6319 12618,6308 12586,6304 12555,6284 12514,6277 12491,6285 12459,6282 12246,6227 12222,6273 12040,6239 11774,6191
Weg über Autobahntunnel - Andreasberger Str.	NL 12040,6239 12053,6185
Uferweg am Plänterwald/Treptower Park	NL 16678,7475 16649,7570 16619,7831 16692,8166 16646,8561
Uferweg am Plänterwald/Treptower Park: teils beleuchtet	NL 16646,8561 16546,8852 16459,9017 16319,9149 16259,9182 16129,9189 15969,9102
Uferweg am Plänterwald	NL 15969,9102 15793,8984
Uferweg am Treptower Park	NL 15527,9096 15513,9144 15432,9322 15321,9448 15140,9566 14910,9643
(Treptower Park: am Rosengarten)	NL 14819,9462 14910,9643
(Treptower Park: südl./westl. des Karpfenteichs)	NL 15383,8662 15323,8717 15036,8728 14949,8773 14906,8822 14854,8964
(Treptower Park: nördl. des Karpfenteichs)	NL 14614,9052 14854,8964 15000,8905 15152,8926 15192,8966
(Treptower Park: östl. des Karpfenteichs)	NL 15323,8717 15152,8926
(Treptower Park)	NL 14310,9692 14304,9538 14398,9373 14494,9252 14576,9194
(Treptower Park)	NL 14242,9448 14304,9538 14384,9565 14512,9528 14635,9441 14748,9420
(Treptower Park)	NL 14697,9726 14645,9710 14575,9648 14496,9705
(Treptower Park: zur Karpfenteichstr.)	NL 14852,8799 14906,8822
(Treptower Park - Moosdorfstr.)	NL 14398,9373 14382,9299
(Alt-Treptow - Insel der Jugend)	NL 15561,8903 15653,8989 15675,9090
# laut http://www.berlin.de/ba-lichtenberg/presse/archiv/20071119.1550.89206.html beleuchtet: Coppistr. - Nöldnerplatz (?)	NL 15731,11270 15735,11201 15779,10970 15756,10966 15738,10962
Königsweg/Kronprinzessinnenweg	NL 425,8766 -348,7641 -643,7252 -903,6923 -927,6888 -2235,5128 -3296,3686 -3758,3054 -4001,2858
(Kronprinzessinenweg/Havelchaussee - Schlachtensse)	NL -3296,3686 -3199,3592 -3398,3321 -3353,3298
Havelchaussee	NL -3296,3686 -3490,4212 -3605,4520 -3729,4687 -3807,4794 -3872,4953 -3947,5129 -4072,5227 -4003,5621 -3944,6034 -3856,6152 -3723,6254 -3606,6407 -3598,6572 -3589,6721 -3475,6780 -3377,6797 -3355,6874 -3506,7699 -3531,7825 -3536,7856 -3561,7964 -3615,8496 -3552,8557 -3379,8590 -3277,8728 -3073,9061 -3140,9294 -3304,9470 -3361,9535 -3423,9642 -3374,9755 -3164,9922 -3011,10103 -2761,10323
Am Postfenn	NL -2761,10323 -2571,10258 -2315,10215 -2142,10270 -1926,10251 -1846,10292 -1537,10627 -1490,10734 -1490,10834 -1499,10990
Alte Spandauer Poststr.	NL -1415,9144 -1482,9276 -1512,9438 -1495,9518 -1448,9644 -1453,9748 -1491,9801 -1602,9915 -1846,10292
Havelweg	NL -2956,9307 -3140,9294 -3235,9267 -3250,9081 -3451,8840 -3809,8847 -4001,8880
Zum Schildhorn	NL -3796,9439 -3597,9446
Straße am Schildhorn	NL -3597,9446 -3456,9479 -3423,9642
Teltower Weg	NL -903,6923 -1008,7427 -1112,7891 -1317,8836 -1336,9001 -1415,9144
Teltower Weg	NL -739,6838 -813,6755 -439,6255 -359,6181 -288,6101 -174,5941 -107,5880
Neuer Schildhornweg	NL -1047,9123 -942,9251 -756,9382 -426,9473 -249,9479 73,9438 321,9346 383,9305 676,9104
Verbindungschaussee	NL -471,9647 -426,9473 -360,9193 -310,8989 -345,8899 -1112,7891 -1328,7597 -1851,6887 -1925,6790 -2834,5578 -3605,4520
Parforceweg	NL -643,7252 -728,7310 -1008,7427 -1142,7493 -1308,7558 -1328,7597 -1787,7932 -1843,8128 -2028,8270 -2078,8217 -2117,8204 -2156,8208 -2294,8232 -2386,8282
Hüttenweg	NL -1851,6887 -1493,6984 -1241,7017 -1006,6911 -927,6888
(Grunewald?)	NL -2080,6897 -2230,6909 -2366,6869 -2468,6839 -2581,6834 -2668,6862 -2805,6884 -2981,6941 -3133,6948 -3242,6884 -3305,6797 -3418,6747 -3475,6780
(Grunewald?)	NL -1925,6790 -2080,6897
Schwarzer Weg (Grunewald)	NL -4003,5621 -3877,5570 -3845,5575 -3794,5604 -3603,5748 -3275,5847 -3226,5870 -3156,5926 -2986,5996 -2705,6355 -2686,6489 -2638,6641 -2632,6789 -2668,6862 -2634,6907 -2549,6948 -2547,7055 -2524,7141 -2546,7240 -2563,7353 -2639,7452 -2675,7622
Saubuchtweg	NL -2675,7622 -2677,7696 -2804,7915 -2859,7946 -2890,7994 -2975,8172 -2981,8350 -2962,8493 -2965,8705 -2983,8841 -3073,9061
Schildhornweg	NL 676,9104 197,9069 30,9105 -122,9213 -360,9193 -850,9181 -1047,9123 -1188,9090 -1279,9093 -1415,9144 -1553,9161 -1638,9152 -1877,9092 -2090,9075 -2297,9103 -2672,9220 -2956,9307 -2967,9320 -3304,9470
Hüttenweg	NL -927,6888 -739,6838 -130,6694 218,6571 297,6541 441,6435 486,6404 605,6345 736,6217 869,6085 884,5974 894,5829 910,5654 990,5581 1051,5525 1086,5491 1212,5353 1361,5228 1385,5214 1506,5169 1535,5155 1585,5136
Verl. Pücklerstr.	NL 1558,6729 1364,6691 1170,6654 967,6620 905,6631 880,6645 832,6607 778,6603 698,6567 546,6583 369,6594 306,6582 218,6571
(Im Jagen, Verlängerung)	NL 1375,6138 1057,6461 909,6584 905,6631
Fischerhüttenweg	NL -1274,4367 -1315,4393 -1371,4424 -1424,4504 -2121,5039 -2235,5128 -2834,5578 -3129,5798 -3226,5870
Fischerhüttenweg	NL -3443,6036 -3723,6254
Pfaueninselchaussee	NL -8540,2209 -8468,2152 -8400,2156 -8284,2156 -8106,2034 -7866,1862 -7640,1837 -7443,1915 -7165,1978 -6903,1906 -6784,1815 -6648,1613 -6577,1395 -6492,1204 -6442,1150
Uferpromenade	NL -6439,3418 -6510,3404 -6667,3312 -6766,3209 -6792,3196 -6912,3080 -6975,3012 -7129,2786 -7161,2692 -7190,2670 -7225,2627 -7318,2567 -7420,2563 -7562,2431 -7833,2277 -8085,2252 -8141,2211 -8262,2178 -8328,2181 -8400,2156
Haveleck	NL -5722,2714 -5653,2807 -5712,2946 -5745,2990 -5820,3035 -5919,3092 -6215,3384 -6260,3398 -6375,3400 -6439,3418
(Moorlake - Pfaueninsel)	NL -9606,1389 -9647,1462 -9673,1519 -9663,1622 -9632,1672 -9584,1703 -9511,1739 -9444,1820 -9393,1831 -9108,1798 -9016,1782 -8934,1801 -8861,1855 -8747,2023 -8636,2102 -8591,2144 -8540,2209
(Volkspark Klein-Glienicke)	NL -9606,1389 -9734,1394 -9746,1408 -9770,1482 -9818,1530 -9900,1573 -9975,1564 -10044,1567 -10078,1551 -10163,1288 -10190,1185 -10198,1173 -10273,1088 -10430,848 -10512,683 -10573,564 -10593,476
Nikolskoer Weg	NL -9412,546 -9500,827 -9443,1035 -9333,1124 -9252,1244 -9085,1347 -9053,1471 -9000,1580 -8775,1748 -8759,1793 -8489,2088 -8468,2152
Moorlakeweg	NL -9085,1347 -9224,1417 -9284,1468 -9353,1464 -9440,1413 -9606,1389
Königstr.	NL -10593,476 -10269,445 -10052,521 -9969,519 -9730,514 -9412,546 -8357,726 -8169,760 -8045,788 -7622,881 -7402,948
Klein-Glienicke - HMI	NL -9313,54 -8629,175 -8387,190 -8398,242 -8301,326 -8021,393 -7844,392 -7732,313
Griebnitzseepromenade	NL -7266,-450 -7318,-515 -7358,-605 -7495,-716 -7585,-736 -7759,-850 -7908,-989 -8071,-1144 -8119,-1211 -8207,-1240 -8253,-1241 -8294,-1163 -8404,-1074 -8495,-1054 -8605,-995 -8628,-959 -8652,-865 -8733,-751 -8770,-720 -8886,-708 -8927,-642 -9009,-582 -9138,-521 -9182,-515 -9183,-381 -9208,-357 -9261,-272 -9399,-139
(Forst Düppel)	NL -6009,559 -6306,251 -6353,189 -6485,70 -6627,-56 -7067,-36
Kurfürstenweg	NL -5960,-604 -5863,-426 -5762,-145 -5752,-44 -5658,135 -5567,231 -5539,308 -5376,450 -5295,545 -5155,758 -4974,900
Königsweg (Zehlendorf)	NL -6928,-1076 -6807,-1093 -6411,-868 -5960,-604 -4248,367 -4184,400 -3511,776 -3407,834 -3161,975
Königsweg (Zehlendorf)	NL -2618,1281 -2043,1596 -1592,1852 -1303,2003 -1082,2140
Stahnsdorfer Damm	NL -4858,819 -4248,367
Stahnsdorfer Damm	NL -4184,400 -3875,88
Schwarzer Weg (Tegel)	NL 1317,21112 1311,21078 1204,21016 1043,20993 903,20980 862,20949 673,20800 475,20570 304,20466 249,20413 207,20313 6,19817 -13,19739 -51,19654 -134,19600 -262,19507 -510,19239 -626,19056 -629,18977 -629,18866 -639,18796 -754,18644 -847,18577 -869,18526 -930,18337 -994,18204 -1098,18121
Konradshöher Str.	NL -81,21387 -85,21143 -161,21003 -204,20861 -290,20665 -823,20184 -1165,19876
Heiligenseestr.	NL -410,21496 -249,21420 -81,21387 415,21334 469,21303 598,21257 886,21221 1317,21112
Ruppiner Chaussee (?)	NL 1344,21448 1254,21718 1138,21895 992,22018 506,22266
Am Eichenhain (Verlängerung)	NL 902,23844 808,23760 747,23640 716,23487 724,23349 744,23034 709,22828 707,22719 695,22694
Verlängerte Schulzendorfer Str.	NL 2155,22453 2060,22419 2011,22408 1874,22412 1827,22404 1659,22383 1583,22376 1524,22368 1468,22359 1411,22365 1266,22401 1094,22504 742,22666 695,22694 676,22667 598,22633 525,22614 439,22620 266,22584 240,22554
Rote Chaussee (?)	NL -538,23884 -505,23851 -430,23912 -406,23934 78,24364 132,24390 195,24389 237,24374 609,24215 764,24065 831,24054 905,24113
Bernauer Str. (?)	NL 901,18732 600,18472 255,17528 127,17176 -198,16187
(Wuhlewanderweg)	NL 22242,11269 22244,11311 22073,11581 22009,11636 21886,11843 21914,12019
(Wuhlewanderweg) (?)	NL 22323,13533 22259,13508 22191,13414 22221,13027 22199,12955 22036,12367 21998,12204 21970,12153
(Wuhlewanderweg) (?)	NL 21867,10733 21830,10679 21791,10623 21657,10519 21646,10510 21608,10403 21581,10329 21566,10222 21619,9993 21611,9893
(Wuhlewanderweg, westliches Ufer) (?)	NL 21351,9066 21280,8954 21252,8928 21210,8898 21183,8731 21185,8483 21276,8374 21337,8273 21568,8052 21598,7922 21587,7865 21547,7780 21546,7635
(Wuhlewanderweg, östliches Ufer) (?)	NL 21323,8481 21333,8355 21376,8297 21594,8107 21627,8024 21630,7933 21616,7863 21570,7751 21604,7715 21620,7647 21613,7521 21590,7414 21574,7244 21590,7211 21888,6944 21976,6848 22054,6622
(Wuhlewanderweg, westliches Ufer) (?)	NL 22025,6612 22097,6414 22146,6338 22214,6271 22236,6233 22238,6195
(Wuhlewanderweg, östliches Ufer) (?)	NL 22240,6118 22135,5882 22079,5873 21846,5856 21744,5804 21608,5690
(Wuhlewanderweg) (?)	NL 22449,15127 22413,15187 22396,15254 22393,15292 22400,15321 22507,15373 22516,15399 22518,15417 22518,15510 22515,15620 22539,15729 22554,15780 22623,15959 22670,16063 22717,16142 22771,16194
(Wuhlheide/FEZ)	NL 19934,5956 19937,5995 19976,6087 20015,6069 20293,6278
(Wuhlheide/FEZ)	NL 20200,6321 20262,6493 20225,6631 20313,6841 20439,7124
(Wuhlheide/R1)	NL 20464,6237 20327,6287 20293,6278 20200,6321 20106,6357 19986,6404 19751,6514 19590,6590 19407,6660 19052,6823 18186,7200 18052,7148
Verlängerte Birnbaumer Str.	NL 20887,7267 20858,7143 21576,6644
(Wuhlheide, An der alten Försterei)	NL 21365,5832 22012,6219
(An der Müggelspree)	NL 23441,4956 23461,5054 23620,5096 23776,5040 23982,5030 24233,4878 24398,4842 24834,4541 25030,4421 25131,4400 25200,4420 25315,4474 25403,4480 25479,4540 25565,4549
Am Müggelsee	NL 25565,4549 25477,4419 25396,4417 25347,4320 25373,4266 25376,4207 25282,3932 25254,3785 25232,3757 25241,3232 25281,3161 25259,3116 25346,2956 25474,2848 25547,2779 25600,2681 25768,2627 25789,2576 25790,2507 25846,2496 25847,2482 25948,2474
Am Müggelsee	NL 25474,2848 25667,2787 25857,2654 26006,2615 26151,2624 26339,2667 26457,2660 26627,2610 26868,2580 27135,2500 27173,2444 27267,2414 27372,2434 27517,2523 27565,2569 27743,2842 27822,2910 27945,3006 28292,3150 28496,3253 28588,3285 28703,3302
(Am Kleinen Müggelsee)	NL 28723,3098 28748,2963 28783,2916 28862,2916 29532,2556 29738,2467 29902,2379 29992,2404
(Zum Kleinen Müggelsee)	NL 29118,3277 28973,3296 28829,3295 28723,3214 28723,3098 28639,3005 28442,2926 28359,2722 28038,2476 27839,2402 27599,1521
Straße zum Müggelturm	NL 25008,2889 25006,2815 24997,2700 24981,2580 24974,2509 24628,2062 24634,1974 24673,1888 24889,1743 24973,1690 25269,1598 25438,1638 25573,1609 25716,1578 25716,1492
(Waldweg)	NL 24981,2580 25496,2429
(Kuhwall)	NL 24990,2905 25156,3002 25259,3116
(Am Stichkanal)	NL 22832,4491 22702,4592 22585,4634 22458,4565
(Am Teltowkanal) (?)	NL 3232,803 3304,832 3362,898 3376,945 3366,1007 3458,1063 3619,1207 3695,1308 3743,1385
Promenade, am Teltowkanal (?)	NL 3690,1436 3971,2106 4053,2300 4193,2616 4202,2622 4247,2652 4258,2693 4261,2703 4591,3089 4787,3342 4815,3382
Paul-Schwarz-Promenade (?)	NL 4815,3382 4835,3415 4921,3593 4970,3684 5093,3912 5145,3984 5225,4095 5282,4145 5337,4192 5533,4267 5557,4294
Kohlhasenbrücker Str.	NL -7191,-1023 -7145,-961 -7082,-863 -7051,-726 -7071,-377 -7067,-36 -7053,129 -7070,227
Stölpchenweg	NL -7266,-450 -7298,-322 -7447,-138 -7476,-65
Am Volkspark (?)	NL 5934,8220 5745,8194 5718,8197 5669,8207 5444,8406
Volkspark Wilmersdorf	NL 5919,8417 5805,8352 5666,8345 5533,8478 5531,8458
Volkspark Wilmersdorf	NL 5417,8519 5347,8562
Heinrich-Lassen-Park	NL 6664,8787 6740,8682 6815,8691 6912,8617
# Beleuchtet! XXX Volkspark Wilmersdorf (?)	NL 6795,8855 6650,8862
# Beleuchtet, wenn auch ungünstig (Laternen zu weit vom Weg entfernt) XXX (zur Mannheimer Str./Wilmersdorf) (?)	NL 6980,8853 6851,8856
Onkel-Tom-Str. (?)	NL 103,5123 79,5405 63,5600 -107,5880 -150,6168 -130,6694
Koenigsallee (?)	NL -130,6694 674,7758 761,7922 834,8067
Am Flutgraben	NL 13333,9929 13412,9935 13579,10146
(Flutgraben)	NL 13333,9929 13371,9974 13506,10146
Maienwerder Weg (?)	NL 2821,18831 2649,18542 2468,18410 2294,18269 2239,18225 1549,17718 1293,17560 127,17176
(Der Breite Weg) (?)	NL 1464,17373 1549,17718 1663,18166
(Uferweg) (?)	NL -389,17140 -280,17229 -266,17335 -215,17385 -141,17377 61,17495 110,17489 151,17537 187,17663 235,17704 260,17788 258,17880 381,18186 416,18386 448,18476 496,18514 586,18540 680,18631 757,18673 768,18742 970,18919 1006,18972 1122,19036 1189,19018 1200,18969 1369,18958 1457,18969 1490,18950
(Nordufer des Flughafensees) (?)	NL 3108,18083 2801,18126 2775,18160 2239,18225
(Uferweg am Urbanhafen)	NL 11177,9935 11052,9935 10914,9925 10602,10006 10522,10056 10500,10081
(Am Bahndamm) (?)	NL 8259,3349 8106,3410 7795,4242 7772,4306
Tiergarten	NL 7663,11946 7570,11855 7223,11897 7073,11798 6778,11742 6540,11754
Tiergarten (?)	NL 8214,12205 8215,12156 8222,11881 8223,11796 8225,11692
Tiergarten (?)	NL 7816,12150 7827,12105 7832,12036 7822,11952 7801,11875 7795,11823 7777,11787 7772,11749 7796,11681 7816,11571
Tiergarten	NL 6342,11878 6379,11843 6406,11784 6467,11780 6540,11754
(Hiroshimastr. - Große Sternallee), Tiergarten	NL 7356,11517 7382,11588
Große Querallee (?)	NL 7875,12363 7816,12150
(Weg am Tempodrom)	NL 8939,10657 8854,10712 8798,10678 8738,10704 8700,10766
(Lessinghöhe)	NL 12583,7974 12602,7907 12644,7688
Kopfstr. - Lessinghöhe	NL 12571,7899 12602,7907
(Thomashöhe)	NL 12644,7688 12682,7514 12685,7497
(Uferweg Plötzensee)	NL 5618,14981 5518,15236 5291,15424 5050,15643 5084,15415 5018,15228
(Volkspark Friedrichshain)	NL 12325,13148 12344,13157 12372,13198 12382,13262 12474,13311 12438,13387 12483,13418 12446,13570 12336,13646 12403,13755
(Volkspark Friedrichshain)	NL 12336,13646 12141,13609 12115,13540 12005,13481 11982,13471
(Volkspark Friedrichshain)	NL 12141,13609 12161,13711
(Volkspark Friedrichshain)	NL 12115,13540 12091,13449 12088,13403
Richtung Grunewaldturm	NL -1638,9152 -1857,8964 -2368,8457 -2386,8282 -2561,8110 -2890,7994 -3212,8024 -3536,7856
(Uferweg am Schlachtensee)	NL -3348,3055 -3384,3212 -3353,3298 -3324,3382 -3087,3646 -2937,3740 -2813,3775 -2494,3758 -2347,3884 -2080,4228 -1935,4303 -1831,4300 -1663,4218 -1503,4133 -1391,4135 -1353,4205 -1278,4239
(Weg am Teufelssee)	NL -886,9447 -942,9251
(Zur Fähre)	NL 28973,3296 29067,3369 29064,3401
(Am Langen See)	NL 23747,1243 23869,1282 23889,1338 24068,1279 24307,1135 24400,1005 24653,928 24829,827 24949,806 25333,834 25543,879 25744,839 25853,778 25922,645 25969,593 26041,443 26016,259 26089,176 26124,111 26246,73 26274,-33 26407,-160 26479,-119 26576,-278 26628,-313 26687,-316 26751,-460 26944,-639 26952,-744 27141,-785 27329,-1183 27365,-1357 27357,-1545
(Zur Krampenburg)	NL 27609,305 27571,262 27171,155 27273,-106 27407,-401 27552,-741 27559,-1365 27357,-1545 27323,-1671
(Zur Hirtenwiese)	NL 27273,-106 26687,-316
(Radweg am Müggelsee)	NL 28829,3295 28723,3283 28695,3245 28485,3206 27984,2995 27732,2671 27528,2469 27314,2282 27218,2300 26802,2374 26460,2428 26026,2532 25948,2474
(Müggelturm - Schmetterlingshorst)	NL 24889,1743 24671,989 24653,928
(An der Krampe)	NL 28624,582 28513,488 28520,281 28430,259 28349,364 28300,364 28310,269 28265,157 28265,68 28213,-45 28199,-346 28107,-336 28008,-390 27978,-473 27847,-665 27803,-742 27759,-995 27727,-1078 27767,-1217 27758,-1358 27765,-1654 27695,-2161 27718,-2301 27932,-2444 27985,-2389 28144,-2262 28116,-2127 28163,-2013
(Am Seddinsee)	NL 28163,-2013 28338,-2265 28443,-2317 28527,-2347 28568,-2346 28794,-2258 28898,-1986 28841,-1872 29229,-1676 29204,-1545 29334,-1343 29475,-1275 29602,-1051 30028,-891 30162,-747 30218,-529 30570,-351 30778,-326
(Zum Seddinsee)	NL 30839,106 30859,-6 30778,-326
Müggelheimer Damm	NL 23368,3894 23652,3722 23684,3702 24101,3447 24990,2905 25008,2889 25496,2429 25570,2408 25886,2317 26720,2079 27093,1959 27599,1521
Gosener Landstr.	NL 28809,462 29406,540 29562,603 30028,417 30551,276 30839,106 31033,6
(Müggelbergallee - Straße zum Müggelturm)	NL 23669,1759 24265,1891 24889,1743
(Müggelbergallee - Müggelheimer Damm)	NL 24265,1891 24528,1949 24628,2062
(Müggelturm - Müggelheim)	NL 24973,1690 25626,1314 26302,1048 26425,942 26682,769 26783,721 27021,721 27151,729 27202,770
(Müggelturm - Marienlust)	NL 25626,1314 25558,997 25543,879
Zugang zum Hans-Baluschek-Park	NL 7222,6458 7370,6451 7387,6452
Hans-Baluschek-Park	NL 7251,6071 7272,6096 7387,6452 7605,7109 7707,7415 7750,7528
Virchowstr. (Volkspark Friedrichshain)	NL 12897,13402 12771,13603 12707,13706
(Wuhlewanderweg, östliches Ufer)	NL 22323,13533 22359,13599 22516,13799 22607,13890 22825,14109 22839,14149 22827,14356 22843,14497 22806,14631 22741,14761 22550,15087 22449,15127
Wuhlewanderweg (Ahrensfelder Berg)	NL 22631,16215 22657,16287 22662,16306 22690,16383 22699,16501 22735,16630 22722,16906 22611,17126 22432,17245 22349,17302 22240,17379 22103,17475 22002,17492
(Verbindung Golliner Str. - Wuhlewanderweg)	NL 22250,18292 22282,18300 22356,18264 22356,18239 22367,18226
(entlang der S-Bahn)	NL 15337,24593 15490,24848 15648,25084 16093,25748 16087,25779 16114,25827
(Pankeweg)	NL 13953,23497 14265,23759 14356,23862 14625,24215 14869,24391 15337,24593
(Pankeweg)	NL 16294,25683 16253,25651 16210,25595 16200,25528 16142,25464 16042,25318 16097,25289 16171,25254
(Pankeweg)	NL 16172,25217 16117,25038 16126,24999 16057,24896 16017,24912 15998,24887 15820,25003 15810,24981 15648,25084
(zum Schönerlinder Weg)	NL 14029,24753 14231,24922 14389,24879 14462,24862 14869,24391
# sehr wahrscheinlich:
Hobrechtsfelder Chaussee	NL 14219,25013 14314,25193 14472,25449 14859,26029 15231,26587 15589,27116 15711,27928 15777,28037
# sehr wahrscheinlich:
Bucher Str.	NL 13220,23679 13589,24146 13684,24286 14029,24753 14219,25013
Tiergarten	NL 8016,11770 8022,12016
Tiergarten	NL 8034,12093 8057,12059 8048,12033 8022,12016 7999,12049 8006,12074 8034,12093 8048,12135 8055,12186
Tiergarten	NL 8223,11796 8156,11863 8091,11992 8089,12041 8107,12145
Ahornsteig	NL 7669,11586 7696,11621 7735,11656 7796,11681 7852,11721 8016,11770 8156,11863 8222,11881 8284,11905 8453,12099 8522,12187 8538,12245
Tiergarten	NL 8016,11770 8021,11636
Großer Weg	NL 5901,11902 5890,11865 5933,11775 6022,11757 6171,11790 6306,11771 6358,11724 6411,11678 6459,11638 6524,11583 6809,11570 6980,11583 7163,11738 7287,11763 7535,11677 7591,11639 7669,11586 7711,11558 7717,11540
Tiergartenufer	NL 5566,11860 5711,11841 5835,11768
(Lichtensteinallee - Tiergartenufer)	NL 6309,11443 6186,11466
Kufsteiner Str.	NL 5919,8417 5934,8220
(Park am Fennpfuhl)	NL 15235,13573 15252,13672 15323,13777 15253,13908 15183,13899 15066,14060
(NSG Fauler See)	NL 15918,16383 15965,16482 16386,16953
Straße 106	NL 14574,14646 14592,14682 14678,14853 14828,15050
Mauerweg	NL 7725,21247 7289,20618 7083,20584 6601,20542 6487,20512 6436,20477 6365,20452
An der Nordbahn	NL 6365,20452 6364,20431 6389,20412 6694,20164 7504,19459 7512,19480 8237,18880 8369,18769
Buddestr.	NL 8476,18773 8562,18642 8558,18597 8597,18554 8647,18567 8648,18585 8789,18476
Mauerweg Frohnau - Heiligensee	NL 1744,27568 1738,27266 1905,26983 1902,26854 1869,26304 1832,26248 1595,26061 1410,25993 990,25895 455,25996 423,25971 419,25824 426,25772 565,25332 585,25069 600,24882 575,24601 105,24545 -582,24527 -748,24558 -795,24497 -888,24507 -1589,24380 -1912,24442
Frohnauer Forst	NL 2976,27445 2951,27541 2954,27629 2939,27694
Schönhorst	NL 31063,2191 30944,2166 30436,2282 30162,2279 29992,2404
Zu den Müggelheimer Wiesen	NL 29414,2373 29738,2467 29924,2520 29985,2504
Neuhelgoländer Weg	NL 29414,2373 29532,2556 29551,2626 29546,2825 29575,2927
Pelzlake	NL 32245,1914 32204,1892 32121,1850 31944,1859 31789,1787 31185,2026 31063,2191
(südlicher Uferweg an der Krummen Lanke)	NL -1274,4367 -1245,4414 -1185,4450 -1139,4575 -1134,4706 -971,4971 -724,5080 -604,5228
(Weg am Riemeisterfenn)	NL -604,5228 -118,5287 10,5343 79,5405
(Pappelplatz)	NL 425,8766 297,8894 197,8973 30,9105
(Weg am Müggelsee)	NL 27427,5188 27470,5093 27852,5017 28286,4943 28361,5068
(Waldweg)	NL 29075,4753 29092,4761 29705,4987
(Waldweg parallel zur Straßenbahn)	NL 30410,5450 32065,5873 32192,5915
Wanderweg Erkner - Hessenwinkel	NL 33533,2761 33293,2768 33086,2790 32998,2827
(Zu den Müggelheimer Wiesen)	NL 29902,2379 29549,2267 29414,2373
(Weg am Friedhof)	NL 11606,7260 12180,7387
Niederwallstr. - Spittelmarkt	NL 10124,11806 10183,11770
(Kynaststr. - Uferwanderweg)	NL 14843,10621 14906,10587
# Beleuchtung ist vorhanden, aber auch an? (Paul-und-Paula-Ufer)	NL 14864,10451 14884,10508 14906,10587 14937,10598 14990,10581 15100,10637 15209,10581
Am Rummelsburger See	NL 15453,10415 15469,10329 15496,10277 15518,10234 15604,10204 15601,10179 15645,10147 15713,10035 15786,9957 15790,9920 15828,9875 15931,9846 16000,9784 16046,9746 16262,9925
Am Rummelsburger See	NL 14884,10508 14864,10451 14892,10411
(Rummelsburger Ufer - Hauptstr.)	NL 15248,10562 15311,10710
Spreeufer	NL 15020,9875 14996,9809 14776,9949 14599,10039 14582,10048
(Am Walde - Hegemeisterweg)	NL 17775,7874 17987,7973
Hegemeisterweg	NL 18378,7727 18325,7778 18287,7815 17987,7973 17803,8079
Hegemeisterweg	NL 18325,7778 18409,7776
#: add_fragezeichen: unbeleuchtet? vvv
Barsekowstr.	NL 5344,4672 5417,4647 5476,4626 5589,4617
Stadtpark Steglitz	NL 5589,4617 5656,4621 5709,4674 5765,4693 5931,4659 6107,4718
(Stadtpark Steglitz)	NL 5797,4846 5826,4819 5909,4798 5945,4828 6018,4850
#: add_fragezeichen ^^^
## schwach beleuchtet, aber beleuchtet:
#Spreeufer	NL 8032,12817 8056,12921 8099,12953 8169,12963 8235,12969 8310,12947 8361,12925 8427,12871 8462,12824 8473,12753
Bahndamm	NL 13145,9920 13152,9914 13229,9853 13282,9828 13476,9720 13934,9365 13966,9340
Bellevue-Ufer	NL 6694,12627 7039,12314
Bettina-von-Arnim-Ufer	NL 7437,12368 7529,12496 7670,12576
(Baikalstr. - Rummelsburger Str.)	NL 17281,10598 17228,10860
nördliches Ufer am Teltowkanal	NL 7921,4451 7935,4466 8027,4571 8162,4725 8249,4769
#: by: Andreas Mühlhausen: vvv
(Spreeufer zwischen Schloßpark Charlottenburg und Fürstenbrunner Weg)	NL 3296,12719 3231,12749 3127,12793 3055,12973 2997,13402 2950,13552 2922,13594 2859,13686 2777,13712 2568,13662 2260,13540 1951,13647 1826,13587 1753,13587 1512,13511 1198,13526 1144,13528
#: by: ^^^
#: XXX: geraten: vvv
Schloßpark Charlottenburg	NL 2858,13583 2775,13479 2659,13425 2602,13418 2625,13229 2688,12701 2717,12463
Schloßpark Charlottenburg	NL 2295,13031 2331,13173 2419,13232 2466,13232 2534,13214 2625,13229
#: XXX: ^^^
Landschaftspark Johannisthal	NL 18882,3750 18592,3743 18442,3740 18293,3890 18133,4064
Landschaftspark Johannisthal	NL 18293,3890 18031,3737 17976,3735
Landschaftspark Johannisthal	NL 18592,3743 18637,3526 18562,3461 18451,3352 18340,3241 18304,3208 18326,3141 18347,3129
Landschaftspark Johannisthal	NL 18624,3402 18562,3461
Landschaftspark Johannisthal	NL 18164,2712 18167,2724 18229,2973
Landschaftspark Johannisthal	NL 17612,4066 17621,4063 17877,3979 17947,3957 18133,4064
Spreeuferweg	NL 5535,12206 5579,12231 5737,12281 5804,12362 5962,12553 6029,12693 6078,12848 6123,12887 6182,12900
Gartenufer	NL 5780,11622 6239,11399 6342,11353 6346,11326
(Weg in d. Kolonie Norderney)	NL 3596,6828 3607,6952 3582,6964
Franz-Cornelsen-Weg	NL 3593,7176 3597,7192 3612,7335 3634,7601
(Bad Kissingen)	NL 3634,7601 3652,7795
(Kolonieweg a. d. Forkenbeckstr.)	NL 3218,8233 3230,8194 3635,8099 3709,8082 3753,8073 3779,8105
Claire-Waldoff-Weg	NL 3635,8099 3587,7560
(Parkweg - Dreipfuhl)	NL 1546,4319 1512,4198 1516,4180 1548,4168
(Parkweg - Dreipfuhl)	NL 1608,4313 1548,4168 1524,4054 1520,4006 1523,3904 1536,3780
(Parkweg - Dreipfuhl)	NL 1612,3995 1520,4006
(Parkweg - Dreipfuhl)	NL 1608,4313 1670,4477 1692,4575 1682,4607 1660,4615 1624,4601 1570,4449 1546,4319
(Parkweg - Dreipfuhl)	NL 1536,4457 1570,4449
(Parkweg - Dreipfuhl)	NL 1724,4461 1670,4477
(Parkweg - Dreipfuhl)	NL 1674,4661 1666,4637 1660,4615
(Parkweg - Dreipfuhl)	NL 1698,4653 1689,4630 1682,4607
(Parkweg - Dreipfuhl)	NL 1478,4206 1512,4198
(Verbindungsweg)	NL 11646,13465 11703,13422
(Friedenstr.)	NL 12131,13333 12138,13294 12139,13262 12066,13237
(Fußweg Büschingstr. - Mollstr.)	NL 11881,13147 11966,13074
(Volkspark Friedrichshain, parallel zur Friedenstr.)	NL 12386,13085 12387,13107 12344,13157 12248,13254 12194,13307 12148,13348 12088,13403 12005,13481 11943,13545 11857,13596 11823,13610 11785,13625
(Volkspark Friedrichshain)	NL 13100,13803 12987,13727 12965,13709 12829,13621 12771,13603
(Volkspark Friedrichshain)	NL 12829,13621 12887,13537 12925,13523 12991,13539 13025,13585 13023,13627 12965,13709 12915,13785 12877,13795 12825,13783 12793,13749 12783,13699 12829,13621
(Volkspark Friedrichshain)	NL 12915,13785 12937,13803 12887,13877 12879,13889
(Volkspark Friedrichshain)	NL 12937,13803 12987,13727
(Volkspark Friedrichshain)	NL 12825,13783 12813,13799 12805,13809
(Volkspark Friedrichshain)	NL 12403,13755 12436,13719 12482,13705 12594,13747 12654,13819
(Volkspark Friedrichshain)	NL 12771,13603 12737,13593 12727,13571 12582,13519 12483,13418
(Volkspark Friedrichshain)	NL 12483,13418 12605,13356
(Volkspark Friedrichshain)	NL 12438,13387 12344,13320 12248,13254 12231,13233
(Volkspark Friedrichshain)	NL 12382,13262 12344,13320 12281,13325 12166,13349 12148,13348
(Volkspark Friedrichshain)	NL 12141,13609 12023,13598 12038,13685
Apeldorner Weg	NL 3848,8689 3868,8759 3932,8989
(Wallenbergstr. - Rudolstätter Str.)	NL 4139,8485 4029,8482
Umgehungschaussee	NL 1149,7205 1251,7429 1263,7450 1252,7741 1215,7797 1043,7929 860,8052 834,8067
(Jagdschloß Grunewald - Umgehungschaussee)	NL 905,6631 1149,7205
(Auerbachstr. - Koenigsallee)	NL 490,8716 445,8429 614,8006 761,7922
(Parkweg Robert-Stolz-Anlage)	NL 1728,7525 1869,7525 1878,7499
(Parkweg Robert-Stolz-Anlage)	NL 1869,7525 1946,7580
(Verlängerter Eichhörnchensteig)	NL 1405,7471 1149,7205
(Eichhörnchensteig - Umgehungschaussee)	NL 1405,7471 1319,7444 1251,7429
(Käuzchensteig - Pücklerstr.)	NL 1696,6520 1627,6553 1612,6534 1512,6553
Bernhard-Wieck-Promenade	NL 1363,7997 1372,8011 1381,8023 1446,8114
Bernhard-Wieck-Promenade	NL 1381,8023 1366,8032 1348,8010
(Spohrstr. - Umgehungschaussee)	NL 1274,7866 1256,7841 1215,7797
(Unterführung Schloßbrücke)	NL 3396,12741 3326,12730 3231,12749
(südliches Spreeufer)	NL 5186,12843 5173,12973 5128,13012 4973,13083 4837,13091 4733,13076 4711,13055 4644,13003 4627,12951 4599,12789 4759,12681
(Heisenbergstr. - südliches Spreeufer)	NL 5065,13010 5128,13012
(Kucharskistr. - südliches Spreeufer)	NL 4848,13066 4837,13091
(Clara-von-Simson-Str. - südliches Spreeufer)	NL 4732,13030 4711,13055
(Carnotstr. - südliches Spreeufer)	NL 4678,12938 4627,12951
(Parkweg Ortelsburger Allee)	NL 50,10910 37,11014 23,11137 21,11167
(Parkweg Kranzallee)	NL -526,10985 -535,11096
(Teufelsseechaussee - Waldschulallee)	NL 194,10846 355,10740
(Teufelsseechaussee - Maikäferpfad)	NL 556,10122 460,10193 332,10286 41,10501
(Goslarer Ufer - Am Bahnhof Jungfernheide)	NL 4195,13695 4156,13914 4151,13961 4076,14203 4011,14245
(Schwarzer Weg)	NL 4255,13222 4185,13386 4081,13418 3975,13448 3797,13499
(Dahlienweg)	NL 3797,13499 3795,13541 3796,13575
(Verlängerung der Ilsenburger Str.)	NL 3981,13292 3975,13448
(Lambertstr. - Lise-Meitner-Str.)	NL 3508,13727 3717,13743
(nördliches Spreeufer)	NL 6106,12989 6064,12950 6019,12923 5962,12854 5921,12663 5890,12602 5869,12591
(nördliches Spreeufer)	NL 5746,12413 5683,12342 5661,12323 5607,12307 5550,12305 5484,12320 5411,12380 5362,12469 5356,12494 5372,12538
(Uferweg Hubertussee)	NL 2190,8903 2170,8841 2155,8793 2214,8752 2268,8746 2298,8712 2279,8674 2233,8670 2153,8693 1949,8788 1902,8814 1834,8893 1809,8916 1761,8936
(Zum Hubertussee)	NL 2299,8675 2279,8674
(Zum Hubertussee)	NL 1834,8893 1807,8893
(Zum Hubertussee)	NL 1807,8893 1809,8916
(Parkweg Reichsstr.)	NL -264,13009 -208,12938 -142,12850 -67,12779 23,12739
(Machandelweg - Reichsstr.)	NL -166,12849 -142,12850 -103,12868
Konitzer Str.	NL 14099,11505 14087,11467
Alexandrinenstr. (paralleler Gehweg)	NL 10678,11172 10818,11269
Uferweg an den Treptowers: nur am Allianz-Gebäude beleuchtet	NL 13903,10237 14118,10178 14202,10152
Uferweg Stralau	NL 15741,9590 15749,9558 15819,9430 15787,9321
Uferweg Stralau	NL 15314,10121 15260,10048 15295,10022 15347,9922 15465,9860 15545,9818 15583,9779 15626,9710
Tunnelstr. - Bartholomäusufer	NL 15502,9693 15583,9779
Kattunsteig	NL 19760,4875 19765,4760 19710,4760 19715,4410 19731,4329 19771,4273 19753,4241
(Brombeerweg - Rominter Allee, am Murellenteich vorbei)	NL -647,12754 -539,12746 -410,12792
(Eichhörnchensteig - Wildpfad)	NL 1449,7519 1485,7651 1509,7700
(Uferweg am Grunewaldsee)	NL 1251,7429 1197,7457 1168,7473 1089,7496 1007,7334 928,7252 794,6958 762,6906 682,6865 574,6842 524,6795 478,6738 306,6582
(Grunewaldsee - Krumme Lanke)	NL 218,6571 204,6441 115,6292 48,6202 -44,6114 -71,6021 -63,5955 58,5794 70,5722 63,5600 -225,5332 -579,5320
Grunewald	NL 1728,7525 1449,7519 1405,7471
Grunewald	NL 1149,7205 1168,7047 1176,6938 1170,6654 1126,6548 1057,6461 917,6301 866,6328 533,6479 441,6435
Riemeisterfenn	NL 441,6435 394,6368 331,6225 381,6094 325,5925 344,5738 309,5669 213,5582 161,5496 122,5416 79,5405
Krumme Lanke	NL -604,5228 -593,5280 -579,5320 -603,5317 -676,5323 -731,5291 -795,5233 -888,5172 -1098,5062 -1180,5020 -1243,4939 -1298,4815 -1298,4584 -1287,4486 -1272,4450 -1245,4414
Grunewald	NL -1371,4424 -1453,4383 -1592,4268 -1663,4218
Grunewald	NL -1287,4486 -1304,4450 -1315,4393
Schlachtensee	NL -1391,4135 -1380,4108 -1468,3995 -1558,3965 -1624,3956 -1706,3971 -1944,4140 -1996,4063 -1974,3933 -1980,3872 -2014,3826 -2174,3718 -2396,3666 -2521,3637 -2599,3637 -2729,3593 -2761,3576 -2802,3570 -2947,3486 -3081,3377 -3136,3294 -3190,3167 -3200,3145 -3273,3096 -3341,3122 -3384,3212
Tegeler Forst	NL 1716,20915 1819,21116 1851,21328 1800,21368
Tegeler Forst	NL 1656,21145 1800,21368 1835,21427 1869,21570 1928,21595 1942,21564
Tegeler Fließ	NL 1942,21564 2004,21502 2166,21468 2336,21546 2361,21512 2445,21573 2577,21595 2678,21669 2743,21803 2734,21890 2771,21957 3134,22153 3124,22198 3094,22233 3134,22292
Tegeler Fließ	NL 3243,22311 3355,22230 3380,22248 3498,22333 3589,22414 3631,22417 3670,22396 3734,22402 3767,22466 3753,22534
Tegeler Fließ	NL 4044,22690 4087,22714 4114,22690 4166,22725 4251,22829
Tegeler Fließ	NL 4163,22907 4306,22914 4402,22877 4619,22934
Tegeler Fließ	NL 4626,22914 4718,22891 4801,22897 5054,23025 5127,23042 5205,23094 5242,23156 5214,23420 5297,23633 5409,23816 5645,23968 5693,24037 5860,24067 5965,24047 6084,24073 6259,23947
Tegeler Fließ	NL 5216,24157 5535,24016 5645,23968 5678,23966
Lübars	NL 6259,23947 6395,23785 6585,23904 6609,23892 6744,23695
Lübars	NL 7185,23749 7615,23884 7675,23968 7874,24035 7887,24043 7956,24083
Blankenfelde	NL 9812,23983 10082,24061 10071,24087 10466,24468 10538,24354 10569,24294 10615,24261 10746,24251 10799,24194 11070,24462 11514,24284 11929,23946
Felder, aber Autobahn in der Nähe	NL 12405,25137 12743,24929 12903,24882 13078,24826 13190,25198 14067,24914 14088,24856 14029,24753
Felder	NL 16298,22221 16528,22074 16390,21828 16502,21751 16576,21165
Felder	NL 17073,21329 17274,20851 17281,20834 17946,20889 18083,20782 18061,20715 18383,20623 18513,20580 18869,20479
Felder	NL 19279,19517 19386,19841 19692,19743 19817,19593 19579,18933
Park	NL 19875,18182 20542,17911 20746,17848 20804,17848
Mauerweg	NL 8132,23478 7874,24035 7736,24239 7685,24302 7653,24412
Felder	NL 16779,21152 17064,21350
Bootshausweg	NL -1023,16173 -963,16538 -1073,16610
Bootshausweg	NL -1073,16610 -1067,16635 -1092,16659 -1156,16689 -1190,16714 -1214,16745 -1229,16773 -1406,16907 -1465,16957 -1520,16989 -1564,17001 -1610,17007 -1664,17009 -1743,16990 -1723,16973 -1690,16971 -1676,16957 -1673,16939 -1725,16878 -1704,16870 -1684,16853 -1655,16813
(Parkweg an der Neuen Wuhle)	NL 20889,17838 20983,17846 21057,17785 21093,17765 21353,17635 21535,17550 21555,17546 21751,17511 21875,17533 21925,17542 22022,17519 22093,17505 22121,17495 22364,17323
(Wuhlewanderweg)	NL 22313,18595 22332,18496 22391,18349 22395,18313 22367,18226 22341,18091 22324,18030 22327,17997 22343,17960 22353,17940 22353,17920 22365,17864 22381,17811 22384,17764 22333,17664 22329,17644 22364,17323
(Wuhlewanderweg)	NL 22314,17916 22365,17864
(Wuhlewanderweg)	NL 22333,17664 22398,17645 22464,17626 22475,17636 22475,17774 22462,17801 22381,17811
(Wuhlewanderweg)	NL 22384,17764 22398,17645
(Wuhlewanderweg)	NL 22329,17644 22093,17505
(Wuhlewanderweg Brücke)	NL 22364,17323 22349,17302
Seefelder Str. (Fußweg)	NL 17274,16177 17371,16194 17383,16197
(An der Kol. Königsgraben, nördl. Parkweg)	NL 7189,1942 7390,2021
(An der Kol. Königsgraben, südl. Parkweg)	NL 7425,1843 7275,1843 7226,1842 7119,1829
(Kol. Königsgraben, Nord-Süd-Verbindung)	NL 7226,1842 7210,1888
(Verbindung zum Orlamünder Weg)	NL 7274,1810 7275,1843
(Orlamünder Weg - Tambacher Str.)	NL 7172,1630 7144,1591
(Parkweg Trippsteinstr. - Sondershauser Str.)	NL 6481,1210 6479,1312 6515,1418 6517,1479 6528,1573 6578,1595
#: by: Kai Brueggemann [AM] vvv
(Parkweg Bäkepark)	NL 5337,4192 5320,4217 5246,4240 5129,4262 5100,4285 5015,4339 4957,4448 4870,4609 4848,4668 4795,4801 4760,4843 4742,4885
(Parkweg Bäkepark)	NL 5225,4095 5131,4207 5068,4259
(Parkweg Bäkepark)	NL 5282,4145 5131,4207
(Parkweg Schloßpark Lichterfelde)	NL 4601,3704 4664,3712 4699,3707 4725,3685 4754,3651 4830,3607 4874,3617 4921,3593
(Oberlinstr. - Wolfensteindamm)	NL 4732,4939 4692,4997
#: by: ^^^
#: by: Daniel Weber [AM] vvv
(Lilienthalpark)	NL 5514,580 5571,614 5671,637 5615,735 5576,800 5584,808 5571,864 5540,919
(Lilienthalpark)	NL 5578,936 5540,919 5358,822
(Lilienthalpark)	NL 5533,663 5485,751 5499,771 5539,773 5590,719 5593,679 5575,660 5533,663
(Lilienthalpark)	NL 5571,614 5533,663
(Lilienthalpark)	NL 5539,773 5576,800
(Hildburghauser Str. - Lilienthalpark)	NL 6467,1028 6436,921 6421,892 6414,833 6367,825 6360,825 6352,825 6267,834 6259,835 6250,834 6172,822 6163,822 6155,821 6075,821 6066,821 6057,821 5975,821 5964,821 5954,819 5875,807 5867,807 5860,805 5781,800 5742,798 5682,767 5675,764 5615,735 5590,719
(Landschaftspark Rudow)	NL 18336,-103 17973,428
(Am Rudower Fließ)	NL 15640,-149 15733,-69 15814,9 15843,4 15891,53 15949,53
(Mauerweg Lichtenrade)	NL 10687,-3270 11157,-3295 11522,-3319 11570,-3356 11647,-3360 11704,-3336 11742,-3336
(Paplitzer Str. - Mauerweg)	NL 10722,-3191 10687,-3270
(Mauerweg Lichtenrade - Lichterfelde)	NL 10472,-3201 10309,-3191 10057,-3175 9600,-3160 9529,-2628 9506,-2421 9471,-2138 9462,-2050 8846,-2089 8310,-2037 8376,-1523 7962,-1295 7593,-1034 7144,-565 7169,-520 7164,-473 7146,-466 7098,-523 6965,-387 6668,-100 6498,71 6351,219 6253,361 6198,328 6013,211 5832,93 5435,-157 4842,-547 4596,-707 4406,-910
(Mauerweg - Schütte-Lanz-Str.)	NL 5832,93 5800,138
(Mauerweg - Waldsassener Str.)	NL 6668,-100 6705,-61
(Mauerweg - Achenseeweg)	NL 6013,211 5987,256
(Mauerweg - Prinzessinenstr.)	NL 9471,-2138 9576,-2135
#: by: ^^^
Matthäifriedhofsweg	NL 7230,7264 7305,7221 7477,7122 7563,7113 7605,7109
Naturpark	NL 7296,5872 7344,6104 7666,7093 7655,7096 7621,7105 7605,7109
Dammweg	NL 15874,8345 16395,8816
Wasserweg: überwiegend nicht beleuchtet	NL 15673,8901 16023,8860 16161,8852 16395,8816
(Umfahrung Spreepark)	NL 16023,8860 16084,8833 16161,8852
Kiehnwerderallee	NL 16395,8816 16534,8182 16602,7810 16620,7574 16633,7434
(Fähre - Kiehnwerderallee)	NL 16649,7570 16620,7574
Heinrich-Laehr-Park	NL 1527,574 1258,1674
#: by: rjoop
#: note: laut Foto sieht es so aus, als ob hier keine Straßenlaternen stehen würden
Spandauer Hauptpromenade	NL -1725,16878 -1750,16879 -1778,16873 -1840,16890 -1882,16850 -1876,16790 -1906,16620 -1939,16427
Viktoriapark: nur teilweise und zeitweise beleuchtet	NL 8598,9074 8695,9079 8883,9089 8901,9104 8943,9098 8962,9048 9026,9042 9079,9058 9091,9054 9115,9046
Viktoriapark	NL 9150,9152 9080,9163 9020,9150 8990,9166 8982,9198 9007,9264 8969,9320
(Parkweg Möllendorffstr. - Rathausstr.)	NL 15420,12178 15520,12160 15628,12246
An der Wuhle	NL 21386,9052 21468,9230 21524,9488 21587,9609 21633,9731 21678,9817 21686,9876
An der Wuhle	NL 21867,10733 21950,10776 22060,10778 22097,10812 22160,10834
An der Wuhle	NL 22244,11311 22280,11284 22271,11218 22237,11215
An der Wuhle	NL 22359,13599 22259,13508
Bürgerpark	NL 9428,18330 9424,18276 9479,18217
Bürgerpark	NL 20286,16494 20543,16488 20865,16440 21102,16415 21177,16499 21238,16627
(Fortsetzung der Walter-Felsenstein-Str.)	NL 20617,16614 20543,16488 20487,16392
#: by: rjoop (Fotos):
Jungfernheide	NL 2934,14852 2900,14891 2685,15167 2707,15205 2695,15258 2632,15295
#: by: rjoop (Fotos):
Jungfernheide	NL 2632,15295 2431,15290 2364,15321 2349,15380 2027,15380 1925,15426 1563,15294 1372,15313
Jungfernheide	NL 1415,15190 1468,15194 1498,15196 1535,15111 1735,15071 2039,15083 2053,15036 2376,15036 2683,14878 2784,14826 2900,14891
(Am Bullengraben)	NL -4023,13493 -4305,13412 -4357,13415 -4360,13397 -4399,13397 -4518,13433 -4661,13485 -4798,13570 -4881,13631 -4922,13641 -5054,13665 -5179,13674 -5280,13659 -5411,13631 -5612,13586
(Am Bullengraben)	NL -5610,13614 -5949,13600 -6010,13586
(Am Bullengraben)	NL -6272,13482 -6349,13444 -6429,13426 -6563,13403 -6718,13383 -6724,13359 -6890,13351 -6911,13372 -7010,13382 -7237,13461 -7443,13616 -7522,13651
(Am Bullengraben)	NL -7522,13651 -7529,13657 -7503,13742 -7592,13713 -7656,13723 -7717,13720 -7801,13697 -7843,13663 -7851,13606
(Am Bullengraben)	NL -7237,13461 -7273,13354
#: by: Ansgar Elfgen:
Waldpark Steinberg	NL 3979,21211 3946,21246 3839,21357 3784,21362 3670,21496 3605,21589 3545,21677 3443,21908 3304,21971 3207,22123 3172,22109
#: by: Patrick Walter:
(Weg entlang der U-Bahn-Betriebswerkstatt): unbeleuchtet	NL 13162,3576 13356,3467 13624,3355 13740,3252
Tiergarten	NL 5901,11902 5923,11873 6296,11890 6342,11878 6409,11925 6573,11943 6642,12010
Tiergarten	NL 6828,12031 6857,11992 7460,12054 7827,12105 8018,12131 8048,12135 8107,12145 8215,12156 8466,12197 8522,12239 8538,12245
#: by: junga:
(Dihlmannstr. - Jungfernheideweg)	NL 1065,15229 1372,15313
(Mauerweg Schönow)	NL 271,21 123,3 118,407 75,715 51,752 31,830 16,950 25,1018 -4,1133
(Am Teltowkanal)	NL 1453,-306 1357,-306 1159,-249 949,-103 822,-74 639,-82 507,-100 315,-131 275,-109
# XXX: cannot specify unlit outer Berlin: Mauerweg	NL 3232,803 3045,707 2795,471 2275,-13 2166,-131 1993,-275 1929,-308 1659,-401 1510,-423 1473,-420
(Teltowkanalpromenade am Nordufer)	NL 2079,-12 1924,-188 1593,-317 1471,-311 1453,-306
(Mauerweg Lichterfelde)	NL 4406,-910 4038,-362 4046,-299 4034,-255 3982,-181 3941,-127 3908,-117 3842,-6 3788,26 3767,66 3689,182 3607,283 3417,524
(Mauerweg)	NL 11742,-3336 11851,-3287 12268,-2294 12314,-2270 12344,-2173 12283,-1881 12078,-1170 11819,-286 11746,-62 11686,169 11698,390 11794,550 11922,586 12246,706 12557,799 12984,1011
Stuthirtenweg	NL 12984,1011 13109,1061 13241,1113
(Mauerweg)	NL 14433,1739 14641,1771 14676,1777 14784,1725 14876,1686 15200,737 15333,378 15423,150 15480,6 15538,-30 15559,-78 15606,-104 15640,-149
# XXX: cannot specify unlit outer Berlin:(Postenweg)	NL 17234,-685 17806,-561 18177,-449
Mauerweg	NL 18127,-367 18256,-309
#: XXX: geraten: vvv
Koeltzepark	NL -3138,15259 -3077,15367
Koeltzepark	NL -3293,15481 -3359,15426 -3387,15410
#: XXX: ^^^
#: by: Roger Menge:
Kolonie Rehberge	NL 5223,16783 5141,16799 5091,16810 5035,16819 5000,16826
#: by: Christian Bräuniger: vvv
(Götzstr. - Albrechtstr.)	NL 9460,6519 9453,6415 9404,6392 9389,6348 9381,6277 9367,6160 9349,6075
(Franckepark - Templerzeile)	NL 9381,6277 9426,6239 9463,6232 9683,6199
Kolonie Albrechtshöhe	NL 10260,5953 9931,5985
#: by: ^^^
#: by: Christian Marwitz:
Hönower Wiesenweg	NL 17375,8847 17416,8767 17483,8644 17554,8458 17624,8353 17708,8316 17751,8284
#: by: Wolfhard Schleese: vvv
(Wilhelm-Kuhr-Str. - Wollankstr.)	NL 9303,17965 9314,17943 9341,17917 9348,17885 9363,17868 9396,17863 9590,17662
Schönholzer Heide	NL 8954,19151 9009,19045 9191,18785 9279,18724
Zingergraben	NL 8943,19755 8977,19694
Zingergraben	NL 8931,19746 8956,19688
Uhlandstr.	NL 9054,20001 9023,19936 8962,19798 8943,19755 8931,19746
Alter Bernauer Heerweg	NL 8145,23301 8203,23321
Mauerweg	NL 8132,23478 8203,23321 8451,22826 8367,22606 8372,22603 8380,22599 8341,22497 8301,22384 8290,22227 7990,21531
Wiesenstr./Mauerweg	NL 6261,24462 6542,24466 6814,24593 7173,24514 7568,24527 7653,24412
Geierpfad	NL 2903,27246 3058,27223 3257,26907 3358,26706
Jägerstieg	NL 3333,27766 3344,27696 3205,27620 2976,27445
Jägerstieg - Geierpfad	NL 2976,27445 2979,27427 2903,27246
Hubertusweg	NL 3661,27861 3554,27802 3333,27766
(Weg um den Hubertussee)	NL 3322,28132 3307,28094 3310,28036 3387,27998 3523,27947 3661,27861
(Mauerweg)	NL 2651,28147 3095,28125 3322,28132
(Verlängerte Klarastr.)	NL 2576,28008 2603,28039 2600,28080 2651,28147
Utestr.	NL 3115,27960 2883,28020 2576,28008 2381,28057 2340,28043 2159,28096
#: confirmed_by: srt
Gollanczstr.	NL 2122,26660 2063,26727 2017,26779 2044,27286 2061,27612
Am S-Bahndamm	NL 4232,18981 4285,18983 4353,18986 4475,18998 4577,19009 4570,18822
(Helweg - Mauerweg)	NL 648,24589 575,24601
(Mönchmühler Str. - Blankenfelder Chaussee)	NL 8903,23349 9152,23410 9296,23468
(Revierförsterei Blankenfelde - Blankenfelde)	NL 9469,22606 9388,22812 9392,22934 9333,23075 9251,23156 9152,23410
(Mönchmühler Str. - Mauerweg)	NL 8543,22413 8341,22497
(Revierförsterei Blankenfelde - Mönchmühler Str.)	NL 9469,22606 8801,22341 8566,22434 8554,22440
#: by: ^^^
Achenbachpromenade	NL 8763,8780 8748,8587 8715,8459
(Salzmannstr. - Betriebsbhf. Rummelsburg)	NL 16847,10092 16839,10064 16828,10027 16841,9995 16925,9852
(Am Kraatzgraben)	NL 16839,10064 16666,10219 16544,10337 16488,10381
(Kolonie Sanssouci)	NL 16488,10381 16297,10636 16246,10641
#: by: Teresa:
(Weg durch die Spiel- und Parkanlage am Bahnhof Blankenburg): nicht (durchgängig) beleuchtet, ein kurzes Waldstück ist sogar völlig duster	NL 13292,21014 13244,20903 13075,20817 12909,20592
(Grüne Trift am Walde - Müggelheimer Damm)	NL 24179,2977 24206,2986 24246,2978 24369,2973 24513,2878 24640,2860 24917,2929 25008,2889
Mauerstreifen	NL 13489,9199 13661,9069
Gesundheitsweg (Potsdam)	NL -14571,-1881 -14351,-1882
#: last_checked: 2008-11-29
Am Schafgraben (Potsdam): schwach beleuchtet, viele Laternen kaputt	NL -14500,-2012 -14536,-1943 -14571,-1881 -14612,-1809
Puschkinallee - Uferweg	NL 13995,9834 14076,10011
#XXX dieser Teil hat Straßenlaternen: Puschkinallee - Uferweg	NL 14076,10011 14118,10178
Klemkepark	NL 7574,18874 7576,18837 7480,18828 7394,18820 7332,18818 7313,18781 7248,18793
(Quickborner Str. - Wilhelmsruher Damm)	NL 7959,21573 7750,21250
Nernstweg	NL 14782,7638 14658,7513 14652,7507
Münsterberger Weg	NL 23225,11649 23032,11729 22886,11776 22701,11843
Park Biesdorf	NL 21150,11925 21132,11943 21100,11960 20862,12027 20810,12031
Albert-Brodersen-Allee	NL 20862,12027 20836,11768
(Altvaterstr. - Spanische Allee)	NL -3223,3034 -3368,2942 -3378,2936
(An der Güterbahn)	NL 15351,1653 15205,1670 15110,1732 14986,1820
(An der Güterbahn)	NL 14988,1860 14948,1878 14888,1869
(An der Güterbahn)	NL 14898,1834 14676,1777
(Sollmannweg - Matthäusweg)	NL 14865,1952 14888,1869 14895,1842 14898,1834 14962,1667 14996,1564
(Matthäusweg - Friedrich-Kayßler-Weg)	NL 14962,1667 14982,1714 14985,1801 14986,1820 14988,1860 14993,2025 14994,2069
(Steinstr. - Tschaikowskiweg)	NL -7996,-2293 -8024,-2468
Rehsprung	NL -3521,1681 -3566,1678 -3620,1655 -3638,1582 -3646,1539 -3720,1464
(Rehsprung - An der Rehwiese)	NL -3521,1681 -3504,1707
Nymphenufer	NL -4048,1851 -3981,1764 -3872,1716 -3806,1644 -3741,1591 -3638,1582
#: by: Uwe Borgenhagen vvv
(Buchbinderweg - Zittauer Str.)	NL 16485,1162 16435,1063 16419,1048 16387,976 16342,959
#: by: ^^^
(Engelwiese)	NL 14974,10018 15050,10160 15054,10168 15097,10255 15101,10263
(Hoher Wallgraben - Hegemeisterweg)	NL 18099,8048 18119,7996 18287,7815
# Straßenlaternen existieren hier: Wuhlheide	NL 19338,7148 19223,7189 19084,7009 19069,6928 19052,6823 18948,6578
# Straßenlaternen existieren hier: Wuhlheide	NL 19276,6359 19407,6660
#: by: Xenia (cocosnuss...):
Rudi-Dutschke-Weg	NL 2627,5095 2913,5294
#: note: geraten:
(Mauerweg im Landschaftspark Rudower Höhe)	NL 18256,-309 18393,-164 18515,19 18608,232 18709,601 18735,832 18737,1049 18716,1249 18701,1344 18673,1487 18649,1600 18594,1727 18580,2121
#: note: geraten:
(Neues Ufer - Kaiserin-Augusta-Allee)	NL 4456,12918 4514,12936 4581,13066 4576,13115 4547,13139 4561,13233
(Siegfriedstr. - Herzbergstr.)	NL 16865,13000 17041,12995 17114,13019 17170,13070 17234,13081 17257,13117 17219,13430 17203,13519
(Siegfriedstr. - Herzbergstr.)	NL 17219,13430 17300,13459
Oberjägerweg	NL -6603,17532 -6547,17884 -6501,17981 -6635,18128 -5708,19113 -5209,19643 -5024,19831 -4844,20024 -4559,20331 -4472,20411
Blockpark	NL 16303,10760 16246,10641 16187,10587
#: note: geraten:
(Adlergestell - Langer See)	NL 26698,-2322 26846,-2176 26905,-2116
(Rohrwallallee - Windwallstr.)	NL 26662,-1916 26846,-2176
(Müggelschlößchenweg - Uferweg)	NL 25132,4385 25131,4400
#: note: geraten:
Müggelschlößchenweg	NL 25396,4417 25132,4385 24181,4270
#: by: Daniel (mag645):
(Deutschhofer Allee - Unter den Birken)	NL 21940,8158 22077,8104 22199,8028 22600,7711
#: note: Laternen existieren, aber fast alle waren am 2009-11-16 ausgeschaltet vvv
(Volkspark Anton Saefkow)	NL 13242,14458 13195,14487 13053,14578 13026,14602 13051,14629 13102,14630 13231,14583 13266,14541 13301,14516
(Volkspark Anton Saefkow)	NL 13026,14602 13007,14615 12982,14629 12964,14634 12932,14640 12900,14637 12888,14625 12901,14594
(Volkspark Anton Saefkow)	NL 13195,14487 13169,14532 13233,14509 13246,14515 13266,14541
#: note ^^^
Plänterwald	NL 16136,7886 16534,8182
(James-Franck-Str. - Arthur-Müller-Str.)	NL 18601,2971 18583,2972 18390,2972 18379,2972 18361,2972 18229,2973 18220,2973 18196,2974
# Orankestrand: beleuchtet	Lit 15871,16399 15782,16277 15731,16208 15664,16115 15599,16077 15479,16072
# Am Orankesee: beleuchtet	Lit 15479,16072 15484,15909 15581,15846 15703,15953 15856,15924
(Cheruskerpark)	NL 7437,8712 7403,8693 7369,8583 7352,8390 7283,8265 7250,8223
#XXX del? (Grünes Band)	NL 15349,11911 15298,11892 15327,11724 15328,11636
(Grünes Band)	NL 15328,11636 15377,11555 15412,11510 15414,11487 15445,11455 15515,11416
(Rhinstr. - Arendsweg/Landsberger Allee)	NL 18015,13846 17300,14133 17319,14159 17230,14206 17221,14268
