#: title: Unbeleuchtete Straßen
#:
Görlitzer Park	NL 12817,9964 12855,10035 12869,10071 12904,10141 12911,10156
Görlitzer Park	NL 12802,10097 12869,10071 13145,9920
Görlitzer Park	NL 12507,10130 12559,10220 12603,10312
Görlitzer Park	NL 12670,10176 12559,10220 12459,10256 12406,10368 12328,10442
Hasenheide	NL 10709,9192 11128,9100
Hasenheide	NL 11627,8485 11253,8565
Hasenheide	NL 11253,8565 11104,8559 11020,8596 10957,8573 10911,8457
Carl-Herz-Ufer	NL 10168,10085 10061,10068
Am Landwehrkanal	NL 10080,10199 10228,10151 10511,10128
Böcklerpark	NL 10885,10045 10955,10105
Bellevueallee (nur nachts)	NL 7039,12314 7383,12095 7460,12054 7663,11946 8006,11766 8172,11679
Am Heidekampgraben	NL 15053,7966 14969,7580 15162,7281 15342,7013 15563,6683 15577,6518 15478,6343 15422,6228 15365,6126
Am Landwehrkanal	NL 12724,9545 12919,9584 12981,9672 13086,9825
AM Teltowkanal	NL 8590,4976 8772,5081 8881,5143 9185,5271
Am Teltowkanal	NL 8637,4980 8590,4976 8242,4648 7990,4420
Am Teltowkanal	NL 7921,4451 7757,4294 7676,4216
Weg über Autobahntunnel	NL 12981,6371 12810,6339 12634,6304 12455,6273 12246,6227 12222,6273 11849,6196
Uferweg am Plänterwald/Treptower Park	NL 16678,7475 16649,7570 16619,7831 16692,8166 16604,8576 16529,8845 16449,9011 16319,9149 16259,9182 16129,9189 15969,9102 15793,8984 15653,8989 15533,9070 15513,9144 15432,9322 15321,9448 15147,9574 14910,9643 14642,9763
(Treptower Park: am Rosengarten)	NL 14811,9449 14910,9643
(Treptower Park: südl./westl. des Karpfenteichs)	NL 15383,8662 15323,8717 15036,8728 14949,8773 14906,8822 14854,8964
(Treptower Park: nördl. des Karpfenteichs)	NL 14614,9052 14854,8964 15000,8905 15152,8926 15192,8966
(Treptower Park: östl. des Karpfenteichs)	NL 15323,8717 15152,8926
(Treptower Park)	NL 14310,9692 14304,9538 14494,9252 14576,9194
(Treptower Park)	NL 14242,9448 14304,9538 14384,9565 14512,9528 14748,9420
(Treptower Park: zur Karpfenteichstr.)	NL 14858,8793 14906,8822
(Alt-Treptow - Insel der Jugend)	NL 15550,8888 15653,8989 15675,9090
Coppistr. - Nöldnerplatz (?)	NL 15735,11280 15735,11201 15779,10970 15738,10962
Königsweg/Kronprinzessinnenweg	NL 425,8766 -348,7641 -643,7252 -903,6923 -927,6888 -2235,5128 -3296,3686 -3758,3054 -4001,2858
Havelchaussee	NL -3296,3686 -3490,4212 -3605,4520 -3729,4687 -3807,4794 -3872,4953 -3947,5129 -4072,5227 -4003,5621 -3944,6034 -3856,6152 -3723,6254 -3606,6407 -3598,6572 -3589,6721 -3475,6780 -3377,6797 -3355,6874 -3506,7699 -3531,7825 -3536,7856 -3561,7964 -3615,8496 -3552,8557 -3379,8590 -3277,8728 -3073,9061 -3140,9294 -3304,9470 -3361,9535 -3423,9642 -3374,9755 -3164,9922 -3011,10103 -2761,10323
Am Postfenn	NL -2761,10323 -2571,10258 -2315,10215 -2142,10270 -1926,10251 -1846,10292 -1537,10627 -1490,10709 -1487,10808 -1499,10990
Alte Spandauer Poststr.	NL -1415,9144 -1482,9276 -1512,9438 -1495,9518 -1448,9644 -1453,9748 -1491,9801 -1602,9915 -1846,10292
Havelweg	NL -2956,9307 -3140,9294 -3235,9267 -3250,9081 -3451,8840 -3809,8847 -4001,8880
Zum Schildhorn	NL -3796,9439 -3597,9446
Straße am Schildhorn	NL -3597,9446 -3456,9479 -3423,9642
Teltower Weg	NL -903,6923 -1008,7427 -1112,7891 -1317,8836 -1336,9001 -1415,9144
Teltower Weg	NL -739,6838 -813,6755 -439,6255 -359,6181 -288,6101 -174,5941 -107,5880
Neuer Schildhornweg	NL -1047,9123 -942,9251 -743,9364 -404,9456 -252,9466 71,9429 316,9338 383,9305 682,9101
Verbindungschaussee	NL -445,9627 -404,9456 -346,9173 -310,8989 -345,8899 -1112,7891 -1328,7597 -1851,6887 -1925,6790 -2834,5578 -3605,4520
Parforceweg	NL -643,7252 -728,7310 -1008,7427 -1142,7493 -1308,7558 -1328,7597 -1787,7932 -1843,8128 -2028,8270 -2078,8217 -2117,8204 -2156,8208 -2294,8232 -2386,8282
Hüttenweg	NL -1851,6887 -1493,6984 -1241,7017 -1006,6911 -927,6888
(Grunewald?)	NL -2080,6897 -2230,6909 -2366,6869 -2468,6839 -2581,6834 -2668,6862 -2805,6884 -2981,6941 -3128,6923 -3242,6884 -3306,6779 -3418,6747 -3475,6780
(Grunewald?)	NL -1851,6887 -1925,6790
(Grunewald?)	NL -1925,6790 -2080,6897
Schwarzer Weg (Grunewald)	NL -4003,5621 -3877,5570 -3845,5575 -3794,5604 -3603,5748 -3275,5847 -3226,5870 -3156,5926 -2986,5996 -2705,6355 -2686,6489 -2638,6641 -2632,6789 -2668,6862 -2634,6907 -2549,6948 -2547,7055 -2524,7141 -2546,7240 -2563,7353 -2639,7452 -2675,7622
Saubuchtweg	NL -2675,7622 -2677,7696 -2804,7915 -2859,7946 -2890,7994 -2975,8172 -2981,8350 -2962,8493 -2965,8705 -2983,8841 -3073,9061
Schildhornweg	NL 682,9101 197,9069 30,9105 -97,9196 -346,9173 -851,9155 -1047,9123 -1188,9090 -1279,9093 -1415,9144 -1553,9161 -1638,9152 -1877,9092 -2090,9075 -2297,9103 -2672,9220 -2956,9307 -2967,9320 -3304,9470
Hüttenweg	NL -927,6888 -739,6838 -130,6694 218,6571 297,6541 441,6435 486,6404 605,6345 736,6217 869,6085 884,5974 894,5829 910,5654 1051,5525 1086,5491 1234,5358 1368,5235 1399,5208 1506,5169 1535,5155 1585,5136
Verl. Pücklerstr.	NL 1558,6729 1170,6654 967,6620 905,6631 880,6645 832,6607 778,6603 698,6567 546,6583 369,6594 218,6571
(Im Jagen, Verlängerung)	NL 1375,6138 1074,6449 909,6584 905,6631
Fischerhüttenweg	NL -1274,4367 -1371,4424 -1424,4504 -2121,5039 -2235,5128 -2834,5578 -3129,5798 -3226,5870
Fischerhüttenweg	NL -3443,6036 -3723,6254
Pfaueninselchaussee	NL -8540,2209 -8468,2152 -8400,2156 -8284,2156 -8106,2034 -7866,1862 -7640,1837 -7443,1915 -7165,1978 -6903,1906 -6784,1815 -6648,1613 -6577,1395 -6492,1204 -6441,1139
Uferpromenade	NL -6439,3418 -6510,3404 -6667,3312 -6766,3209 -6792,3196 -6912,3080 -6975,3012 -7129,2786 -7161,2692 -7180,2657 -7216,2622 -7318,2567 -7420,2563 -7562,2431 -7833,2277 -8085,2252 -8141,2211 -8262,2178 -8328,2181 -8400,2156
Haveleck	NL -5722,2714 -5653,2807 -5712,2946 -5745,2990 -5820,3035 -5919,3092 -6215,3384 -6260,3398 -6375,3400 -6439,3418
(Moorlake - Pfaueninsel)	NL -9606,1389 -9647,1462 -9673,1519 -9663,1622 -9632,1672 -9584,1703 -9511,1739 -9444,1820 -9393,1831 -9108,1798 -9016,1782 -8934,1801 -8861,1855 -8747,2023 -8636,2102 -8591,2144 -8540,2209
(Volkspark Klein-Glienicke)	NL -9606,1389 -9734,1394 -9746,1408 -9770,1482 -9818,1530 -9900,1573 -9975,1564 -10044,1567 -10078,1551 -10163,1288 -10209,1161 -10273,1088 -10430,848 -10512,683 -10573,564 -10587,471
Nikolskoer Weg	NL -9412,546 -9500,827 -9443,1035 -9333,1124 -9252,1244 -9085,1347 -9053,1471 -9000,1580 -8775,1748 -8759,1793 -8489,2088 -8468,2152
Moorlakeweg	NL -9085,1347 -9224,1417 -9284,1468 -9353,1464 -9440,1413 -9606,1389
Königstr.	NL -10587,471 -10269,445 -10052,521 -9730,498 -9412,546 -8357,726 -8169,760 -8045,788 -7622,881 -7408,928
Klein-Glienicke - HMI	NL -9313,54 -8629,175 -8387,190 -8398,242 -8301,326 -8021,393 -7844,392 -7732,313
Griebnitzseepromenade	NL -7266,-450 -7318,-515 -7358,-605 -7495,-716 -7585,-736 -7759,-850 -7908,-989 -8071,-1144 -8119,-1211 -8207,-1240 -8253,-1241 -8294,-1163 -8404,-1074 -8495,-1054 -8605,-995 -8628,-959 -8652,-865 -8733,-751 -8770,-720 -8886,-708 -8927,-642 -9009,-582 -9138,-521 -9182,-515 -9183,-381 -9208,-357 -9261,-272 -9399,-139
(Forst Düppel)	NL -6009,559 -6306,251 -6353,189 -6485,70 -6627,-56 -7067,-36
Kurfürstenweg	NL -5983,-648 -5863,-426 -5762,-145 -5752,-44 -5658,135 -5567,231 -5539,308 -5376,450 -5295,545 -5155,758 -4974,900
Königsweg (Zehlendorf)	NL -6928,-1076 -6807,-1093 -6395,-887 -5983,-648 -4257,328 -3161,975
Königsweg (Zehlendorf)	NL -2618,1281 -2043,1596 -1581,1850 -1303,2003 -1088,2134
Stahnsdorfer Damm	NL -4717,694 -4257,328 -3985,115
Schwarzer Weg (Tegel)	NL 1317,21112 1311,21078 1204,21016 1043,20993 903,20980 862,20949 666,20723 571,20595 304,20466 249,20413 207,20313 55,19792 23,19677 -38,19605 -116,19576 -244,19494 -487,19210 -570,19070 -566,18984 -570,18865 -593,18795 -707,18630 -792,18564 -820,18524 -884,18325 -994,18204 -1070,18094
Konradshöher Str.	NL -81,21387 -85,21143 -161,21003 -204,20861 -290,20665 -823,20184 -1165,19876
Heiligenseestr.	NL -410,21496 -249,21420 -81,21387 415,21334 469,21303 598,21257 886,21221 1317,21112
Ruppiner Chaussee (?)	NL 1344,21448 1254,21718 1138,21895 992,22018 506,22266
Am Eichenhain (Verlängerung)	NL 902,23844 808,23760 747,23640 716,23487 724,23349 744,23034 709,22828 707,22719 695,22694
Verlängerte Schulzendorfer Str.	NL 2155,22453 2060,22419 2011,22408 1874,22412 1827,22404 1659,22383 1583,22376 1524,22368 1468,22359 1411,22365 1266,22401 1094,22504 742,22666 695,22694 676,22667 598,22633 525,22614 439,22620 266,22584 240,22554
Rote Chaussee (?)	NL -474,23882 -434,23846 142,24357 237,24374 609,24215 764,24065 831,24054 905,24113
Bernauer Str. (?)	NL 901,18732 600,18472 127,17176 -198,16187
(Wuhlewanderweg)	NL 22242,11269 22244,11311 22073,11581 21886,11843 21914,12019
(Wuhlewanderweg) (?)	NL 22409,15128 22430,15079 22532,15018 22762,14596 22726,14353 22759,14214 22671,14083 22598,14052 22274,13648 22251,13561 22191,13414 22207,13054 22168,12931 21930,12185 21935,12160
(Wuhlewanderweg) (?)	NL 22326,11266 22290,11122 22271,10971 22222,10847 22148,10769 21867,10733 21791,10623 21666,10509 21606,10266 21668,10001 21668,9885
(Wuhlewanderweg, westliches Ufer) (?)	NL 21351,9066 21280,8954 21210,8898 21181,8766 21185,8483 21276,8374 21348,8254 21568,8052 21598,7922 21587,7865 21547,7780 21546,7635
(Wuhlewanderweg, östliches Ufer) (?)	NL 21323,8481 21333,8355 21376,8297 21594,8107 21627,8024 21630,7933 21616,7863 21581,7786 21604,7715 21592,7643 21613,7521 21590,7414 21569,7273 21609,7202 21897,6952 21976,6848 22054,6622
(Wuhlewanderweg, westliches Ufer) (?)	NL 22025,6612 22099,6401 22150,6324 22214,6271 22225,6244 22238,6195
(Wuhlewanderweg, östliches Ufer) (?)	NL 22240,6118 22135,5882 22079,5873 21846,5856 21744,5804 21630,5671
(Wuhlheide/FEZ)	NL 19934,5956 20293,6278 20200,6321 20262,6493 20225,6631 20439,7124
(Wuhlheide/R1)	NL 20440,6221 20293,6278 20200,6321 20021,6402 18186,7200 18052,7148
Verlängerte Birnbaumer Str.	NL 20887,7267 20858,7143 21576,6644
(Wuhlheide, An der alten Försterei)	NL 21378,5843 22012,6219
(An der Müggelspree)	NL 23441,4956 23468,5075 23620,5096 23776,5040 23982,5030 24233,4878 24398,4842 24834,4541 25023,4441 25102,4408 25427,4482 25479,4540 25565,4549
Am Müggelsee	NL 25565,4549 25477,4419 25396,4417 25347,4320 25373,4266 25318,4204 25238,3842 25251,3590 25261,3253 25275,3181 25346,2956 25474,2848 25819,2658 26006,2615 26151,2624 26339,2667 26457,2660 26627,2610 26868,2580 27135,2500 27173,2444 27267,2414 27372,2434 27517,2523 27565,2569 27743,2842 27822,2910 27945,3006 28292,3150 28496,3253 28588,3285 28703,3302
(Am Kleinen Müggelsee)	NL 28723,3098 28748,2963 28783,2916 28862,2916 29532,2556 29738,2467 29899,2399 29964,2422
(Zum Kleinen Müggelsee)	NL 29118,3277 28973,3296 28829,3295 28723,3214 28723,3098 28639,3005 28442,2926 28359,2722 28038,2476 27839,2402 27603,1531
Zum Müggelturm	NL 25011,2907 25006,2815 24984,2701 24972,2583 24974,2509 24628,2062 24620,1993 24619,1931 24889,1743 24973,1690 25269,1598 25438,1638 25573,1609 25716,1578 25716,1492
(Waldweg)	NL 24972,2583 25496,2429
(Kuhwall)	NL 24984,2928 25034,3006 25162,3085 25275,3181
(Am Stichkanal)	NL 22832,4491 22702,4592 22585,4634 22472,4572
(Am Teltowkanal) (?)	NL 3268,828 3304,832 3362,898 3376,945 3366,1007 3458,1063 3619,1207 3695,1308 3743,1385
Promenade, am Teltowkanal (?)	NL 3690,1436 4053,2300 4193,2616 4224,2659 4582,3076 4787,3342 4801,3370
Paul-Schwarz-Promenade (?)	NL 4801,3370 4825,3402 4970,3684 5093,3912 5145,3984 5236,4078 5533,4267 5557,4294
Kohlhasenbrücker Str.	NL -7210,-1060 -7145,-961 -7082,-863 -7051,-726 -7075,-406 -7067,-36 -7053,129 -7070,227
Stölpchenweg	NL -7266,-450 -7298,-322 -7447,-138 -7476,-65
Am Volkspark (?)	NL 5934,8220 5745,8194 5669,8207 5444,8406
Volkspark Wilmersdorf	NL 5919,8417 5805,8352 5666,8345 5533,8478 5531,8458
Volkspark Wilmersdorf	NL 5417,8519 5347,8562
Onkel-Tom-Str. (?)	NL 103,5123 86,5337 63,5600 -107,5880 -150,6168 -130,6694
Koenigsallee (?)	NL -130,6694 674,7758 761,7922 864,8110
Am Flutgraben	NL 13333,9929 13412,9935 13579,10146
Maienwerder Weg (?)	NL 2829,18817 2649,18542 2468,18410 2316,18288 2239,18225 1549,17718 1293,17560 127,17176
(Der Breite Weg) (?)	NL 1464,17373 1549,17718 1687,18141
(Uferweg) (?)	NL -389,17140 -280,17229 -266,17335 -215,17385 -141,17377 61,17495 110,17489 151,17537 187,17663 235,17704 260,17788 258,17880 381,18186 416,18386 448,18476 496,18514 586,18540 680,18631 757,18673 768,18742 970,18919 1006,18972 1122,19036 1189,19018 1200,18969 1369,18958 1457,18969 1490,18950
(Nordufer des Flughafensees) (?)	NL 3108,18083 2801,18126 2775,18160 2239,18225
(Uferweg am Urbanhafen)	NL 11177,9935 11052,9935 10923,9925 10522,10056 10490,10080
(Am Bahndamm) (?)	NL 8173,3299 8103,3354 7784,4221 7757,4294
Tiergarten	NL 7663,11946 7570,11855 7223,11897 7073,11798 6778,11742 6540,11754
Tiergarten (?)	NL 8214,12205 8220,11844 8223,11700
Große Querallee (?)	NL 7875,12363 7816,12150
Entlastungsstraße	NL 8063,12182 8056,12061 8129,11735 8172,11679
(Weg am Tempodrom)	NL 8939,10657 8854,10712 8790,10706 8722,10783
(Lessinghöhe)	NL 12578,7973 12582,7909 12644,7688
(Thomashöhe)	NL 12644,7688 12682,7514 12685,7497
(Uferweg Plötzensee)	NL 5618,14981 5518,15236 5291,15424 5050,15643 5084,15415 5018,15228
(Volkspark Friedrichshain)	NL 12325,13148 12344,13157 12372,13198 12382,13262 12474,13311 12438,13387 12483,13418 12446,13570 12336,13646 12403,13755
(Volkspark Friedrichshain)	NL 12336,13646 12128,13604 12115,13540 12005,13481 11982,13471
(Volkspark Friedrichshain)	NL 12128,13604 12185,13717
(Volkspark Friedrichshain)	NL 12115,13540 12091,13449 12088,13403
Richtung Grunewaldturm	NL -1638,9152 -1857,8964 -2368,8457 -2386,8282 -2561,8110 -2890,7994 -3212,8024 -3536,7856
(Uferweg am Schlachtensee)	NL -3348,3055 -3384,3212 -3324,3382 -3087,3646 -2937,3740 -2813,3775 -2494,3758 -2347,3884 -2080,4228 -1935,4303 -1831,4300 -1531,4159 -1391,4135 -1353,4205 -1278,4239
(Weg am Teufelssee)	NL -898,9375 -942,9251 -1047,9123
(Zur Fähre)	NL 28973,3296 29067,3369 29064,3401
(Am Langen See)	NL 23747,1243 23968,1352 24343,1155 24462,988 24652,915 24949,806 25333,834 25559,890 25881,817 26052,520 26041,228 26385,-195 26423,-140 26628,-313 26687,-316 26751,-460 26944,-639 26952,-744 27141,-785 27329,-1183 27365,-1357 27357,-1545
(Zur Krampenburg)	NL 27609,305 27571,262 27171,155 27273,-106 27407,-401 27552,-741 27559,-1365 27357,-1545 27323,-1671
(Zur Hirtenwiese)	NL 27273,-106 26687,-316
(Radweg am Müggelsee)	NL 28829,3295 28723,3283 28695,3245 28485,3206 27984,2995 27732,2671 27528,2469 27314,2282 27218,2300 26802,2374 26460,2428 26026,2532 25948,2474
(Müggelturm - Dahme)	NL 24889,1743 24652,915
(An der Krampe)	NL 28635,587 28513,488 28520,281 28430,259 28349,364 28300,364 28310,269 28265,157 28265,68 28213,-45 28199,-346 28107,-336 28008,-390 27978,-473 27847,-665 27803,-742 27759,-995 27727,-1078 27767,-1217 27758,-1358 27765,-1654 27695,-2161 27718,-2301 27932,-2444 27985,-2389 28144,-2262 28116,-2127 28163,-2013
(Am Seddinsee)	NL 28163,-2013 28338,-2265 28443,-2317 28527,-2347 28568,-2346 28794,-2258 28898,-1986 28841,-1872 29229,-1676 29204,-1545 29334,-1343 29475,-1275 29602,-1051 30028,-891 30162,-747 30218,-529 30570,-351 30778,-326
(Zum Seddinsee)	NL 30839,106 30859,-6 30778,-326
Müggelheimer Damm	NL 23368,3894 24984,2928 25011,2907 25496,2429 25570,2408 25886,2317 26720,2079 27093,1959 27603,1531
Gosener Landstr.	NL 28812,490 29372,561 29598,636 30217,398 30624,266 30839,106 31033,6
(Müggelbergallee - Zum Müggelturm)	NL 23669,1759 24528,1949 24628,2062
(Müggelturm - Müggelheim)	NL 24973,1690 25631,1317 26302,1048 26444,958 26783,721 27021,721 27151,729 27196,775
(Müggelturm - Marienlust)	NL 25631,1317 25558,997 25559,890
Zugang zum Naturpark Schöneberg	NL 7222,6458 7370,6451 7387,6452
Naturpark Schöneberg	NL 7251,6071 7272,6096 7387,6452 7737,7505 7772,7610 7718,7641
Virchowstr. (Volkspark Friedrichshain)	NL 12897,13402 12771,13603 12707,13706
(Wuhlewanderweg, östliches Ufer)	NL 22323,13533 22516,13799 22825,14109 22839,14149 22827,14356 22843,14497 22806,14631 22741,14761 22550,15087 22449,15127
Wuhlewanderweg (Ahrensfelder Berg)	NL 22631,16215 22690,16383 22699,16501 22735,16630 22722,16906 22611,17126 22432,17245 22240,17379 22103,17475 22002,17492
(entlang der S-Bahn)	NL 15337,24593 15647,25111 16114,25827
(Pankeweg)	NL 13953,23497 14265,23759 14356,23862 14625,24215 14869,24391 15337,24593
(Pankeweg)	NL 16294,25683 16042,25318 16171,25254
(Pankeweg)	NL 16172,25217 16117,25038 16126,24999 16057,24896 15647,25111
(zum Schönerlinder Weg)	NL 14009,24764 14231,24922 14396,24899 14501,24837 14869,24391
Hobrechtsfelder Chaussee	NL 14183,25020 14859,26029 15231,26587 15586,27150 15709,27984 15757,28054
Bucher Str.	NL 13220,23679 13589,24146 13684,24286 14009,24764 14183,25020
Ahornsteig	NL 8063,12182 8034,12093 8006,12074 7999,12049 8022,12016 8006,11766 7852,11721 7742,11639 7706,11612 7669,11586
Tiergarten	NL 8006,11766 8021,11636
Großer Weg	NL 5901,11902 5890,11865 5933,11775 6022,11757 6171,11790 6306,11771 6358,11724 6411,11678 6459,11638 6524,11583 6809,11570 6980,11583 7163,11738 7287,11763 7535,11677 7669,11586 7711,11558 7717,11540
Tiergartenufer	NL 5566,11860 5711,11841 5835,11768
(Lichtensteinallee - Tiergartenufer)	NL 6309,11443 6128,11500
Kufsteiner Str.	NL 5919,8417 5934,8220
(Park am Fennpfuhl)	NL 15232,13560 15252,13672 15323,13777 15253,13908 15183,13899 15066,14060
(NSG Fauler See)	NL 15918,16383 15965,16482 16386,16953
Straße 106	NL 14574,14646 14678,14853 14828,15039
Mauerweg	NL 7725,21247 7303,20639 7083,20584 6601,20542 6372,20467
An der Nordbahn	NL 6372,20467 6368,20440 6708,20152 7528,19469 8361,18778
Buddestr.	NL 8476,18773 8665,18570 8824,18475
Mauerweg Frohnau - Heiligensee	NL 1741,27539 1718,27255 1890,26974 1885,26869 1869,26304 1764,26166 1590,26049 1365,25967 945,25898 423,25980 387,25947 419,25691 542,25306 563,25037 546,24609 105,24545 -582,24527 -748,24558 -795,24497 -888,24507 -1589,24380 -1912,24442
Schönhorst	NL 31018,2167 30436,2282 30162,2279 29964,2422 30088,2499 29986,2544
Zu den Müggelheimer Wiesen	NL 29414,2373 29738,2467 29932,2560 29986,2544
Neuhelgoländer Weg	NL 29414,2373 29532,2556 29546,2825 29575,2927
Pelzlake	NL 32237,1913 32204,1892 32136,1859 31944,1859 31865,1794 31115,2105 31018,2167
(südlicher Uferweg an der Krummen Lanke)	NL -1274,4367 -1245,4414 -1185,4450 -1139,4575 -1134,4706 -971,4971 -724,5080 -604,5228
(Weg am Riemeisterfenn)	NL -604,5228 45,5307 86,5337
(Pappelplatz)	NL 425,8766 297,8894 197,8973 30,9105
(Weg am Müggelsee)	NL 27427,5188 27470,5093 27852,5017 28286,4943 28361,5068
(Waldweg)	NL 29075,4753 29092,4761 29704,5009
(Waldweg parallel zur Straßenbahn)	NL 30400,5409 32192,5915
Wanderweg Erkner - Hessenwinkel	NL 33533,2761 33293,2768 33086,2790 32972,2832
(Zu den Müggelheimer Wiesen)	NL 29899,2399 29549,2267 29414,2373
(Weg am Friedhof)	NL 11587,7260 12180,7387
(Stavanger Str. - Esplanade)	NL 10654,16729 10576,16824 10569,16910
Niederwallstr. - Spittelmarkt	NL 10124,11806 10182,11758
(Kynaststr. - Uferwanderweg)	NL 14828,10628 14906,10587
Am Rummelsburger See	NL 15453,10415 15456,10356 15518,10234 15625,10187 15828,9875 15931,9846 16046,9746 16262,9925
(Am Walde - Hegemeisterweg)	NL 17775,7874 17987,7973
Hegemeisterweg	NL 18387,7742 17987,7973 17803,8079
Barsekowstr.	NL 5344,4672 5417,4647 5476,4626 5589,4617
Stadtpark Steglitz	NL 5589,4617 5747,4697 5765,4693 5931,4659 6114,4709
(Stadtpark Steglitz)	NN 5809,4828 5826,4819 5909,4798 5945,4828 6018,4850
Bahndamm	NL 13282,9828 13476,9720 13951,9356
Bellevueufer	NL 6690,12637 7039,12314
Bettina-von-Arnim-Ufer	NL 7437,12368 7529,12496 7670,12576
(Baikalstr. - Rummelsburger Str.)	NL 17281,10598 17241,10865
nördliches Ufer am Teltowkanal	NL 7921,4451 8162,4725 8249,4769
(Spreeufer zwischen Schloßpark Charlottenburg und Fürstenbrunner Weg)	NL 3288,12700 3149,12800 3055,12973 2997,13402 2909,13542 2849,13638 2648,13638 2261,13526 1986,13650 1609,13487 1162,13484
Park Adlershof	NL 18882,3750 18442,3740 18293,3890 18126,4071
Park Adlershof	NL 18293,3890 18031,3737 17976,3735
Spreeuferweg	NL 5518,12159 5579,12231 5737,12281 5804,12362 5962,12553 6029,12693 6078,12848 6193,12867
Gartenufer	NL 5794,11624 6239,11399 6342,11353 6346,11326
(Weg in d. Kolonie Norderney)	NL 3596,6828 3607,6952 3582,6964
Franz-Cornelsen-Weg	NL 3593,7176 3597,7192 3612,7335 3639,7590
(Bad Kissingen)	NL 3639,7590 3652,7795
(Kolonieweg a. d. Forkenbeckstr.) 	NL 3225,8214 3230,8194 3635,8099 3709,8082 3753,8073 3771,8094
Claire-Waldoff-Weg	NL 3635,8099 3596,7550
(Parkweg - Dreipfuhl)	NL 1546,4319 1512,4198 1516,4180 1548,4168
(Parkweg - Dreipfuhl)	NL 1590,4309 1548,4168 1524,4054 1520,4006 1524,3882
(Parkweg - Dreipfuhl)	NL 1622,3990 1520,4006
(Parkweg - Dreipfuhl)	NL 1590,4309 1670,4477 1692,4575 1682,4607 1660,4615 1624,4601 1570,4449 1546,4319
(Parkweg - Dreipfuhl)	NL 1536,4457 1570,4449
(Parkweg - Dreipfuhl)	NL 1707,4468 1670,4477
(Parkweg - Dreipfuhl)	NL 1674,4661 1666,4637 1660,4615
(Parkweg - Dreipfuhl)	NL 1698,4653 1689,4630 1682,4607
(Parkweg - Dreipfuhl)	NL 1478,4206 1512,4198
(Verbindungsweg)	NL 11660,13457 11711,13416
(Friedenstr.)	NL 12131,13333 12138,13294 12097,13277 12069,13255
(Fußweg Büschingstr. - Mollstr.)	NL 11879,13133 11905,13069
(Volkspark Friedrichshain, parallel zur Friedenstr.)	NL 12386,13085 12387,13107 12344,13157 12194,13307 12148,13348 12088,13403 12005,13481 11943,13545 11857,13596 11823,13610 11772,13624
(Volkspark Friedrichshain)	NL 13100,13803 12987,13727 12965,13709 12829,13621 12771,13603
(Volkspark Friedrichshain)	NL 12829,13621 12887,13537 12925,13523 12991,13539 13025,13585 13023,13627 12965,13709 12915,13785 12877,13795 12825,13783 12793,13749 12783,13699 12829,13621
(Volkspark Friedrichshain)	NL 12915,13785 12937,13803 12887,13877 12879,13889
(Volkspark Friedrichshain)	NL 12937,13803 12987,13727
(Volkspark Friedrichshain)	NL 12825,13783 12813,13799 12805,13809
(Volkspark Friedrichshain)	NL 12403,13755 12436,13719 12482,13705 12594,13747 12658,13809
(Volkspark Friedrichshain)	NL 12771,13603 12737,13593 12727,13571 12582,13519 12483,13418
(Volkspark Friedrichshain)	NL 12483,13418 12605,13356
(Volkspark Friedrichshain)	NL 12438,13387 12344,13320 12248,13254
(Volkspark Friedrichshain)	NL 12382,13262 12344,13320 12290,13356 12176,13366 12148,13348
(Volkspark Friedrichshain)	NL 12128,13604 12024,13581 12052,13687
Apeldorner Weg	NL 3848,8689 3868,8759 3932,8989
(Wallenbergstr. - Rudolstätter Str.)	NL 4139,8485 4029,8482
