#: #: -*- coding: iso-8859-1 -*-
#: title: Grenze von Berlin und Postleitzahlgrenzen
#:
10781	Z 7950,9501 7485,9444 7497,9977 7082,10113 7002,10602 7606,10361 8075,10261 8095,10251 8033,10132 8031,9710
10829	Z 8122,8737 8239,9103 8256,9636 8031,9710 7917,9451 7397,8687 6534,7508 6893,7341 7271,7433 7450,7677 7492,7645 7235,7312 7256,6789 7580,6693 7686,6976 7871,7153 8052,7179 8219,7070 8244,7272 8011,7457 7889,7755 8205,8737 8122,8737
10961	Z 9786,9221 9197,9326 9301,9718 9437,10010 9406,10189 9836,10241 10554,10291 10467,10102 10631,9925 10553,9776 10391,9775 10330,9650 10689,9320 10696,9229 9786,9221
10963	Z 9195,11253 8718,11205 8617,11324 8437,10816 8583,10679 8498,10613 8320,10806 8184,10426 8033,10132 8031,9710 8256,9636 8567,9544 9052,9784 9301,9718 9437,10010 9406,10189 9381,10628 9195,11253
10965	Z 9213,8752 8205,8737 8122,8737 8239,9103 8256,9636 8567,9544 9052,9784 9301,9718 9197,9326 9786,9221 10696,9229 11602,9057 11606,8262 11501,8233 11504,8102 11122,8150 11078,8362 10209,8641 9388,8711 9380,8758 9310,8811 9238,8819 9213,8752
10967	Z 10696,9229 10689,9320 10330,9650 10391,9775 10553,9776 10631,9925 10467,10102 10875,9970 11196,9980 11522,10071 11918,9175 11820,8958 11602,9057 10696,9229
10969	Z 10875,9970 11184,10722 10812,10874 10904,11059 10786,11276 10685,11214 10496,11432 10406,11361 10352,11384 10106,11515 10022,11355 9195,11253 9381,10628 9406,10189 9836,10241 10554,10291 10467,10102 10875,9970
10997	Z 11659,11063 11816,11074 11993,11147 12158,11457 13262,10685 13614,10421 13483,10265 13583,10186 13544,10148 13442,10232 13301,10066 13182,9992 12351,10430 12047,10408 11492,10665 11659,11063
10999	Z 11184,10722 11308,10994 11469,11116 11659,11063 11492,10665 12047,10408 12351,10430 13182,9992 13301,10066 12839,9466 11522,10071 11196,9980 10875,9970 11184,10722
12047	Z 11522,10071 12618,9570 12250,8935 11910,9123 11918,9175 11522,10071
12101	Z 8205,8737 9213,8752 9238,8819 9310,8811 9380,8758 9388,8711 10209,8641 11078,8362 11122,8150 11379,6708 10714,6607 10292,6694 9726,7004 9132,7258 8893,7299 8244,7272 8011,7457 7889,7755 8205,8737
12207	Z 3332,1028 3319,843 3263,812 4405,-886 4527,-720 5445,-132 4480,1305 4890,1951 5294,2387 5272,2403 5520,2841 5576,3034 5355,3691 5201,3995 5113,4191 4567,3858 4611,3630 4154,2712 3413,1659 3097,1415 3332,1028
13465	Z 1867,28177 2195,28088 2638,28036 3026,28030 3505,28080 3702,27828 3067,27385 3625,26359 3672,26365 3698,26193 3598,25934 3519,25868 3544,25644 3483,25623 3539,25414 3777,24880 3755,24877 3744,24837 3776,24808 3736,24750 3265,24547 3263,24505 3852,24612 3852,24514 2420,24255 2401,24341 1766,24221 1275,24254 680,24404 714,25194 535,25725 493,25944 1016,25827 1326,25893 1461,25889 1949,25996 2028,27263 1814,27280 1867,28177
13467	Z 2420,24255 2112,23915 2673,23298 1860,22565 2444,21912 2266,21659 2082,21660 1913,21552 2054,21301 2584,21696 2734,21992 3138,22169 3364,22009 3831,22392 3913,22569 4138,22719 4237,22884 4810,22946 4996,23044 5172,23297 4965,23559 5151,23669 5631,24043 5413,24112 5288,24210 4685,24424 4402,24447 3852,24612 3852,24514 2420,24255
13469	Z 4996,23044 5172,23297 4965,23559 5151,23669 5631,24043 5737,24104 6562,24182 6579,24091 6812,24168 6966,24112 7119,23841 7164,23717 8084,23471 8228,23096 8286,22784 8288,22503 8229,22287 7401,22338 6684,22366 6460,22290 6398,22454 6322,22435 6400,22266 6127,22167 5829,22441 5663,22309 5629,22180 5377,22061 5086,22111 4914,22122 4774,22149 4576,22014 4794,21718 4722,21321 4208,21174 4114,21298 3815,21291 3651,21172 3397,21548 3138,22169 3364,22009 3831,22392 3913,22569 4138,22719 4237,22884 4810,22946 4996,23044
13503	Z 1275,24254 1766,24221 2401,24341 2420,24255 2112,23915 2673,23298 1860,22565 2444,21912 2266,21659 2082,21660 1913,21552 1768,21463 1340,21073 596,21220 -216,21374 -334,21421 -366,21277 -825,21198 -1643,21367 -2097,21498 -2611,21358 -2904,21068 -3098,21278 -3245,21514 -3478,21822 -3523,22088 -3435,22183 -3195,22324 -2658,23498 -2530,23607 -2321,24120 -2279,24523 -1904,24524 -1906,24484 -1607,24427 -793,24539 -477,24427 372,24488 680,24404 1275,24254
13505	Z -1643,21367 -2097,21498 -2611,21358 -2904,21068 -2403,20627 -2295,20386 -2423,19963 -2528,19653 -2347,19233 -2345,18917 -2192,18683 -1912,18455 -1851,18341 -1852,18193 -1719,17813 -1644,17679 -706,17732 -268,17663 -132,18574 -159,18985 1084,19634 997,19904 713,20169 688,20736 926,20973 1153,20993 1340,21073 596,21220 -216,21374 -334,21421 -366,21277 -825,21198 -1643,21367
13587	Z -2423,19963 -3094,20052 -3148,19849 -3581,20088 -4217,20239 -4651,20568 -4859,20632 -5077,20733 -5397,20773 -5505,20889 -5796,20966 -6018,21154 -6508,21017 -6731,20790 -7047,20349 -7434,20121 -7809,19997 -7965,19850 -8268,19777 -8443,19812 -8479,19696 -8432,19682 -8495,19397 -8352,19383 -8164,18980 -7816,19094 -7697,19069 -7365,19225 -6989,19420 -6880,19267 -6721,18721 -5800,17836 -5171,17334 -4817,17199 -4688,17039 -4250,16973 -4002,16949 -3796,17074 -3677,16376 -3004,16433 -2787,16361 -2815,16319 -3069,16367 -3060,16197 -2576,16154 -2457,16087 -2066,16059 -2032,16615 -1640,17287 -1659,17348 -1600,17547 -1644,17679 -1719,17813 -1852,18193 -1851,18341 -1912,18455 -2192,18683 -2345,18917 -2347,19233 -2528,19653 -2423,19963
13589	Z -6721,18721 -6701,18292 -6779,17970 -6867,17918 -6928,17619 -7098,17301 -7114,16961 -7210,16865 -7180,16717 -7107,16211 -7152,16131 -7215,15779 -7127,15382 -6572,15231 -6357,15251 -6102,15168 -6033,15337 -5986,15543 -5822,15793 -5576,15729 -5547,15787 -4607,15517 -4561,15893 -4464,15919 -4152,15778 -4116,15912 -3819,16353 -3677,16376 -3796,17074 -4002,16949 -4250,16973 -4688,17039 -4817,17199 -5171,17334 -5800,17836 -6721,18721
13591	Z -7152,16131 -7196,16009 -7283,15968 -7304,15920 -7511,15963 -7848,15982 -7979,16048 -8292,16352 -8653,15012 -8560,14948 -8709,14182 -8813,13995 -8859,13769 -8975,13288 -9001,12355 -9071,11976 -8451,12017 -7712,12189 -7322,12296 -7284,12793 -7216,13160 -6330,12898 -6122,12918 -6095,12795 -5713,12855 -5845,13582 -6051,13580 -6191,13473 -6378,14254 -5982,14499 -5642,14559 -5646,14951 -5895,15014 -6102,15168 -6357,15251 -6572,15231 -7127,15382 -7215,15779 -7152,16131
13593	Z -7322,12296 -7217,12232 -7147,12056 -7023,12014 -6217,11531 -5639,11191 -6163,10521 -6587,9994 -5448,9395 -5149,9735 -5168,10245 -4850,10272 -4820,10578 -4862,11007 -4398,12184 -4346,12469 -5650,12864 -5713,12855 -6095,12795 -6122,12918 -6330,12898 -7216,13160 -7284,12793 -7322,12296
14089	Z -6587,9994 -8376,7754 -8772,7632 -8970,7578 -8950,7260 -9028,6994 -9382,6387 -9290,5370 -9324,4948 -9490,4579 -9072,4016 -8806,3827 -8811,3726 -8751,3567 -8535,3364 -8462,3511 -7953,3562 -7843,3681 -6788,3850 -6600,4022 -6001,4743 -5288,5279 -4850,5259 -4610,5682 -4345,5998 -4163,7070 -4162,7337 -4242,7826 -4053,8262 -4097,8453 -4265,8731 -4301,8996 -4235,9220 -4119,9400 -4111,9903 -3974,10045 -4850,10272 -5168,10245 -5149,9735 -5448,9395 -6587,9994
14109	Z -7953,3562 -8462,3511 -8535,3364 -8531,3290 -8593,3198 -8934,3010 -9142,2645 -9270,2588 -9216,2229 -9545,1936 -9611,1831 -9713,1794 -9769,1645 -9976,1712 -10019,1777 -10096,1798 -10180,1739 -10226,1585 -10349,1402 -10849,1142 -10720,454 -10688,243 -10572,201 -10492,119 -10222,4 -10117,157 -10131,208 -10205,241 -10283,412 -9997,495 -9973,160 -9720,45 -9684,65 -9661,34 -9571,75 -9552,332 -9572,440 -9521,451 -9402,402 -9366,235 -9268,240 -9258,136 -9337,120 -9329,26 -9478,-8 -9577,-3 -9588,-40 -9450,-64 -9407,-113 -9466,-240 -9279,-462 -9272,-539 -9222,-597 -8808,-792 -8623,-1057 -8294,-1375 -8181,-1383 -7833,-1178 -7744,-1080 -7644,-1171 -7429,-1245 -7619,-1299 -7594,-1424 -7364,-1426 -7863,-1909 -8158,-1962 -8195,-2165 -7905,-2408 -7837,-2391 -7751,-2409 -7683,-2240 -7774,-2257 -7932,-2085 -7408,-1523 -7077,-1304 -7080,-1371 -6903,-1497 -5995,-1650 -5327,-1586 -5129,-1443 -5176,-1202 -6079,-1385 -6077,-1277 -5982,-1013 -5985,-663 -4237,349 -3451,816 -3184,814 -2945,857 -2339,1085 -1988,1280 -2232,1753 -1881,1862 -1995,2237 -1567,2397 -1687,2707 -1398,2840 -1587,3282 -1505,3313 -1207,4346 -1317,4413 -1601,4083 -2022,4175 -2479,3645 -2958,3597 -3688,4816 -4254,4814 -4850,5259 -5288,5279 -6001,4743 -6600,4022 -6788,3850 -7843,3681 -7953,3562
14163	Z -1995,2237 -1881,1862 -2232,1753 -1988,1280 -1563,1465 -1509,1441 -741,1766 -742,1794 740,2594 701,2716 812,3106 686,3148 446,3638 417,3941 122,4832 43,5612 -686,5389 -1109,5084 -1294,4808 -1317,4413 -1207,4346 -1505,3313 -1587,3282 -1398,2840 -1687,2707 -1567,2397 -1995,2237
14165	Z -1509,1441 -1005,1396 -832,1451 -139,1506 -37,1232 12,878 40,731 98,118 79,58 98,9 154,-317 419,-183 722,-146 1006,-246 1325,-362 1470,-374 1364,-18 1308,492 1635,569 1622,610 1307,547 1029,1779 837,2115 740,2594 -742,1794 -741,1766 -1509,1441
14167	Z 1307,547 1622,610 1635,569 1308,492 1364,-18 1470,-374 1707,-346 1964,-217 3332,1028 3097,1415 2781,1273 2611,1656 3038,1853 3010,1902 2925,1873 2754,2241 2834,2307 2606,2830 2152,2825 2279,3523 740,2594 837,2115 1029,1779 1307,547
Berlin-Grenze	Z 5445,-132 6516,564 6502,107 7096,-463 7643,-907 8486,-1402 8396,-1986 8895,-2007 9204,-1981 9536,-1946 9639,-3118 10115,-3132 11108,-3231 11301,-3189 11285,-3241 11857,-3258 12288,-2178 11595,248 11629,478 12527,776 13551,1275 13606,1343 13718,1348 14086,1571 14666,1759 14823,1709 14945,1664 15226,841 15642,-180 15636,-249 15736,-547 15793,-1005 16055,-888 16541,-786 16828,-688 18269,-318 18273,-368 18681,-497 19038,-684 19238,-835 19825,-449 19733,-708 19733,-960 19594,-1522 19641,-1751 21582,-1801 22281,-1561 22846,-1403 23517,-1122 23613,-1258 23585,-1532 23639,-1637 23681,-1646 23675,-1821 23772,-1982 23989,-2024 24250,-2304 24297,-2417 24497,-2703 24494,-2780 24431,-2828 24493,-2970 24525,-3058 24499,-3305 25999,-2418 26323,-2979 26958,-2831 26975,-3388 26924,-3609 27030,-3646 27259,-3668 27248,-3747 27299,-3909 27277,-4161 27232,-4219 26887,-4486 26722,-4854 26746,-4967 26698,-5213 26707,-6142 26615,-6287 26667,-6540 26769,-6703 26934,-6833 27046,-7043 27179,-7059 27233,-7176 27438,-7234 27618,-7138 27675,-7066 27628,-6731 27779,-6375 27942,-6184 27940,-6112 28012,-5711 28135,-5617 28336,-5415 28355,-5272 28406,-5125 28533,-5002 28616,-5014 28571,-4833 28627,-4536 28764,-4281 28844,-4255 28925,-4048 29216,-3901 29474,-3700 29670,-3679 29848,-3764 30016,-3928 30224,-3869 30351,-3950 30369,-3920 30322,-3886 30419,-3842 30404,-3704 30562,-3523 30830,-3039 30910,-2780 30820,-2721 30681,-2751 30779,-2305 30530,-2374 30142,-2131 30025,-2156 29890,-2056 29933,-1904 29990,-1910 30014,-1801 30108,-1915 30334,-1745 30662,-1382 30707,-1196 30765,-1165 30741,-1299 30845,-1235 30997,-992 31061,-1003 31148,-964 31279,-784 31382,-782 31484,-651 31519,-668 31679,-496 31752,-458 31789,-361 31902,-272 31973,-268 32022,-363 32111,-373 32174,-332 32374,-419 32495,-340 32532,-263 32592,-281 32681,-198 32782,-245 32820,-195 32888,-255 33086,-6 33139,26 33138,265 33212,467 33422,610 33337,788 33303,886 33110,978 33036,1186 32815,1553 32803,1652 32897,1913 32879,2073 33304,2783 33432,2776 33551,2803 33555,2966 33384,3026 33459,3418 32885,3508 32583,3635 32266,3872 32265,3926 32634,3673 33009,3553 33481,3497 33646,3496 33709,4052 34144,4434 34516,4470 34399,3922 34795,3877 34867,4056 34502,4124 34609,4615 34387,4637 34532,4973 34461,4952 34320,5126 33732,5284 33628,5252 33450,5302 33097,5390 33094,5442 33010,5448 32903,5403 32655,5442 32065,6107 31744,6779 31567,6780 31431,6809 31063,7032 30761,7270 30722,7355 30563,7357 30791,6908 30876,6441 31026,6430 31043,6203 31027,5939 30982,5852 30747,5859 30542,5901 30571,6042 30485,6260 30477,6506 30333,6878 29994,6940 29934,6978 29718,6978 29449,7066 29161,7424 28992,7519 28533,7849 28370,7903 28359,7969 28135,7887 28047,7893 27766,8022 27596,8196 27068,8424 26741,8480 26703,8416 26273,8122 25925,7991 25747,7827 25553,7842 25519,7324 25544,7292 25402,7291 25422,7055 25304,7045 25333,7268 25279,7271 25285,7476 24993,7556 24855,7395 24593,7471 24940,7947 24732,8039 24825,8601 25810,10011 25517,10071 25420,10129 25603,10710 25726,11455 25974,12072 26249,12503 26620,12883 27433,13494 27658,13716 27528,14152 26982,14108 26624,14129 26416,14186 25828,14188 25434,14118 25411,14273 25378,14536 25426,14591 25348,15006 25577,14945 25631,14973 25893,14754 26242,15391 26210,15501 25968,15553 24994,15672 22759,16226 22690,16274 22778,16696 22721,17035 22535,17364 22500,17829 22433,18057 22450,18393 22391,18611 22201,18681 22130,18852 22014,18921 21878,18930 21447,18802 21368,18973 21279,19166 20876,19737 20511,20062 19938,20436 19952,20471 18598,20914 18288,20977 17297,20871 17108,21301 16650,22319 16494,22298 16602,22957 16919,23872 17054,23964 17076,24625 17468,24871 17882,25072 17954,25466 18114,26094 18170,26317 18196,26801 18015,26782 17934,27005 17509,26828 17299,26981 17131,26812 17197,27065 16924,27283 16796,27330 15960,27827 15591,28332 15781,29569 15549,29429 15097,29209 14912,29069 14850,29297 14948,29613 15197,30013 15144,30083 14988,29902 14882,30045 14257,29151 13824,29348 13232,28632 13452,28551 14034,28080 14269,28004 14787,27991 14838,27891 14827,27738 14534,27457 14387,27442 14107,27263 14066,27119 13949,27096 13884,27026 13387,27081 13390,27200 13104,27250 12892,27169 12772,27174 12666,27112 12650,27166 12626,27151 12552,26725 12158,26583 12120,26316 12193,25888 12119,25815 11736,25824 11533,25609 11016,26007 10832,26220 10852,26290 10826,26371 10691,26476 10384,26376 10306,26480 9691,26984 9584,26864 9462,26905 9269,26455 9150,26210 9187,26083 9074,25779 8873,25661 8726,25658 8623,25631 8679,25549 8475,25349 8417,25424 8259,25164 8254,25041 8312,24892 8162,24669 7887,24594 7817,24427 7692,24444 6966,24112
