RE1,RE2,RE7,RB14	RA 9181,12732 9289,12698 9432,12689 9619,12722 9687,12754 9858,12887 9950,12935 10208,12965 10295,12996 10478,13070 10575,13074 10664,13039 10856,12897 11099,12625 11152,12530 11200,12395 11268,12286 11318,12166 11398,12103 11678,11949 11805,11858 11894,11848 12002,11855 12445,11774 12535,11712 12796,11528 12911,11456 13109,11367 13571,11234 14136,11091 14693,10943 14847,10892
RE1,RE2,RE7,RB14,RB21,RB22	RA 3481,10820 3592,10862 3772,10920 3887,10959 4004,10977 4670,10930 5107,10895 5264,10899 5364,10945 5438,11016 5520,11186 5558,11251 5619,11373 5682,11535 5730,11706 5769,11839 5801,11967 5844,12087 6021,12373 6082,12479 6184,12568 6295,12619 6429,12635 6604,12628 7031,12578 7140,12599 7241,12649 7538,12899 7632,12983 7797,13137 7891,13186 8007,13225 8138,13237 8250,13233 8352,13195 8418,13142 8563,12928 8646,12854 8705,12823 8822,12819 8936,12819 9093,12766 9181,12732
RE3,RE4,RE5,RB10	RA 7786,13667 7637,13898 7408,14229 7306,14382
RE3,RE4,RE5,RB10	RA 7869,7674 8034,8207 8269,8893 8319,9198 8319,9530 8315,9899 8311,10244
RE3,RE4,RE5,RB10	RA::Tu 8311,10244 8292,10456 8324,10726 8403,11005 8502,11345 8522,11503 8308,12451 8278,12626 8144,12958 8007,13225 7786,13667
RE3,RE5	RA 7306,14382 7289,14564 7318,14703 7394,14820 7830,15200
RE3,RE5,RE6	RA 7830,15200 8556,15719 8731,15786 8870,15819 9019,15847 9144,15855 9363,15881
RE4,RB10	RA 7306,14382 7235,14454 7110,14515 6996,14538 6614,14465 6295,14430
RE4,RE6,RB10	RA 6295,14430 5299,14185 4216,13949 3705,13835 3352,13752
RE6	RA 6295,14430 6675,14512 6944,14562 7060,14610 7447,14907 7830,15200
	RBau 13877,-4646 14193,-4500 14580,-4521 15049,-4665 15729,-4815
	RBau 18437,-4267 19117,-3988 19396,-3795 19482,-3638 19661,-3141 19866,-3009 20149,-2846 21125,-2512 21304,-2400 21505,-2202 21670,-2086 23596,-1362 23745,-1231 23803,-1108 23830,-996 23774,-697
	RBau 23596,-1362 23862,-1325 24081,-1414 24263,-1586
	RBau::Tu 15729,-4815 16356,-4983 16850,-4922 17817,-4514 18437,-4267
RB12	RB 16997,18750 17607,18021
RB12,RB24,RB25	RB 16767,11787 16561,11595 16337,11392 16051,11227 15939,11208 15787,11190 15604,11256 15400,11346 15270,11363 15167,11344 15052,11262 15006,11202 14947,11122 14869,10984 14847,10892
RB12,RB25,RB26,RE66,RB24,RB66	RB 18962,12213 18666,12210 17996,12216 17546,12192 17271,12132 17005,11984 16767,11787
RB12,RB25,RE66,RB24,RB66	RB 18962,12213 19088,12246 19221,12301 19306,12370 19411,12488 19487,12678 19508,12835 19442,13300 19215,14227
RB12,RE66,RB24,RB66	RB 17607,18021 17928,17621 18509,16829 18639,16542 18741,16177 18922,15440 19215,14227
RB24	RB 14847,10892 14759,10424 14712,10337 14546,10124 14443,9988 14405,9935 14368,9864 14237,9579 14186,9430 14171,9316 14180,9252 14232,9150 14294,9084 14382,9012 14947,8417 15188,8170 15527,7787 15772,7516 15893,7396 16036,7261 16325,6957 16612,6662 16902,6397 17722,5573
RB24,RB24	RB 16036,7261 15960,7332
RB25	RB 19215,14227 19253,14497 19335,14840 19476,15130 19623,15444 20069,16334 20199,16562 20458,17110 20632,17447 21218,18601
RB26	RB 18962,12213 19185,12204 19358,12242 19474,12310 19618,12353 19801,12386 20055,12340 20194,12277 20377,12172 20481,12150 20624,12133 20717,12124 21171,12096 21562,12088 22121,12080 22655,12050 23043,12049 23653,12023 23946,12019 24487,12082
RE1,RE2,RE7,RB14,RB21,RB22	RB 2208,10221 2582,10406 2936,10583 3296,10753 3481,10820
RE1,RE7,RB21,RB22	RB -4635,1421 -4138,1836 -3964,1985 -3863,2089 -3825,2178 -3784,2358 -3736,2625 -3701,2870 -3556,3157 -3027,3873 -829,6837 -415,7400 -293,7534 -20,7804 81,7929 207,8110 262,8215 349,8431 443,8633 542,8798 628,8887 789,9046 923,9181 1151,9551 1206,9646 1347,9843 1443,9936 1529,9996 1683,10064 1856,10108 2017,10143 2208,10221
RE2,RB14	RB 2208,10221 2045,10114 1830,10060 1661,10054 1535,10088 1321,10175 1146,10286 1006,10491 922,10791 873,10952 795,11039 523,11223 385,11360 333,11485 164,12063 128,12319 65,12505 -9,12654 -122,12789 -348,13016 -748,13327
RE2,RE4,RE6,RB10,RB13,RB14	RB -748,13327 -925,13398 -1245,13488 -2168,13648 -2891,13780 -3146,13854 -3361,13966 -3663,14083 -4149,14167 -4766,14330 -5489,14498 -5606,14534
RE2,RE6,RB10,RB14	RB -5606,14534 -5819,14597 -6387,14841 -7785,15392 -8380,15635
RE3,RE4,RE5	RB 5440,2601 5485,2645 5730,2880 5912,3062 6041,3205 6153,3326 6371,3590 6426,3643 6803,4073 6877,4178 7031,4416 7153,4673 7214,4793 7412,5275 7450,5675 7869,7674
RE3,RE66,RB27,RB66	RB 14608,23364 14809,23679 15088,24137
RE4,RB13	RB -5606,14534 -5869,14532 -6331,14340 -6465,14308 -6683,14285 -7506,14349
RE4,RE6,RB10,RB13	RB -748,13327 -541,13249 -316,13237 757,13346 1200,13396 1719,13456 2411,13567 2695,13619 3352,13752
RB12	RC 14308,22061 13939,22503 13752,22704
RB12,RE66,RB24,RB66	RC 14308,22061 14443,21900 14631,21654 15645,20406 16997,18750
RB20	RC -18796,14887 -18757,15396 -18674,15799 -18525,16118 -18270,16500 -16411,18196 -15342,19183
RB20	RC -3566,27821 -3460,28077 -3246,28205 -1254,28793 1023,29499 1752,29840 2052,30053 2158,30267
RB20,RB21	RC -18752,-155 -18630,703 -18600,1638 -18609,2389 -18653,3012 -18616,3863 -18636,4186 -18698,4613 -18767,5015 -18868,5376 -19058,6033 -19150,6611 -19149,7085 -19127,8680 -19145,10636 -19029,11660 -19003,11857 -18869,12936 -18811,14018 -18796,14887
RB20,RB21,RB22	RC -17293,-1183 -17717,-1398 -18008,-1418 -18529,-1206 -18723,-1036 -18833,-721 -18752,-155
RB20,RB55	RC -3576,27376 -3539,26672 -3475,25993 -3368,25566
RB21	RC -18796,14887 -18927,15226 -19149,15409 -19377,15478 -19917,15570
RB22	RC 11898,-5865 10901,-6258
RB22	RC 1539,-8397 1155,-8679 773,-9022 -522,-9932 -835,-10074 -1138,-10105 -3368,-9848 -5329,-9810 -7117,-9463 -8229,-9316 -8595,-9253 -8916,-9167 -11202,-7672 -13768,-5931 -15983,-4170 -17344,-3122 -18072,-2482 -18575,-1812 -18825,-1275 -18825,-987 -18833,-721
RB22	RC 18055,-1466 18487,-1128 18697,-963 19065,-668 19316,-478 19732,-147 20039,110 20297,381 20413,525 20531,694 20772,1141 20907,1410 21018,1524 21149,1593 21308,1614 21544,1542
RB23	RC -14975,-1918 -15260,-2136 -15367,-2338 -15664,-3292 -15983,-4170 -16284,-4829 -16849,-5673 -17069,-5899 -17768,-6648 -17938,-6926 -18000,-7269 -17963,-7670 -17965,-7728 -18188,-8017 -18485,-8274 -18590,-8530 -18461,-9099 -18480,-9440 -18459,-9847 -18520,-10231 -18710,-10573 -18899,-11214 -19020,-11863 -19043,-11944 -19101,-12221 -19442,-12959 -19714,-14093 -19607,-14435 -19393,-14583 -19116,-14563
RB23,RB33	RC -19116,-14563 -18869,-14274
RB24	RC 21836,1288 21232,1551 21147,1607 21079,1696 21012,1873 20986,2066 20974,2168 20919,2310 20893,2381 20759,2506 20535,2703 20185,3085 19915,3386 19238,4084 18673,4677 18242,5034 17877,5358 17722,5573
RB25	RC 21218,18601 21332,18819 21665,19490 21778,19726 22324,20807 22394,20948 22551,21140 23005,21482 24078,22265 24307,22436 24718,22731 25117,23034 25321,23144 25623,23204 26968,23160 27112,23165 27254,23215 28633,23963 28720,24012 29414,24387 30688,25089 31801,25787 32026,25919 32471,26060 32838,26172
RB26	RC 24487,12082 25109,12196 25760,12327 26051,12368 26953,12513 27094,12535 28723,12824 30462,13112 30815,13170 34183,13746 34614,13831 35386,13954 36546,14154 36666,14172 39084,14573 39654,14564
RB27	RC 11951,34673 11942,34733 11865,34897 11791,34960 11382,35230 10080,36127 9929,36358 9439,36963 8729,38475 8698,38671
RB27	RC 15088,24137 15160,24309 15179,24445 15154,24573 15062,24763 14940,24935 14727,25028 14475,25095 14308,25196 14054,25372 13443,25825 12944,26163 12193,26705 11994,26884 11856,27074 11800,27210 11764,27363 11754,27432 11747,27627 11966,29491 11922,29874 11965,30598 11960,31040 12014,32447 11957,34472 11951,34673 11967,34849 12025,35002 12098,35155 12692,35782 12883,36155 13271,36723 14082,37744 14569,38769 14605,39023
RB27: Wensickendorf - Schmachtenhagen nur an Wochenenden	RC 8698,38671 8643,38865 8590,39367 8218,39700 7378,40295 6732,40676 5206,41006
RB36	RC 26348,-11950 26360,-11645 26380,-11565 26438,-11491 26923,-11084 27098,-11039 27207,-11049 27648,-11206 27752,-11240 28546,-11485 29163,-11538 29692,-11669 29916,-11692 30265,-11644 30518,-11491
RE1	RC -17293,-1183 -17847,-1269 -18163,-1357 -19426,-1710 -20359,-1956 -20700,-2020 -21337,-2080 -21828,-2017
RE1	RC 20247,7485 20724,7160 21040,6939 21668,6498 21887,6345 22080,6238 22266,6158 22407,6117 22530,6100 22613,6092 22775,6088 23214,6065 23596,6045 23813,6036 24023,6036 24642,6009 25491,6001 25760,5990 26283,5963 26697,5924 28539,5647 29986,5439 30692,5331 30917,5293 31132,5231 31307,5153 31507,5029 31659,4895 31785,4759 31906,4590 32003,4385 32154,4092 32323,3831 32465,3711 32654,3595 32819,3529 33034,3464 33639,3369 33921,3222 34093,3075 34153,2981 34218,2881 34245,2837 34385,2609 35023,1469 35309,1132 35675,891 36060,772 36632,735 39153,615
RE1,RB20,RB21,RB22	RC -14975,-1918 -15321,-1949 -15581,-1902 -15875,-1719 -15988,-1651 -16480,-1287 -16930,-1204 -17293,-1183
RE1,RB20,RB21,RB22,RB23	RC -12253,-1991 -12867,-1941 -13347,-1877 -13769,-1848 -13961,-1858 -14241,-1889 -14634,-1896 -14975,-1918
RE1,RB21,RB22	RC -7418,-1416 -7614,-1511 -7790,-1559 -8133,-1621 -10525,-1988 -11034,-2064 -11379,-2066 -12253,-1991
RE1,RE2,RE7,RB14	RC 14847,10892 15196,10792 15301,10761 15458,10717 15761,10557 15919,10430 16131,10242 16752,9873 17925,9070 18131,8960 18796,8492 20247,7485
RE1,RE7,RB21,RB22,RB33	RC -4635,1421 -4961,1138 -5073,1039 -5152,972 -5302,854 -5690,627 -5921,509 -6024,455 -6136,359 -6241,228 -6289,166 -6704,-478 -7005,-944 -7118,-1111 -7342,-1346 -7418,-1416
RE2	RC 21201,2066 21225,1893 21286,1767 21544,1542
RE2,RB10,RB14	RC -14995,18316 -16447,18895 -16937,19087
RE2,RB22	RC 21544,1542 21836,1288
RE2,RB24,RB22	RC 21836,1288 22143,965 22521,537 22981,116 23355,-262 23774,-697 23903,-852 24043,-1063 24159,-1330 24263,-1586 24872,-3095 25062,-3535 25269,-4041 25658,-5270 25860,-5869 25956,-6072 26040,-6233 26430,-7173 26539,-7440 26655,-7764 26710,-8144 26656,-8504 26479,-9206 26348,-9835 26329,-10214 26315,-10597 26348,-11950
RE2,RE6,RB10,RB14	RC -14995,18316 -13390,17659 -11091,16736 -9211,15964 -8380,15635
RE2,RE7,RB14	RC 21201,2066 21257,2238 21312,2430 21337,2517 21412,2821 21420,2991 21415,3204 21343,3523 21151,3983 21101,4237 21049,4770 20976,5678 20944,5825 20897,5975 20662,6367 20554,6555 20510,6687 20476,6807 20473,6937 20459,7191 20431,7267 20337,7388 20247,7485
RE3	RC 13827,22126 14004,22426 14210,22756
RE3	RC 25726,34974 23549,31301 23098,30545 22841,30263
RE3,RE4	RC 2529,-6832 2364,-7555 2139,-8563 1877,-10162 1617,-12044 1526,-12629 1526,-13330 1654,-16553 1611,-16962 1558,-17195 1448,-17454 1206,-17835
RE3,RE4,RE5	RC 5440,2601 5259,2317 5168,2214 4993,2045 4855,1876 4698,1651 4597,1519 4514,1370 4397,1104 4273,754 4149,362 4085,51 4021,-237 3575,-2172 2655,-6260
RE3,RE4,RE5	RC::Br 2655,-6260 2529,-6832
RE3,RE5	RC 9363,15881 9510,15896 9652,15914 9786,15950 9884,16021 9962,16165 9951,16352 9906,16605 9913,16910 9937,17060 10020,17169 10319,17466 10563,17689 10621,17757 10796,17924 10933,18048 11161,18280 11798,18926 11894,19036 12000,19204 12076,19329 12568,20137 12918,20692 13224,21155 13735,21981 13827,22126
RE3,RE66,RB24,RB66	RC 14210,22756 14253,22818 14542,23259 14608,23364
RE3,RE66,RB66,RE66,RB24,RB66	RC 15088,24137 15625,24961 16132,25743 16206,25846 16368,26042 16810,26492 17118,26775 17633,27219 18134,27677 18899,28383 19113,28576 19350,28731 22634,30097 22841,30263
RE4,RB13	RC -7506,14349 -13131,14910 -17129,15268 -18403,15479 -19247,15540
RE4,RB13,RB21	RC -19247,15540 -19917,15570 -20199,15594 -21187,15667
RE5	RC 10901,-6258 11063,-6246 11166,-6279 11264,-6368 11325,-6508 11371,-6779 11511,-7138
RE5	RC 13827,22126 13850,22200 13876,22344 13866,22474 13821,22604 13752,22704
RE5	RC 1539,-8397 1165,-8385 886,-8207 702,-7899 731,-7517 1051,-7191 1648,-6988 2089,-7085 2236,-7075 2388,-7002 2529,-6832
RE5,RB12	RC 13752,22704 13486,23003 13301,23212 12909,23662 12165,24522 11750,24998 11244,25570 10803,26006 10196,26582 9847,26908 9265,27443 9114,27542 8851,27676 5712,28711 5359,28848 3963,29489 2893,29994 2563,30259 2273,30610 2188,30809
RE5,RB12	RC 3963,29489 3628,29513 3456,29441 3334,29312 3273,29178 3210,28773 2956,28442 2698,28317 2310,28412 2159,28570 2135,28615 2082,28802 2087,29061 2158,30267
RE5,RB12,RB20	RC 2158,30267 2188,30809 2178,30996 2136,31373 2071,31665 1943,32102 1281,34251 430,36942 312,37185 151,37389 -199,37739 -436,38100 -672,38539
RE5,RB22	RC 10901,-6258 9806,-6639 7905,-6960 4974,-7452 4358,-7515 3635,-7623 2636,-7995 2206,-8149 1539,-8397
RE5,RE7	RC 11511,-7138 11601,-7560 11620,-7638 11875,-8728 11916,-8926 12689,-12237
RE6	RC -14995,18316 -15362,18614 -15404,18991 -15342,19183
RE6,RB20	RC -15342,19183 -14917,19569 -14556,19911 -13875,20548 -12733,21643 -11285,22826 -8931,24667 -5030,27644 -4257,27924 -3954,27904 -3673,27671 -3576,27376
RE6,RB20,RB55	RC -3576,27376 -3566,27821
RE6,RB55	RC -3566,27821 -3589,28098 -3590,28354 -3634,28460 -3786,28694 -4197,29119 -5417,30402 -5713,30692 -7346,32440 -7654,32774 -9562,34675
RE66,RB24,RB66	RC 14308,22061 14166,22316 14140,22471 14157,22612 14210,22756
RE66,RB24,RB66	RC 14608,23364 14809,23679 15088,24137
RE66,RB24,RB66	RC 17607,18021 16997,18750
RE7	RC 11898,-5865 11669,-5984 11532,-6102 11438,-6246 11392,-6413 11401,-6593 11511,-7138
RE7,RB14	RC 20907,1410 21026,1631 21108,1802 21201,2066
RE7,RB22	RC 18055,-1466 17024,-2277 15070,-3731 13877,-4646 12816,-5434 12487,-5612 11898,-5865
RE7,RB23,RB33	RC -14536,-10396 -16069,-11873 -17623,-13232 -18869,-14274
RE7,RB33	RC -7418,-1416 -7542,-1563 -7728,-1738 -7838,-1861 -8001,-2097 -8152,-2399 -8429,-2860 -8504,-2983 -9620,-4939 -9996,-5596 -10063,-5703 -11202,-7672 -11540,-8186 -11752,-8486 -11995,-8631 -12751,-8997 -13144,-9180 -13443,-9369 -13899,-9791 -14536,-10396
	R -122843,102135 -128154,106066 -128559,106247 -129566,106574 -139119,109731 -139584,109737 -140018,109616 -140670,109229 -141033,108897 -144160,105390 -144444,105100 -144752,104900 -145120,104768 -149330,103851 -153313,102993 -153621,102974 -156097,102987 -156501,103065 -161627,104768 -162014,104864 -162358,104888 -171022,104719 -171384,104768 -171712,104919 -172411,105311 -172906,105903 -176180,110389 -178412,113365 -178768,113740 -180694,115454 -182198,116734 -185229,118250 -186303,118787 -186804,118920 -187499,118884 -187915,118721 -188579,118413 -189087,118304 -189678,118364 -190312,118564 -190819,118709 -191568,118769 -192190,118986 -194533,120562 -195136,120665 -198288,120357 -198801,120417 -199272,120659 -199731,120967 -200191,121091 -201313,121305 -202454,121178 -202991,121009 -204108,120478 -204422,120158 -204845,119475 -205153,119192 -205563,118974 -206075,118784 -206270,118684 -206566,118443 -207097,117755 -207574,117483 -208268,117314 -208739,117066 -209205,116692 -209440,116505 -209711,116384 -210200,116288 -212929,116758 -213636,117018 -214064,117278 -218937,121154 -219456,121468 -219776,121619 -220519,121939 -220772,122144 -220917,122404 -221394,123340 -221461,123400 -221634,123421 -221744,123393 -222422,123053 -222781,123172 -222775,123172 -223006,123633 -223232,123822 -223237,123822 -223554,123867 -223988,124159 -224102,124311 -224207,124440 -224468,124611 -225798,124599 -226037,124566 -226227,124426 -226464,124326 -226727,124332 -227215,124505 -227215,124499 -227612,124509 -227901,124379 -227966,124134 -227880,123949 -227777,123741 -227774,123332
	R 48036,125243 47943,124134 47948,123895 48015,123724 48164,123584 48455,123493 49101,123488 52188,123497 53127,123500 53549,123442 53913,123318 54250,123119 58666,120403 61168,118626 61497,118402 61951,118177 62430,118009 63028,117870 63435,117794 64045,117660 64421,117480 69153,114509 69539,114325 71064,113823 71064,113820 71598,113693 76829,113351 77230,113287 77230,113284 77653,113147 78618,112782 81268,111771 81778,111672 82421,111634
	R 86276,114076 86450,114225 86825,114125 88600,112050 88775,109600 89250,109275 89875,109100 92150,109700 93425,110750 94075,111075 95175,111175 95550,111450 95975,112175 96525,113050 97925,113800 101900,118150 102475,120975 103650,126575 105525,129375 106000,132275 105475,135250 106825,143100 107225,145025 106550,152200 104775,156150 104500,159975 104200,160375 103325,160900 101450,161100 98575,161825 98125,161725 96125,161525 94875,161800 94225,161850 91575,161575 90850,161600 89925,161875 89050,161975 88675,162200 88350,162525 86075,166875 86175,168000 86175,168450 85675,169625 85025,170475 84175,170750 82800,170450 81750,169650 81000,169450 80650,169600 79875,170350 78950,170250 78250,169925 77975,169500 77450,169150 76950,169025 75700,169200 73400,167725 72150,167100 67125,167275 66275,167900
	R0 -13899,-9791 -13350,-9467 -12852,-9385 -12366,-9469 -11236,-9661 -10405,-9638 -9052,-9377 -8627,-9291 -8229,-9316
	R0 -16411,18196 -16371,18491 -16330,18664 -16447,18895 -16153,18839 -15662,18969 -15342,19183
	R0 -18072,-2482 -18480,-2247 -18951,-2019 -19463,-1976 -20080,-2063 -20700,-2020
	R0 -18825,-987 -18887,-1137 -18887,-1262 -19075,-1587 -19426,-1710
	R0 -19960,-15191 -19690,-14798 -19714,-14093 -19390,-15332
	R0 -29902,57308 -29580,57227 -29301,57359 -29047,57812 -28898,58134 -28728,58521 -28451,58739 -28173,58936 -27809,58912 -27559,58939 -27221,58964 -26913,58900 -26386,58698 -26054,58692 -25400,58529 -24860,58147 -23954,57639 -23318,57312 -22504,56904 -21916,56614 -21551,56212 -21166,55783 -20907,55639 -19660,55170
	R0 -32038,57184 -32378,56730 -32634,56664 -34214,56624 -35480,56218 -37715,55491 -38294,55228 -39447,53481 -39603,53209 -40440,52986 -41412,52298 -41757,52058 -42081,51948 -42493,51900 -43316,51913 -44359,52182 -45277,52849 -45993,52970 -47381,53107 -48066,53112 -48367,53001 -49619,51427 -50397,50906 -50602,50642 -51205,48809 -51351,48400 -51887,48114 -52275,48089 -53567,47860 -54148,47844 -54538,48011 -55182,48568
	R0 -4257,27924 -3589,28098 -3246,28205
	R0 -54148,47844 -54352,47176 -55549,46286 -57132,45158 -57903,45085 -58610,44799 -59903,43873 -60833,41464 -60668,40400 -61150,38054 -61615,37516 -62081,36914 -62879,36261 -63398,35190 -63988,32086 -64014,31086 -62868,28400 -62745,27467 -62232,26303 -61612,23548 -61492,22827 -61414,21999 -61054,21388 -60473,21011 -60085,20825 -60077,20316 -60204,20250 -60420,20353 -60743,20424
	R0 -58223,118869 -58211,118790 -58272,118619 -58455,118510 -58772,118473 -59990,118857 -60472,119101 -61398,120057 -61678,120514 -62404,121270 -62842,121587 -63177,121776 -67114,123927 -67291,123988 -67498,123982 -67754,123884 -67973,123769 -68199,123762 -68394,123842 -68583,124110 -68644,124341 -68881,124786
	R0 16162,79250 16196,79268 17499,79944 18019,79986 18564,79538 19366,79190 20433,78961 20866,78826 22665,78750 23034,78831 23317,78678 24754,77507 24914,77407 26811,76231 27216,75902 27693,75450 27995,74892 28494,74673 28755,74478 29035,73985 29662,73276 29767,72721 29854,72355 29788,71717 29573,71105 29542,69987 29531,69814 29571,69085 29635,68699 31433,65677 32187,64661 32819,64323
	R0 17499,79944 18841,80707 18947,81344 19029,81437 19270,81746 19962,82319 20512,82951 21256,83503 21864,83909 25030,85188 25390,85549 26090,86927 26223,87256 26816,88746 27582,89440 28020,90451 28969,91829 29441,92304 29903,92492 32044,94243 32068,94585 31324,95360 31017,95641 30975,95876 31086,96111 31461,96451 32490,98013 32651,98245 32875,98652 32978,99068 33570,99576 34049,99617 34812,99932 35424,99951 36538,100521 37106,100775 37456,100986 38439,102279 39387,103064 39603,103679 39587,103872 39515,104021 39459,104175 39457,104300 39504,104433 39599,104542 39757,104625 39888,104645 40039,104623 40143,104570 40231,104492 40280,104401 40304,104326 40312,104244 40303,104052
	R0 1752,29840 2417,29906 2728,29871 3118,29687 3278,29406 3273,29178
	R0 2121,13108 2101,13209 2038,13319 1935,13393 1822,13427 1719,13456
	R0 24097,-84605 24150,-84920 24444,-85391 25137,-86078 25670,-86305
	R0 2636,-7995 2375,-8288 2139,-8563
	R0 32838,26172 33567,26416 33825,26477 34151,26841 36189,28471 38906,30514
	R0 39603,103679 39817,104701 39862,104823 39958,104949 40566,105537 40620,105644
	R0 39757,104625 39623,104609 39507,104617 39379,104660 38025,105330
	R0 39883,-81288 40355,-81198 41048,-81117 41676,-81254 45253,-83432 45984,-83891 47240,-84271 49024,-84461 50137,-84327 51566,-83919 52322,-83780 53036,-83898 53642,-84271 53851,-84630
	R0 40496,14524 40841,14565 41079,14818 41317,15114 41406,15624 41668,16174 41778,16599 42126,17274 42365,17655 42647,17909 42970,18183 43100,18458 43126,19011 43151,19585 43303,19839 43498,20071 43789,20230 44177,20484 44311,20685 44484,21068
	R0 49344,-99923 49196,-100264 49129,-100796 49419,-101291 52257,-103609 52526,-103976 52608,-104426 52857,-104664 53190,-104945
	R0 50375,30836 50833,30542 51779,30245 53297,30249 55571,30338 56725,30392 57074,30671 57169,31280 57380,31513 57745,31653 58472,31839 58877,32054 59070,32276 59676,32756 59729,33160 59514,33590 59418,33998 59561,34403 59808,34786
	R0 55917,-12682 56076,-13335 56187,-13914 56271,-14149 56527,-14406 60288,-14704 60649,-14836 61919,-15513 62864,-16032 63873,-18582 64291,-19380 64523,-19510 65755,-20078 66496,-20467 66816,-20727 67381,-21694 67712,-22751 68000,-23651 67963,-24110 68015,-24308 68069,-24387
	R0 77291,-70715 78711,-69388 79845,-67910 81599,-65282 81942,-64776 82116,-64352 82441,-63040
	R0 78350,-64770 78745,-61239 79946,-59208
	R0 8643,38865 8655,39030 8926,40020 9232,41584 9291,41882 9343,42173 9407,42489 9707,43684 10095,45368 10250,45945 10360,47148 10109,47962 9732,49917 9540,50216 9525,51810
	RBau 13877,-4646 14193,-4500 14580,-4521 15049,-4665 15729,-4815
	RBau 18437,-4267 19117,-3988 19396,-3795 19482,-3638 19661,-3141 19866,-3009 20149,-2846 21125,-2512 21304,-2400 21505,-2202 21670,-2086 23596,-1362 23745,-1231 23803,-1108 23830,-996 23774,-697
	RBau 23596,-1362 23862,-1325 24081,-1414 24263,-1586
	RBau::Tu 15729,-4815 16356,-4983 16850,-4922 17817,-4514 18437,-4267
	RG -2392,13811 -2410,13746 -2424,13639 -2393,13538 -2325,13464 -2227,13427 -2085,13446 -1924,13494 -1842,13500 -1424,13433 -1186,13350 -1056,13318 -946,13323 -854,13358 -768,13440 -719,13551 -698,13629 -665,13695
	RG -3663,14083 -4150,14155 -4712,14111 -5038,14106 -5882,14210 -6468,14259 -6683,14285
	RG -633,13753 -614,13783 -330,14258
	RG 19864,10569 19736,10836 19582,11268 19543,11802 19496,12099 19427,12216 19358,12242
	RG 20473,6937 20562,7163 20616,7292 20650,7421 20657,7500 20500,8827 20497,9139 20399,9543 19864,10569 19842,10705 19866,10835 20033,11096 20346,11504 20421,11672 20422,11866 20372,12003 20287,12117 20168,12214 19766,12349 19618,12353
	RG 20907,1410 20989,1608 20986,2066
	RG 21072,2118 21021,1991 21012,1873
	RG 21312,2430 21132,2192
	RG 69409,74168 69755,74016 69821,73994 69932,74001 70025,74042 70087,74099 70179,74235 70545,74808 70628,74889 70736,74928 70840,74944 70973,75028 71159,75242 71260,75434 71322,75721
	RG 8333,8902 8333,9001 8344,9085 8470,9486 8477,9562 8497,9654 8571,9896 8594,9968 8614,10095 8637,10201
,RE6	R -31771,57647 -32038,57184
BAR	RG 19736,10836 19617,11790 19508,12835
Betriebsbahnhof Rummelsburg - Tierpark	RG 16752,9873 16917,9816 17169,9716 17500,9612 17662,9611 17879,9660 19664,10452 19722,10579 19759,10679 19736,10836
Brücke am Drosselsteig	RG::Br 21132,2192 21072,2118
Damme - Eickstedt	R0 50539,99867 50904,99843 51374,99853 52220,99977 52908,100164 53286,100152 53410,100164
Dessau - Magdeburg	R -67475,-59159 -67541,-58807 -67655,-58655 -67868,-58494 -69007,-57902 -71043,-56807 -72150,-56049 -75134,-54000 -77108,-52257 -77729,-51853 -77957,-51694 -78960,-51019 -80621,-49973 -84804,-47553 -84994,-47451 -87019,-46264 -87144,-46125 -88295,-44688 -89777,-42832 -90228,-42331 -93557,-39865 -95569,-38376 -96286,-37538 -98488,-34914 -102395,-30259 -102627,-30069 -102885,-29980 -103200,-30009 -103467,-30131
Draisinenstrecke Germendorf - Kremmen	R0 -5704,38237 -7228,38908 -9158,39385 -10234,39355 -10732,39223 -13938,37514 -14192,37515 -14397,37609
Draisinenstrecke Gramzow - Lützlow	R0 50735,90479 50581,90731 50445,90988 50428,91165 50485,91361 50731,91767 50807,91895 50829,92007 50825,92111 50750,92407 50752,92530 50888,93160
Draisinenstrecke Lychen - Fürstenberg	R0 1264,89478 460,89253 -281,88664 -850,88410 -1774,87750 -2617,87171 -3734,86927 -4475,87069 -5430,87151 -5887,87080 -6801,87252 -8089,87608 -8518,87628 -8812,87496 -8893,87354 -9031,87221
Draisinenstrecke Mittenwalde - Königs Wusterhausen	R0 21656,-16383 21910,-16434 22164,-16362 22956,-15824 23687,-15357 24226,-15184 24388,-15032 24440,-14846 24449,-14748 24297,-14311 24832,-13747 25109,-13519 26297,-12808 26350,-12665 26348,-11950
Draisinenstrecke Templin - Lychen	R0 14467,78138 14323,78040 14110,78020 13907,78091 13754,78213 13500,78538 12586,79198 11439,80579 10332,81646 8828,82824 7742,83758 6432,84733 5700,85190 5192,85780 4522,86237 4329,86450 3984,87567 3923,87730 3699,87902 3242,88471 3121,88654 2928,88776 2684,88837 2318,88877 2176,88918 2064,89009 1851,89416 1729,89517 1567,89548 1264,89478
Draisinenstrecke Tiefensee - Sternebeck	R0 38906,30514 39258,30800 39771,31291 40927,32000 41114,32011 41493,31863 41733,31921 41968,32025 42836,32047 43115,32047 43653,32154 44375,32073 44935,32046 45214,31875 45449,31874 45772,31936 46094,31869 46224,31860 46740,31919 48264,31569 49012,31245 49141,31223 49379,31055 50128,30936 50375,30836
Draisinenstrecke Töpchin - Mittenwalde	R0 22154,-25412 22367,-25138 22834,-24843 23037,-24589 23119,-24437 23210,-23787 23261,-23553 23342,-23421 23423,-23106 23565,-22781 23586,-22659 23504,-21420 23454,-21248 23413,-20994 22672,-19836 22509,-19196 22001,-18333 21971,-18130 22067,-17489 22072,-17277 22072,-17063 21829,-16505 21656,-16383 21260,-16159 20915,-16139
Draisinenstrecke Zossen - Jüterbog	R0 13431,-20775 13399,-21065 13145,-21502 12109,-22406 11510,-23685 11205,-24437 10697,-25412 9803,-26549 9174,-27504 8493,-28906 8280,-29292 8219,-29688 8250,-29952 8788,-32785 8849,-33811 8250,-34949 7762,-35385 5060,-36350 1211,-37985 -4618,-39875 -6943,-41530 -7208,-41957 -7553,-43846 -7807,-44100 -8193,-44242 -9076,-44039 -9381,-44049 -10610,-44750 -11491,-44999
Draisinenstrecke in Planung Lützlow - Damme	R0 50888,93160 50962,93505 50866,93726 50635,93906 50542,94125 50469,95408 50312,95772 49926,96418 49932,96928 50312,98232 50741,99460 50740,99609 50684,99754 50539,99867 50162,99926
Eisenbahnbrücke KW Reuter	RG::Br -665,13695 -633,13753
Fichtengrund (Nord) - Fichtengrund (Ost)	R0 -353,42368 -281,42234 -225,42090 -193,41909 -192,41820 -168,41684 -115,41560 -54,41487 -4,41437 78,41382 173,41346 282,41321
Flughafen Berlin-Brandenburg	RG 19866,-3009 19540,-3166 19348,-3339 18797,-3862
Gleisanschluss Messegelände	RG 795,11039 1025,10898 1206,10665 1369,10556
Grunewald - Halensee	RG 628,8887 962,9136 1820,9777 2116,10030 2215,10104 2303,10123 2423,10106 2589,10055
Grunewald - Westend	RG 2116,10030 2154,10102 2134,10674 2142,10790
Heidekrautbahn	R0 6450,20388 6578,20365 7009,20408 7163,20482 7286,20577 7768,21253 7925,21482 7966,21563 8118,21943 8372,22603 8613,23200 8639,23337 8632,23442 8400,24267 8382,24365 8359,24702 8302,24870 8033,25281 7985,25405 7970,25533 7975,25642 7995,25764 8075,26125 8209,26804 8276,27064 8587,27748 8738,28086 9055,28814 9085,28866 9140,28942 9227,29018 9328,29081 10705,29888 11616,30519 11793,30668 11860,30751 11925,30880 11960,31040
IGA-Seilbahn	Ropeway 23008,14090 22326,14474 21522,14677
Industrieanlagen Schwedt	RG 56949,84276 57090,84366 57204,84387 57431,84394 57639,84294 60308,82311 61171,81815 63354,80593 64344,79488 66849,76689
Köthen - Dessau	R -84040,-74389 -84270,-73791 -84536,-73354 -84513,-72785 -84452,-72604 -84253,-72291 -84021,-72087 -83391,-71794 -81310,-70886 -79440,-70055 -79369,-70021 -73412,-67370 -73342,-67336 -70362,-66023 -70271,-65993 -67824,-64911 -67678,-64695 -67535,-64457
Lutherstadt Wittenberg - Coswig	R -38534,-60706 -38955,-61293 -39272,-61418 -40515,-61032 -41411,-60647 -42258,-60483 -44410,-60140 -46836,-59744 -48003,-59492 -49216,-59227 -49565,-59199 -50294,-59228 -50635,-59222 -51025,-59178 -51382,-59095 -52435,-58751
Mittenwalde - Zossen	R0 20915,-16139 20701,-16119 20539,-16119 20468,-16200 20336,-16444 19604,-17023 18914,-17876 18609,-17927 17898,-18120 17614,-18028 17116,-18018 16862,-17835 15400,-17551 14079,-18160 13907,-18373 13622,-18526 13328,-19095
Museumsbetrieb am Wochenende	R 57682,14067 57810,14239 57797,14476 57683,14751 57572,14871 57180,15116 56940,15342 56718,15827 56716,15990 56733,16224 56520,16826 56396,17180 56108,17644 55959,18038
NME	RG 16786,2989 16677,2856 16635,2796 16573,2715 16547,2680 16475,2586 16461,2569 16135,2135 16056,2034 16002,1964 15875,1796 15835,1747 15799,1690 15671,1641 15576,1625 15350,1636 15258,1641 15173,1661 15109,1695 14990,1798 14985,1801 14895,1842 14820,1843 14729,1826 14621,1798 14547,1807 14512,1818 14224,1925 13851,2052 13559,2205 13476,2287 13418,2357 13302,2554 13190,2730 12673,3627 12363,4175 12225,4370 12053,4618 11904,4823 11565,5255 11449,5397 11273,5571 11273,5572 11099,5745 11061,5817 11015,5925 11003,6013 11023,6187 11032,6364 11031,6364 11041,6432 11075,6538 11110,6586 11164,6625 11556,6696 11557,6696 11783,6755 12173,6844 12481,6924 12870,7023 13194,7114
Neubrandenburg - Pasewalk	R -569,128223 -216,128147 3,128126 368,128211 978,128223 1599,127992 2001,127967 2781,128333 4731,128638 5401,128721 6572,128918 8973,128601 13702,125834 14677,125530 17090,124798 18918,124079 19558,123907 24305,122629 24841,122641 25499,122873 26389,123336 27096,123957 27620,124177 27973,124189 30289,123787 31301,123799 33470,123799 37493,125260 38028,125420 39344,125420 40051,125457 42757,126017 46986,126212 47425,126054 47815,125688 48036,125243
OE65	R 75365,-71690 75639,-71823 75861,-72108 76076,-72974 76251,-73272 77247,-74106 78125,-75187 80830,-78651 81129,-79079 81284,-79435 81852,-81781 81908,-82220 82242,-85460 82140,-87744 82074,-87994 81950,-88213 80000,-89901 79860,-90078 79774,-90300 79793,-90614 80076,-91210
Osthavelländische Eisenbahn	R0 -3700,17832 -3567,17905 -3469,18005 -3118,18351 -3046,18464 -3014,18593 -3022,18734 -3094,18900 -3212,19244 -3331,19561
Osthavelländische Eisenbahn	R0 -4147,17735 -3700,17832 -3471,17883 -3337,17862 -3233,17767 -3083,17626 -2985,17510 -2972,17429 -3006,17128 -3009,17090 -3017,16984 -3018,16974 -3023,16925 -3029,16823 -3031,16807 -3042,16609 -3043,16601 -3046,16548 -3050,16429
Osthavelländische Eisenbahn	RG -4712,14111 -4823,14143 -4929,14200 -5056,14351 -5129,14445 -5225,14486 -5549,14582 -5629,14617 -5687,14681 -5714,14750 -5718,14828 -5686,15113 -5605,15790 -5544,16339 -5480,16958 -5457,17160 -5411,17282 -5356,17353 -5242,17405 -4147,17735
Parkeisenbahn Wuhlheide	RP 19887,6106 19849,6065 19791,6061
Parkeisenbahn Wuhlheide	RP 19961,5989 20033,5965 20181,5924 20363,5933 20542,6011 20593,6082 20623,6136 20636,6188 20661,6273 20551,6511 20450,6712 20313,6841 20301,6882 20319,6937 20303,7015 20257,7042 20167,7100 20124,7111 20060,7125 19948,7093 19801,7026 19707,6931 19643,6764 19590,6590 19489,6313 19506,6248 19606,6182 19791,6061 19890,6017 19884,6063 19887,6106 19958,6302 19988,6409 19997,6434 20054,6583 20195,6680 20239,6718 20301,6882
Parkeisenbahn Wuhlheide	RP 20124,7111 20051,7110 19972,7035 19893,6868 19799,6660 19810,6634 19992,6513 19997,6434
Parkeisenbahn Wuhlheide	RP 20319,6937 20383,7059 20420,7132 20561,7229 20628,7200 20712,7135
RB11	R 76687,-71220 77291,-70715 77455,-70200 77532,-69661 77778,-68092 78180,-65409 78350,-64770 78673,-64386 79129,-64179 80967,-64125 81307,-64063 81689,-63903 82089,-63573 82441,-63040 82983,-61229 83316,-60457 83858,-59933 85011,-59366 86701,-58544 89207,-57325 91092,-56402 95147,-53629 97079,-52679 97337,-52342 97618,-51771 98446,-51336 99380,-50840 100112,-50466 100326,-50350 100430,-49706 100391,-48771 100190,-47937 99930,-46741 99765,-46542 99223,-45900 98935,-45235 98949,-44683 98995,-44407 99245,-43974 99565,-43453 100954,-41174 101540,-40244 101825,-39588 101919,-39014 101778,-38499 100667,-36394 100151,-35512 99597,-35097 99069,-34919 98012,-34733 97463,-34574 97108,-34249 96153,-32952 95946,-32565 95877,-32241 95882,-31970 96230,-30077 96361,-28541 96503,-27120
RB11,RB46	R 75365,-71690 76687,-71220
RB11,RB46,OE65	R 74670,-71679 75365,-71690
RB12	R -5344,55352 -5301,55556 -5187,55712 -4990,55852 -2860,57048 -1098,58210 -315,58852 11,59093 1300,60559 2129,61503 2641,62092 3148,62665 3280,62842 3390,63156 3446,63686 3476,63906 3621,65212 3693,65661 3757,65833 3986,66019 4521,66271 5304,66655 5361,66676 6224,67086 6505,67303 7000,68028 7713,69373 7798,69839 7815,69934 7943,70259 8332,71181 8618,71592 9757,72908 10148,73146 11059,73697 11147,73794 11310,73962 12085,74859 12925,76052 13971,77567 14467,78138 14947,78670 15276,78991 15441,79046 16162,79250
RB12	RC 14308,22061 13939,22503 13752,22704
RB12,RB24,RB25	RB 16767,11787 16561,11595 16337,11392 16051,11227 15939,11208 15787,11190 15604,11256 15400,11346 15270,11363 15167,11344 15052,11262 15006,11202 14947,11122 14869,10984 14847,10892
RB12,RB25,RB26,RE66,RB24,RB66	RB 18962,12213 18666,12210 17996,12216 17546,12192 17271,12132 17005,11984 16767,11787
RB12,RB25,RE66,RB24,RB66	RB 18962,12213 19088,12246 19221,12301 19306,12370 19411,12488 19487,12678 19508,12835 19442,13300 19215,14227
RB12,RE66,RB24,RB66	RB 16997,18750 17607,18021 17928,17621 18509,16829 18639,16542 18741,16177 18922,15440 19215,14227
RB12,RE66,RB24,RB66	RC 14308,22061 14443,21900 14631,21654 15645,20406 16997,18750
RB15 (MV)	R -28272,117778 -30380,118765 -31355,119009 -32245,119424 -35024,120703 -35536,120898 -38644,122117 -39582,122288 -40179,122471 -40564,122580 -40841,122797 -41083,123207 -41203,123482 -41388,123724 -41659,123875 -43482,124201 -45054,124482 -45554,124628 -45799,124790 -46200,125054 -48443,125578 -49893,125725 -50234,125664 -50636,125505 -50770,125341 -50990,124433 -51069,124293 -51215,124189 -51422,124159 -51794,124219 -53379,124232 -55737,123805 -56590,122940 -56956,122574 -58156,121666 -58260,121459 -58260,121215 -58065,120277 -58089,120045 -58193,119747 -58223,118869
RB16 (MV)	R -13074,107151 -12806,107918 -12891,108650 -13318,109442 -14012,109990 -16901,111684 -20996,112367 -23104,113110 -23909,113452 -25408,114804 -26139,116462 -26590,116974 -28272,117778
RB20	RC -18796,14887 -18757,15396 -18674,15799 -18525,16118 -18270,16500 -16411,18196 -15342,19183
RB20	RC -3566,27821 -3460,28077 -3246,28205 -1254,28793 1023,29499 1752,29840 2052,30053 2158,30267
RB20,RB21	RC -18752,-155 -18630,703 -18600,1638 -18609,2389 -18653,3012 -18616,3863 -18636,4186 -18698,4613 -18767,5015 -18868,5376 -19058,6033 -19150,6611 -19149,7085 -19127,8680 -19145,10636 -19029,11660 -19003,11857 -18869,12936 -18811,14018 -18796,14887
RB20,RB21,RB22	RC -17293,-1183 -17717,-1398 -18008,-1418 -18529,-1206 -18723,-1036 -18833,-721 -18752,-155
RB20,RB55	RC -3576,27376 -3539,26672 -3475,25993 -3368,25566
RB21	RC -18796,14887 -18927,15226 -19149,15409 -19377,15478 -19917,15570
RB22	RC 11898,-5865 10901,-6258
RB22	RC 1539,-8397 1155,-8679 773,-9022 -522,-9932 -835,-10074 -1138,-10105 -3368,-9848 -5329,-9810 -7117,-9463 -8229,-9316 -8595,-9253 -8916,-9167 -11202,-7672 -13768,-5931 -15983,-4170 -17344,-3122 -18072,-2482 -18575,-1812 -18825,-1275 -18825,-987 -18833,-721
RB22	RC 20907,1410 21018,1524 21149,1593 21308,1614 21544,1542
RB23	RC -14975,-1918 -15260,-2136 -15367,-2338 -15664,-3292 -15983,-4170 -16284,-4829 -16849,-5673 -17069,-5899 -17768,-6648 -17938,-6926 -18000,-7269 -17963,-7670 -17965,-7728 -18188,-8017 -18485,-8274 -18590,-8530 -18461,-9099 -18480,-9440 -18459,-9847 -18520,-10231 -18710,-10573 -18899,-11214 -19020,-11863 -19043,-11944 -19101,-12221 -19442,-12959 -19714,-14093 -19607,-14435 -19393,-14583 -19116,-14563
RB23,RB33	RC -19116,-14563 -18869,-14274
RB24	R 50092,-60028 50263,-60273 50328,-60507 50257,-63060 50165,-66105 50153,-67024 50189,-67297 50592,-68823 51114,-70737 51374,-71361 51931,-72481 51984,-72698 51946,-72974 51765,-73235
RB24	R 50912,-73828 50782,-74209 50781,-74375 50815,-74564 51958,-76322 52562,-77224 52696,-77638 52946,-79539 53214,-81642 53525,-83043 53851,-84630
RB24	RB 14847,10892 14759,10424 14712,10337 14546,10124 14443,9988 14405,9935 14368,9864 14237,9579 14186,9430 14171,9316 14180,9252 14232,9150 14294,9084 14382,9012 14947,8417 15188,8170 15527,7787 15772,7516 15893,7396 16036,7261 16325,6957 16612,6662 16902,6397 17722,5573
RB24	RC 21836,1288 21232,1551 21147,1607 21079,1696 21012,1873 20986,2066 20974,2168 20919,2310 20893,2381 20759,2506 20535,2703 20185,3085 19915,3386 19238,4084 18673,4677 18242,5034 17877,5358 17722,5573
RB24,RB24	RB 16036,7261 15960,7332
RB25	RB 19215,14227 19253,14497 19335,14840 19476,15130 19623,15444 20069,16334 20199,16562 20458,17110 20632,17447 21218,18601
RB25	RC 21218,18601 21332,18819 21665,19490 21778,19726 22324,20807 22394,20948 22551,21140 23005,21482 24078,22265 24307,22436 24718,22731 25117,23034 25321,23144 25623,23204 26968,23160 27112,23165 27254,23215 28633,23963 28720,24012 29414,24387 30688,25089 31801,25787 32026,25919 32471,26060 32838,26172
RB26	R 39654,14564 40248,14503 40496,14524 43033,14393 45524,14275 45740,14260 53586,13868 56611,13728 56980,13785 57366,13935 57682,14067 58025,14188 60777,15399 61310,15498 62186,15614 62677,15649 65569,15723 65831,15738 66331,15839 66715,15959 69626,17157 71619,17629 72707,17648 74655,18271 76411,18718 77010,18853 78482,18860 82030,18868 85564,18758 86976,18692 88268,18894 90951,19319 92076,19533 92620,19877 93094,20453 93791,21339 94157,21692 94630,21978
RB26	RB 18962,12213 19185,12204 19358,12242 19474,12310 19618,12353 19801,12386 20055,12340 20194,12277 20377,12172 20481,12150 20624,12133 20717,12124 21171,12096 21562,12088 22121,12080 22655,12050 23043,12049 23653,12023 23946,12019 24487,12082
RB26	RC 24487,12082 25109,12196 25760,12327 26051,12368 26953,12513 27094,12535 28723,12824 30462,13112 30815,13170 34183,13746 34614,13831 35386,13954 36546,14154 36666,14172 39084,14573 39654,14564
RB27	R 14605,39023 14623,39442 14670,39627 15031,40380 15414,42235 15493,42945 15417,44117 15489,44363 16102,45344 16159,45652 16094,46161 16141,46386 16288,46588 17137,47410 17969,48020 18684,48556 18999,48836 19234,49219 19279,49602 19316,50384 19333,51264 19543,51629 19682,51925 19856,52243 19881,52733 19636,53936 19149,54960 18644,55554
RB27	RC 11951,34673 11942,34733 11865,34897 11791,34960 11382,35230 10080,36127 9929,36358 9439,36963 8729,38475 8698,38671
RB27	RC 15088,24137 15160,24309 15179,24445 15154,24573 15062,24763 14940,24935 14727,25028 14475,25095 14308,25196 14054,25372 13443,25825 12944,26163 12193,26705 11994,26884 11856,27074 11800,27210 11764,27363 11754,27432 11747,27627 11966,29491 11922,29874 11965,30598 11960,31040 12014,32447 11957,34472 11951,34673 11967,34849 12025,35002 12098,35155 12692,35782 12883,36155 13271,36723 14082,37744 14569,38769 14605,39023
RB27: Wensickendorf - Schmachtenhagen nur an Wochenenden	RC 8698,38671 8643,38865 8590,39367 8218,39700 7378,40295 6732,40676 5206,41006
RB31	R 20441,-105131 20142,-106321 19478,-108805 19180,-109801 19088,-110557 19087,-110914 19137,-111294 19192,-111489 19747,-113446 20429,-115840 20648,-117376 20925,-119282 21027,-122338 21081,-123007 21282,-123177 21380,-123409
RB31	R 20632,-103673 20543,-103764 20420,-103947 20393,-104130 20449,-104296 20533,-104460 20545,-104529 20545,-104611
RB31	R 25511,-142501 26456,-142934 26870,-143860 27370,-145572 27494,-145855 27687,-146060 28004,-146255 29168,-146614 30508,-147078 31715,-147906 32093,-148540 32714,-149119 32897,-149363 34421,-149741 34890,-150009 35036,-150082 35176,-150313 35219,-150764 35316,-150953 35517,-151148 36066,-151447
RB33	R -12756,-46462 -13125,-46731 -14285,-47178 -14598,-47187 -14921,-47085 -15173,-46886 -15372,-46570 -15984,-44405 -16185,-44070 -16643,-43721 -17778,-42877 -20486,-41511 -21243,-41096 -22785,-39162 -23485,-38214 -24010,-37129 -24454,-36187 -24794,-35795 -25391,-35561 -25765,-35573 -26426,-35595 -26734,-35478 -26879,-35350 -26956,-35275 -27065,-35108 -27088,-34846 -26879,-34486 -24985,-32463 -23772,-30573 -21643,-27151 -20103,-25069 -19872,-24620 -19456,-22887 -18883,-20460 -18726,-19242 -18700,-19044 -18634,-18176 -18678,-17833 -19390,-15332 -19392,-15055 -19307,-14755 -19116,-14563
RB34	R -62344,19834 -63535,19443 -64072,19330 -66923,19181 -69488,19118
RB34,RB51	R -61127,20288 -62344,19834
RB35	R 56674,-3937 57247,-3919 57637,-3780 58085,-3740 58267,-3844 58328,-3998 58264,-4754 58135,-5057 57988,-5375 57791,-5678 57171,-6290 57096,-6423 56935,-7587 57125,-8342 57125,-8636 56978,-8990 56850,-9164 56684,-9316 55893,-9771 55771,-9896 55650,-10168 55628,-10330 55702,-10860 55814,-11586 55840,-11737 55917,-12682
RB36	R 30518,-11491 30807,-11319 30892,-11273 31020,-11237 31138,-11235 32416,-11368 32457,-11371 32698,-11398 32827,-11406 33361,-11440 34326,-11709 35565,-11897 35877,-11995 36087,-12087 36798,-12414 37241,-12587 41530,-13402 42459,-13678 42804,-13910 42883,-13964 43456,-14384 44343,-15112 45837,-16337 46004,-16440 46170,-16534 47038,-17056 48688,-18035 48970,-18157 49175,-18421 49195,-18448 49754,-19230 50300,-19680 50716,-19835 50805,-19917 51142,-20432 51916,-20916 52043,-21065 52259,-21387 52393,-21576 52602,-21742 52716,-21780 52964,-21786 53743,-21839 53927,-21926 54630,-22472 55062,-22681 55204,-22736 55316,-22736 55420,-22699 55511,-22627 55977,-22090 56077,-22050 56942,-21862 58103,-21844 59231,-21608 59349,-21581 59844,-21564 60370,-21610 60511,-21639 60607,-21700 61246,-22298 62064,-22881 62191,-22929 62939,-23131 63169,-23264 63772,-23624 63993,-23863 64149,-24014 64911,-24526 65929,-25213 66163,-25329 66499,-25328 66623,-25309 66745,-25269 66902,-25195 67057,-25087 67729,-24513 67878,-24419 68069,-24387 68445,-24397 68526,-24385 68688,-24351 69200,-24247 69290,-24247 69376,-24268 69437,-24313 69846,-24778 69926,-24826 70016,-24849 70108,-24867 70984,-25029 72042,-24982 72173,-25001 72780,-25232 73099,-25330 74067,-25675 74162,-25705 74500,-25804 74890,-25945 77086,-25962 77215,-25944 77304,-25898 77375,-25828 77413,-25747 77424,-25690 77454,-25541 77750,-23879 78430,-22004 78511,-21789 78633,-21562 78749,-21386 78873,-21239 79024,-21098 80160,-20265 80271,-20162 80387,-20012 80474,-19845 80532,-19664 80559,-19472 80613,-18955 80648,-18687 80790,-18089 81043,-16991 81253,-16379 81532,-15849 83667,-13242 86504,-9202 86929,-8651 87675,-8442 88471,-7898 88630,-7764 88732,-7571 88772,-7090
RB36	RC 26348,-11950 26360,-11645 26380,-11565 26438,-11491 26923,-11084 27098,-11039 27207,-11049 27648,-11206 27752,-11240 28546,-11485 29163,-11538 29692,-11669 29916,-11692 30265,-11644 30518,-11491
RB46	R 76687,-71220 77741,-70867 78293,-70859 81271,-71986 87897,-72305 93913,-72578 95067,-72627 95992,-72660
RB49,S4 (Mitteldeutschland)	R 1803,-91344 2044,-92254 2736,-92872 3700,-93617 5273,-94681 8733,-96853 10557,-98002 10955,-98109 11898,-98258 12592,-98667 13053,-99051 14631,-100569 16585,-102417 17192,-102738 18384,-103294 19431,-103657 20632,-103673 23114,-103512 23758,-103488 24165,-103467 26541,-103847 27064,-103786 28906,-103225 31366,-103100 35379,-103141 35754,-103138 37453,-103148 37809,-103193 38435,-103453 38707,-103712 39332,-104675 39923,-105129 42808,-106501 43479,-106593 43940,-106171 44109,-105704
RB51	R -62344,19834 -62488,19716 -62549,19610 -62554,19501 -62526,19396 -62412,19235 -62229,18971 -62203,18921 -62203,18758 -62288,18417 -62604,16023 -62716,15088 -62661,14389 -62822,13622 -62733,13411 -62408,13202 -61492,12301 -60828,12097 -60033,11916 -59218,11882 -58572,11613 -57947,11387 -57062,11197 -55439,10616 -54040,9750 -53832,9331 -53731,9036 -53817,8501 -53702,8145 -53506,7573 -53429,6689 -53142,5937 -52166,4834 -51419,3943 -50528,2180 -50540,1456 -50363,947 -48878,-144 -48681,-566 -48211,-1423 -48204,-2118 -48114,-2344 -47996,-2426 -47681,-2428
RB52 fährt seit dem 14.12.2003 nicht mehr. Begrenzte Fahrradmitnahme in Bussen ist möglich.	R0 -46955,-1990 -47210,-2054 -47385,-2070 -47523,-2141 -47606,-2299 -47606,-2372 -47460,-4830 -47773,-5386 -47937,-5857 -47784,-6238 -47405,-7393 -47310,-8267 -47115,-8565 -47005,-9032 -46952,-9929 -46753,-10695 -46010,-12460 -44099,-14043 -44037,-14288 -44140,-15360 -43968,-15656 -43859,-16009 -43736,-16477 -43844,-17286 -43849,-17989 -44089,-18889 -44629,-19802 -44659,-20003 -44473,-20342 -44243,-20860 -43590,-21484 -42363,-23226 -42168,-23611 -41750,-25552 -41295,-26535 -41314,-26727 -41669,-27370 -42129,-28335 -42230,-28914 -42305,-29982 -42259,-30281 -41886,-30636 -41590,-31663 -42695,-31245 -42931,-31136
RB54: nur Saisonbetrieb von April bis Oktober	R -25188,75809 -24590,75199 -23628,74191 -23007,72916 -22945,72782 -22883,72510 -22811,72363 -22705,72296 -22347,72203 -22241,72146 -22086,71941 -21701,71123 -21438,69972 -21066,67757 -20923,66910 -20794,66478 -20522,65822 -20211,64327 -20146,64054 -20106,63998 -19600,63514 -19467,63337 -19408,63188 -19256,62770 -19235,62678 -19233,62403 -19301,62201 -19316,62062 -19268,61567 -19343,61277 -19707,60143 -19713,60042 -19695,59899 -19437,57733 -19618,56696 -19746,55485 -19734,55316 -19660,55170 -19552,55097 -19432,55038 -19203,54921 -18854,54853 -15335,54980 -14861,54995 -14667,54977 -14608,54966 -13674,54865 -8902,53938 -8704,53933 -8456,54019 -8016,54305 -7650,54539 -7352,54661 -7090,54728 -6667,54755 -5694,54777 -5390,54830 -5278,54793 -5165,54684
RB60	R 87816,-5935 87380,-5608 87297,-5517 87012,-4860 86728,-4535 86555,-4404 85613,-4041 85090,-3914 84857,-3825 84648,-3544 84315,-2854 84351,-2246 84413,-657 84456,1122 84373,1358 83838,3130 83238,4797 82697,6166 82131,7089 81156,9068 79688,11827 79213,12903 78882,13721 78672,13981 78183,14552 77650,15668 77633,16073 77613,17152 77678,17428 78342,18886 78404,19108 78401,19370 78308,19658 76506,23303 75348,25495 74233,26397 73989,26589 73321,27149 70258,29345 68638,30146 66639,31097 63610,32534 62131,33177 60081,33966 59834,34195 59765,34506 59808,34786 60002,35438 60085,35687 60078,35911 59937,36197 59829,36327 58338,37434 57560,38450 56620,39694 55935,40605 54988,41712 53095,43229 52760,43485 52341,43697 52129,43717 51910,43695 51074,43458 50714,43458 50377,43552 48821,44391 47979,44857 47713,45112 47413,45515 46027,47521 45909,47647 45708,47779 45406,47877 45331,47899 43416,48294 42326,48532 42055,48657 40891,49391 40472,49541 40089,49534 39792,49441 39198,49201 38392,49058 38127,49061 38018,49083 37704,49147 37402,49161 36895,49058 36744,48950 36626,48789
RB63	R 38317,52908 38464,53273 38650,54555 38484,55381 38375,55910 38227,56637 38220,57021 38224,57167 38192,57419 37890,58140 35953,60261 35771,60613 35669,60950 35688,61458 35613,61652 35480,61751 35208,61807 33790,61904 33518,61951 33346,62043 33243,62239 33227,62510 33227,62852 33263,62972 33408,63187 33474,63384 33477,63502 33439,63670 33251,64036 33143,64168 32819,64323
RB73	R -55610,49009 -55756,49323 -54726,52115 -54833,52477 -55120,53222 -59260,57793 -59441,58518 -59535,59286 -61459,63707 -62045,64375 -62157,64802 -62098,65317 -62320,66994 -62744,68331 -62859,69078 -62955,70230 -63533,72983 -63634,73318 -63689,73739 -63902,73861 -64970,74190 -65353,74609 -65987,75785 -66338,76036 -67530,76380 -68121,76714 -69458,77508 -69955,77459 -70587,77643 -71660,78271 -74116,79840 -74336,80484 -73845,80916
RE1	R -21828,-2017 -22146,-1832 -23710,-927 -24410,-497 -24963,-335 -25383,-256 -26569,-45 -28699,320 -29165,302 -29756,219 -32016,-190 -32143,-211 -33597,-474 -33844,-482 -34328,-428 -35377,-238 -35459,-224 -37019,37 -37409,58 -41043,-435 -42430,-632 -43949,-847 -44825,-972 -45424,-1130 -46319,-1594
RE1	R -47681,-2428 -48542,-2958 -50551,-4172 -52249,-5223 -53767,-6088 -54144,-6147 -54503,-6122 -54910,-5959 -55338,-5599 -56057,-4550 -56402,-4213 -56998,-3920 -58337,-3705 -59187,-3567 -59436,-3522 -60058,-3419 -61200,-3257 -66209,-2472 -72884,-1897 -74167,-1786 -74455,-1763 -75057,-1740 -75309,-1772 -75531,-1835 -75772,-1941 -75998,-2078 -78293,-3803 -78569,-3987 -83222,-7458 -84054,-8063 -84724,-8576 -86191,-9657 -86239,-9690 -86726,-10064 -87857,-10884 -89847,-12397 -90951,-13199 -92167,-14126 -93266,-14977 -93661,-15265 -95337,-16504 -95401,-16551 -95391,-16551 -95823,-16874 -96250,-17200 -96530,-17499 -96656,-17692 -98575,-22010 -100632,-25416 -101800,-27384 -101932,-27605 -102517,-28546 -103332,-29911 -103467,-30131 -103515,-30180 -103678,-30341 -103816,-30430 -103997,-30516 -104658,-30800 -105378,-31085 -105564,-31141 -105726,-31165 -105907,-31162 -106114,-31109 -106188,-31075 -106370,-30973 -107446,-30250 -107585,-30197 -107737,-30181 -107878,-30202 -108000,-30257 -108461,-30608 -108566,-30704 -108865,-30980 -109039,-31277 -109371,-31929 -109425,-32063 -109558,-32569 -109596,-32811
RE1	R 39153,615 39259,612 44437,393 45091,259 45741,23 45836,-8 55263,-3509
RE1	R 56674,-3937 62486,-4480 62527,-4485 68891,-5095 69661,-5278 69963,-5374 70326,-5505 70410,-5531 74904,-6995 75206,-7017 75394,-6991 75478,-6977 78352,-6456 79627,-6234 80036,-6237 81952,-6507 82716,-6532 82938,-6498 83465,-6250 83713,-6148 84030,-6100 85901,-6119 86747,-6060 87816,-5935
RE1	RC -17293,-1183 -17847,-1269 -18163,-1357 -19426,-1710 -20359,-1956 -20700,-2020 -21337,-2080 -21828,-2017
RE1	RC 20247,7485 20724,7160 21040,6939 21668,6498 21887,6345 22080,6238 22266,6158 22407,6117 22530,6100 22613,6092 22775,6088 23214,6065 23596,6045 23813,6036 24023,6036 24642,6009 25491,6001 25760,5990 26283,5963 26697,5924 28539,5647 29986,5439 30692,5331 30917,5293 31132,5231 31307,5153 31507,5029 31659,4895 31785,4759 31906,4590 32003,4385 32154,4092 32323,3831 32465,3711 32654,3595 32819,3529 33034,3464 33639,3369 33921,3222 34093,3075 34153,2981 34218,2881 34245,2837 34385,2609 35023,1469 35309,1132 35675,891 36060,772 36632,735 39153,615
RE1,RB11	R 88772,-7090 88771,-8036 88736,-8376 88807,-8726 89092,-9313 89276,-9621 89800,-10050 90040,-10398 90312,-11291 90887,-12801 90976,-13134 90974,-13473 90604,-14439 90366,-15026 90249,-15496 90236,-15987 90350,-16513 90664,-17094 91224,-17937 93504,-21470 95581,-24662 96410,-26009 96543,-26625 96503,-27120
RE1,RB20,RB21,RB22	RC -14975,-1918 -15321,-1949 -15581,-1902 -15875,-1719 -15988,-1651 -16480,-1287 -16930,-1204 -17293,-1183
RE1,RB20,RB21,RB22,RB23	RC -12253,-1991 -12867,-1941 -13347,-1877 -13769,-1848 -13961,-1858 -14241,-1889 -14634,-1896 -14975,-1918
RE1,RB21,RB22	RC -7418,-1416 -7614,-1511 -7790,-1559 -8133,-1621 -10525,-1988 -11034,-2064 -11379,-2066 -12253,-1991
RE1,RB35	R 55263,-3509 56232,-3857 56674,-3937
RE1,RB36,RB11	R 88772,-7090 88701,-6692 88456,-6331
RE1,RB51	R -46319,-1594 -46955,-1990 -47681,-2428
RE1,RB60	R 88456,-6331 88262,-6117 88011,-5990 87816,-5935
RE1,RE2,RE7,RB14	RA 9181,12732 9289,12698 9432,12689 9619,12722 9687,12754 9858,12887 9950,12935 10208,12965 10295,12996 10478,13070 10575,13074 10664,13039 10856,12897 11099,12625 11152,12530 11200,12395 11268,12286 11318,12166 11398,12103 11678,11949 11805,11858 11894,11848 12002,11855 12445,11774 12535,11712 12796,11528 12911,11456 13109,11367 13571,11234 14136,11091 14693,10943 14847,10892
RE1,RE2,RE7,RB14	RC 14847,10892 15196,10792 15301,10761 15458,10717 15761,10557 15919,10430 16131,10242 16752,9873 17925,9070 18131,8960 18796,8492 20247,7485
RE1,RE2,RE7,RB14,RB21,RB22	RA 3481,10820 3592,10862 3772,10920 3887,10959 4004,10977 4670,10930 5107,10895 5264,10899 5364,10945 5438,11016 5520,11186 5558,11251 5619,11373 5682,11535 5730,11706 5769,11839 5801,11967 5844,12087 6021,12373 6082,12479 6184,12568 6295,12619 6429,12635 6604,12628 7031,12578 7140,12599 7241,12649 7538,12899 7632,12983 7797,13137 7891,13186 8007,13225 8138,13237 8250,13233 8352,13195 8418,13142 8563,12928 8646,12854 8705,12823 8822,12819 8936,12819 9093,12766 9181,12732
RE1,RE2,RE7,RB14,RB21,RB22	RB 2208,10221 2582,10406 2936,10583 3296,10753 3481,10820
RE1,RE7,RB21,RB22	RB -4635,1421 -4138,1836 -3964,1985 -3863,2089 -3825,2178 -3784,2358 -3736,2625 -3701,2870 -3556,3157 -3027,3873 -829,6837 -415,7400 -293,7534 -20,7804 81,7929 207,8110 262,8215 349,8431 443,8633 542,8798 628,8887 789,9046 923,9181 1151,9551 1206,9646 1347,9843 1443,9936 1529,9996 1683,10064 1856,10108 2017,10143 2208,10221
RE1,RE7,RB21,RB22,RB33	RC -4635,1421 -4961,1138 -5073,1039 -5152,972 -5302,854 -5690,627 -5921,509 -6024,455 -6136,359 -6241,228 -6289,166 -6704,-478 -7005,-944 -7118,-1111 -7342,-1346 -7418,-1416
RE10,RB24,RB43	R 51765,-73235 51278,-73558 51081,-73709 50912,-73828
RE10,RB43	R 1803,-91344 2065,-92085 2337,-92297 2589,-92063 3238,-91701 5165,-91360 6556,-91164 9342,-90771 9517,-90747 11633,-90448 12116,-90297 14635,-89546 15264,-89396 16901,-89222 18656,-89192 20566,-88137 21705,-87676 23929,-86915 25670,-86305
RE10,RB43	R 50912,-73828 49606,-74713 49405,-74853 48692,-75633 47145,-76805 46837,-76979 46503,-77059 45800,-77080 45273,-77258 44819,-77554 44192,-78028 42440,-79311 39883,-81288
RE10,RB43	R 72673,-71862 72309,-71954 71637,-72005 69530,-72165 67724,-72570 57561,-72712 52441,-72950 52107,-73056 51765,-73235
RE15,RE18	R 44530,-105196 43949,-105784 43726,-105986 38465,-112690 38301,-112929 37546,-114350 37244,-114904 37084,-115171 36182,-116231 36084,-116313 35125,-117014 34939,-117190 34402,-117850 34257,-118105 34194,-118347 34185,-118545 34147,-119143 34131,-119420 34037,-119709 33936,-119938 33757,-120193 33285,-120725 32285,-121508 31949,-121703 31638,-121813 31301,-121869 22921,-122649 22701,-122690 21748,-122960 21572,-123061 21449,-123196 21380,-123409
RE15,RE18,RB31	R 21380,-123409 21343,-123775 21221,-124018 21020,-124232 20734,-124555 20472,-125000 20295,-126669 20051,-127553 20009,-127851 20118,-128095 20332,-128272 20447,-128357 22129,-129393 22330,-129960 22367,-130216 22306,-130600 21465,-133117 21447,-133446 21502,-134171 22111,-134463 23805,-134811 24079,-135018 24165,-136005 24092,-136541 23994,-137492 24183,-138430 25067,-141934 25511,-142501
RE15,RE18,RB49,S4 (Mitteldeutschland),S4 (Mitteldeutschland)	R 44530,-105196 44845,-104751
RE18,RB49	R 53421,-97018 52026,-98028 51184,-98639 49849,-99502 49344,-99923 48798,-100430 45961,-103014 45310,-103690 45057,-104135 44845,-104751
RE18,RB49	R 73343,-71743 73276,-72127 70779,-76819 70188,-78014 69193,-80970 68826,-81526 68050,-82492 66826,-84108 65473,-86119 64960,-87137 63919,-88103 63665,-88269 60721,-90752 60315,-91085 59980,-91254 58768,-91526 58506,-91624 58183,-91882 57561,-92554 57353,-92890
RE18,RB49,S4 (Mitteldeutschland)	R 44109,-105704 44530,-105196
RE2	R -102473,65843 -104304,81935 -104710,85495 -104861,86051 -105109,86600 -105561,87270 -106050,87753 -116013,94920 -116455,95334 -119804,98464 -120154,98947 -120372,99448 -120511,100101 -120644,100378 -120988,100789 -121308,101024 -122843,102135 -123074,102485 -123213,103011 -123225,103207 -123107,103494 -122923,103796 -122717,104061 -122579,104267 -122485,104517 -122455,104737 -122651,106890 -122714,107183 -122944,107862 -123397,109106 -123780,110199 -124028,110854 -125516,113903 -125833,114524 -128915,120755 -129326,121608 -130745,124088 -130812,124549 -130538,125503 -129851,127493 -129392,128772 -129299,129190 -129280,129506 -129407,130573 -129440,130998 -129317,131530 -129163,131798 -128145,133061 -128058,133235 -128010,133384 -127883,133980 -127874,134241 -127937,134896 -128227,135675 -128366,136188 -128402,136725 -128348,137256 -127967,139466 -127635,140644 -127611,140957 -127708,141972 -127931,143246 -127847,144773 -127809,145049 -127659,145570 -127243,146222 -124942,148637 -124616,148843 -124213,149025 -123597,149321 -123033,149966 -122914,150228 -122841,150524 -122796,151391 -123140,153111 -123214,153416 -123397,154035 -123605,154615 -123620,154920 -123517,156236 -123554,156532 -123726,157021 -124041,157527 -124272,157929 -124372,158289 -124583,159602 -124568,159913 -124444,160375 -124028,161199 -123904,161519 -123810,162026 -123792,162346 -123834,162711 -123931,163025 -124094,163324 -124203,163400
RE2	R -25072,22379 -25838,22695 -36566,28924 -36880,29162 -37168,29414 -42501,35115 -45666,38482 -51265,44411 -53882,47169 -55182,48568
RE2	R -55610,49009 -56140,49574 -56643,49972 -61884,52648 -62357,52856 -62816,52951 -63247,52932 -66896,52598 -70222,51976 -70651,51984 -76209,52454 -80231,53746 -80764,53981 -86303,57716 -89500,59887 -90141,60293 -90994,60758 -95714,62878 -96349,63008 -100698,63337 -101261,63324 -101554,63401 -101830,63579 -102088,63923 -102297,64496
RE2	R 50092,-60028 50161,-60073 51061,-60677 53612,-63433 54769,-64897 56276,-66825 58172,-67764 59253,-68306 62344,-68902 65614,-69976 66521,-70266 67304,-70319 68484,-70746 69922,-71139 71914,-71679 72673,-71862
RE2	RC 21201,2066 21225,1893 21286,1767 21544,1542
RE2,RB10,RB14	R -16937,19087 -19780,20243 -23223,21639 -25072,22379
RE2,RB10,RB14	RC -14995,18316 -16447,18895 -16937,19087
RE2,RB14	RB 2208,10221 2045,10114 1830,10060 1661,10054 1535,10088 1321,10175 1146,10286 1006,10491 922,10791 873,10952 795,11039 523,11223 385,11360 333,11485 164,12063 128,12319 65,12505 -9,12654 -122,12789 -348,13016 -748,13327
RE2,RB22	RC 21544,1542 21836,1288
RE2,RB24	R 26348,-11950 26359,-12549 26385,-13149 26494,-13883 26689,-15118 26672,-15428 26650,-15695 26536,-16902 26620,-17486 26706,-17867 26727,-17991 26767,-18224 26771,-18356 26757,-18505 26733,-18602 26637,-18860 26424,-19178 26016,-19847 25632,-20901 25605,-21088 25606,-21229 25648,-21385 25964,-22098 26013,-22308 26096,-23160 26230,-23577 26349,-23784 26911,-24567 27705,-26035 27782,-26251 27930,-26976 27995,-27157 28135,-27520 28758,-28572 29787,-30076 30337,-30891 31547,-32693 31645,-32840 32372,-33728 32537,-34042 32829,-34732 33305,-35876 33356,-36311 33361,-36445 33365,-36803 32984,-39087 32858,-40729 32880,-40911 33067,-41376 33278,-41809 33409,-41994 35364,-44011 36938,-45645 40155,-48954 40581,-49320 42641,-50112 43031,-50423 43878,-51288 44496,-51922 44647,-52140 45152,-53482 46218,-56351 46859,-58072 47026,-58339 47279,-58570 48833,-59210 49226,-59451 49801,-59844 50092,-60028
RE2,RB24,RB22	RC 21836,1288 22143,965 22521,537 22981,116 23355,-262 23774,-697 23903,-852 24043,-1063 24159,-1330 24263,-1586 24872,-3095 25062,-3535 25269,-4041 25658,-5270 25860,-5869 25956,-6072 26040,-6233 26430,-7173 26539,-7440 26655,-7764 26710,-8144 26656,-8504 26479,-9206 26348,-9835 26329,-10214 26315,-10597 26348,-11950
RE2,RB73	R -55182,48568 -55610,49009
RE2,RE10,RB43	R 72673,-71862 73343,-71743
RE2,RE18,RB49,RE10,RB43	R 73343,-71743 74670,-71679
RE2,RE4,RE6,RB10,RB13,RB14	RB -748,13327 -925,13398 -1245,13488 -2168,13648 -2891,13780 -3146,13854 -3361,13966 -3663,14083 -4149,14167 -4766,14330 -5489,14498 -5606,14534
RE2,RE6	R -102297,64496 -102473,65843
RE2,RE6,RB10,RB14	RB -5606,14534 -5819,14597 -6387,14841 -7785,15392 -8380,15635
RE2,RE6,RB10,RB14	RC -14995,18316 -13390,17659 -11091,16736 -9211,15964 -8380,15635
RE2,RE7,RB14	RC 21201,2066 21257,2238 21312,2430 21337,2517 21412,2821 21420,2991 21415,3204 21343,3523 21151,3983 21101,4237 21049,4770 20976,5678 20944,5825 20897,5975 20662,6367 20554,6555 20510,6687 20476,6807 20473,6937 20459,7191 20431,7267 20337,7388 20247,7485
RE3	R -13169,-46942 -13452,-47313 -13666,-47749 -13771,-48280 -13776,-48688 -13676,-49218 -13075,-51085 -12441,-53091 -12408,-53184 -12267,-53627 -11220,-56934 -10937,-57814 -10267,-59948 -9753,-61929 -7629,-69884 -7578,-70067 -7429,-70639 -7348,-70905 -7210,-71241 -7079,-71501 -6326,-72752 -4694,-75439 -3650,-77157 -2858,-78469 -1790,-80227 -1543,-80660 -1390,-80976
RE3	R 16925,174504 16716,174712 15481,176035 12183,178919 12141,178951 11689,179346 11231,179912 8921,183203 6342,185776 4953,187141 4658,187431 4499,187588 2451,189625 308,191730 -2778,194959 -6029,198302 -7523,199420 -10978,201971 -11550,202666 -13695,206151 -14792,208930 -15273,210135 -15792,211124
RE3	R 17394,174014 21792,169304 21923,169163 22525,168538 26599,162870 27307,161906 27625,161637 27778,161482 30866,158621 31233,158281 31541,157855 32741,155086 33705,152843 34308,151439 34323,151403 34929,150012 36572,146882 36862,146312 36992,146109 37475,145205 39777,140892 40228,140118 40359,139907 44204,133763 44287,133631 45540,131614 46604,129401 47929,126583 48108,126017 48036,125243 47854,124113 47729,123756 47560,123535 44580,120677 43908,119977 43592,119431 42250,115925 42224,115817 41400,113074 41344,112769 41364,112365 41789,110398 41798,110005 41747,109604 40620,105644 40539,105294 40303,104052 40222,103642 39987,102437
RE3	RC 13827,22126 14004,22426 14210,22756
RE3,RB33	R -12756,-46462 -12214,-45843
RE3,RB43	R -1390,-80976 -1256,-81290 -756,-82909 -359,-84242 -26,-85329 1467,-90251 1803,-91344
RE3,RB61	R 49537,68462 49361,69115 49379,69433 49463,69701 50401,70720 51290,71662 52205,72352 52859,72830 54137,73562 54692,73867 55594,74156 55693,74184 57990,74898 58209,74971 58632,75191 59267,75400 59835,75597 61653,76173 61829,76201 63246,76081 63902,76025 64202,75971 65412,75698 66718,75391 68083,74750 68641,74483 69068,74310 69409,74168
RE3,RB62	R 47355,70907 48401,70440 48552,70244 48742,69855 48912,69537 47930,70273 47463,70752 47168,71045 46039,72166 45701,72652 45511,73074 45368,74485 45132,75008 44781,75345 44022,75860 43717,76108 43470,76425 43081,77252 42228,79118 42086,79436 41672,80265 41611,80609 41559,81175 41327,83543 41028,84581 40904,85187 40841,86087 40863,86334 41026,87058 41055,87149 41353,88271 41815,89315 41840,89712 41812,90377 41721,90761 41460,91207 41388,91325 41196,91656 40695,92519 40563,93162 40569,93794 40619,94186 40866,94920 40892,95605 41323,96820 41432,97193 41488,97599 41443,97999 41197,98927 40670,100854 40005,101891 39951,102085 39987,102437
RE3,RB62,RE66,RB66	R 49537,68462 48912,69537
RE3,RE10,RB43	R 25670,-86305 26719,-86033 29161,-86182 32311,-85496 33005,-85223 33232,-85117 33983,-84575 34974,-83889 36549,-83045 39883,-81288
RE3,RE4	R 1206,-17835 -298,-20127 -485,-20478 -729,-21141 -981,-21804 -1147,-22442 -1200,-23088 -1148,-23896 -1342,-29644 -1412,-30169 -1556,-30635 -1692,-30937 -1866,-31212 -2071,-31470 -2833,-32291 -3660,-33186 -4891,-34911 -5167,-35310 -5546,-35829 -6550,-36822 -8726,-38877 -9514,-39622 -9751,-39902 -10100,-40450 -10359,-41100 -10633,-42335 -10969,-44018 -11055,-44276 -11297,-44738 -11491,-44999 -12214,-45843
RE3,RE4	RC 2529,-6832 2364,-7555 2139,-8563 1877,-10162 1617,-12044 1526,-12629 1526,-13330 1654,-16553 1611,-16962 1558,-17195 1448,-17454 1206,-17835
RE3,RE4,RE5	RB 5440,2601 5485,2645 5730,2880 5912,3062 6041,3205 6153,3326 6371,3590 6426,3643 6803,4073 6877,4178 7031,4416 7153,4673 7214,4793 7412,5275 7450,5675 7869,7674
RE3,RE4,RE5	RC 5440,2601 5259,2317 5168,2214 4993,2045 4855,1876 4698,1651 4597,1519 4514,1370 4397,1104 4273,754 4149,362 4085,51 4021,-237 3575,-2172 2655,-6260
RE3,RE4,RE5	RC::Br 2655,-6260 2529,-6832
RE3,RE4,RE5,RB10	RA 7786,13667 7637,13898 7408,14229 7306,14382
RE3,RE4,RE5,RB10	RA 7869,7674 8034,8207 8269,8893 8319,9198 8319,9530 8315,9899 8311,10244
RE3,RE4,RE5,RB10	RA::Tu 8311,10244 8292,10456 8324,10726 8403,11005 8502,11345 8522,11503 8308,12451 8278,12626 8144,12958 8007,13225 7786,13667
RE3,RE5	RA 7306,14382 7289,14564 7318,14703 7394,14820 7830,15200
RE3,RE5	RC 9363,15881 9510,15896 9652,15914 9786,15950 9884,16021 9962,16165 9951,16352 9906,16605 9913,16910 9937,17060 10020,17169 10319,17466 10563,17689 10621,17757 10796,17924 10933,18048 11161,18280 11798,18926 11894,19036 12000,19204 12076,19329 12568,20137 12918,20692 13224,21155 13735,21981 13827,22126
RE3,RE5,RE6	RA 7830,15200 8556,15719 8731,15786 8870,15819 9019,15847 9144,15855 9363,15881
RE3,RE66,RB24,RB66	R 36315,48006 36164,47819 35295,47041 34007,45893 30063,42269 29553,41441 29469,41288 28262,39241 28199,39134 27139,37340 26674,36559 25740,34997 25726,34974
RE3,RE66,RB24,RB66	RC 14210,22756 14253,22818 14542,23259 14608,23364
RE3,RE66,RB24,RB66	RC 25726,34974 23549,31301 23098,30545 22841,30263
RE3,RE66,RB27,RB66,RE66,RB24,RB66	RB 14608,23364 14809,23679 15088,24137
RE3,RE66,RB60,RB62,RB63,RB66	R 36626,48789 36533,48370 36447,48191 36315,48006
RE3,RE66,RB62,RB63,RB66	R 36626,48789 36773,49724 36866,50268 37034,51275 37092,51497 37228,51744 37898,52485 37940,52528 38317,52908
RE3,RE66,RB62,RB66	R 38317,52908 40770,55540 41135,55902 41198,55961 41825,56550 43581,57725 46088,59440 46306,59702 46414,59959 46679,60720 47132,62001 48437,63913 48516,64085 48631,64368 49469,66855 49689,67556 49715,67812 49700,68056 49537,68462
RE3,RE66,RB66,RE66,RB24,RB66	RC 15088,24137 15625,24961 16132,25743 16206,25846 16368,26042 16810,26492 17118,26775 17633,27219 18134,27677 18899,28383 19113,28576 19350,28731 22634,30097 22841,30263
RE3,S2 (Mitteldeutschland),S8 (Mitteldeutschland)	R -12756,-46462 -13169,-46942 -14221,-48162 -14781,-48575 -15266,-48775 -17404,-49252 -19852,-49776 -22883,-50700 -25651,-51575 -26983,-52335 -29663,-53948 -30173,-54341 -30623,-54830 -31029,-55427 -32626,-57868 -32774,-58061 -33171,-58466 -33834,-58953 -34296,-59153 -34791,-59313 -37556,-59726 -37864,-59843 -38089,-60006 -38534,-60706
RE3,UBB	R 17394,174014 16925,174504
RE4	R -21187,15667 -22112,15751 -25369,16104 -26027,16301 -26419,16436 -33034,18987 -34157,19404 -34800,19543 -42444,19790 -51045,20494 -53539,20656 -55193,20706 -60385,20505 -60743,20424 -61127,20288
RE4,RB10	RA 7306,14382 7235,14454 7110,14515 6996,14538 6614,14465 6295,14430
RE4,RB13	RB -5606,14534 -5869,14532 -6331,14340 -6465,14308 -6683,14285 -7506,14349
RE4,RB13	RC -7506,14349 -13131,14910 -17129,15268 -18403,15479 -19247,15540
RE4,RB13,RB21	RC -19247,15540 -19917,15570 -20199,15594 -21187,15667
RE4,RE6,RB10	RA 6295,14430 5299,14185 4216,13949 3705,13835 3352,13752
RE4,RE6,RB10,RB13	RB -748,13327 -541,13249 -316,13237 757,13346 1200,13396 1719,13456 2411,13567 2695,13619 3352,13752
RE5	R -13074,107151 -12781,107382 -12343,107528 -11831,107492 -10417,107078 -10003,107065 -9478,107248 -5615,109990 -5127,110173 -3385,110149 -1825,110612 -1496,110819 -1361,110978 -1215,111282 -923,112014 1197,114756 1416,115024 2026,115572 2489,116365 2733,116962 2733,117413 2586,117815 1916,118583 1502,119546 1575,119875 1758,120216 1770,120557 1648,120947 1294,121520 758,122361 673,122629 685,123019 1026,124262 990,124677 770,125042 600,125481 185,126115 39,126492 -350,127894 -460,128089 -569,128223 -862,128296 -1691,128406
RE5	R -5344,55352 -6070,59687 -6111,59917 -6401,61476 -6547,61759 -6612,61893 -7005,62492 -7116,65268 -7027,65571 -6777,65978 -6614,66250 -6379,66588 -5775,67593 -5561,68076 -5497,68425 -5483,68793 -5526,69101 -5779,70056 -6211,71583 -6277,72022 -6100,73876 -6044,74616 -6024,75511 -5939,76299 -6550,78925 -7695,81678 -8096,82773 -9287,84559 -9488,85096 -9471,85547 -9137,86531 -9017,86916 -9031,87221 -9219,87544 -9599,88120 -9814,88520 -10387,90271 -11482,91648 -11621,92055 -11689,93030 -11965,97240 -12850,99829 -12429,101916 -12614,102411 -12765,102542 -13137,102923 -13926,104513 -14096,104891 -14129,105133 -14094,105364 -13933,105645
RE5	R 15545,-26610 15580,-26698 15682,-26971 16114,-27961 16261,-28494 16379,-29446 16387,-29522 16486,-30414 16630,-30953 17731,-34811 18101,-35914 18740,-38418 18992,-39420 20126,-41370 21020,-42586 21485,-43236 22233,-44967 22928,-46895 23193,-47694 23314,-48026 24276,-50866 24325,-51349 23799,-54415 23623,-55355 23623,-55806 23757,-56307 23985,-56889 25814,-61479 25964,-61856 26268,-62623 27356,-64096 27580,-64606 27580,-65103 27241,-65655 27069,-65901 26986,-66333 27090,-67580 26571,-70171 25434,-77435 25286,-78294 24201,-84087 24097,-84605 23502,-85999 23340,-86911 23257,-87958 24091,-92298 24136,-93228 24297,-95773 24426,-100329 24321,-100627 24178,-100864 23621,-101389 22501,-102573 21106,-103336 20996,-103420 20824,-103604 20749,-103747 20708,-103833 20673,-103954 20545,-104611
RE5	RC 10901,-6258 11063,-6246 11166,-6279 11264,-6368 11325,-6508 11371,-6779 11511,-7138
RE5	RC 13827,22126 13850,22200 13876,22344 13866,22474 13821,22604 13752,22704
RE5	RC 1539,-8397 1165,-8385 886,-8207 702,-7899 731,-7517 1051,-7191 1648,-6988 2089,-7085 2236,-7075 2388,-7002 2529,-6832
RE5,RB12	R -5043,54367 -4565,53121 -3453,51255 -3358,51094 -3060,50580 -1530,45604 -1505,45521 -868,43453 -353,42368 -271,41911 -270,41550 -417,41012 -533,40617 -558,40520 -883,39275 -887,39090 -824,38867 -672,38539
RE5,RB12	R -5165,54684 -5344,55352
RE5,RB12	RC 13752,22704 13486,23003 13301,23212 12909,23662 12165,24522 11750,24998 11244,25570 10803,26006 10196,26582 9847,26908 9265,27443 9114,27542 8851,27676 5712,28711 5359,28848 3963,29489 2893,29994 2563,30259 2273,30610 2188,30809
RE5,RB12	RC 3963,29489 3628,29513 3456,29441 3334,29312 3273,29178 3210,28773 2956,28442 2698,28317 2310,28412 2159,28570 2135,28615 2082,28802 2087,29061 2158,30267
RE5,RB12,RB20	RC 2158,30267 2188,30809 2178,30996 2136,31373 2071,31665 1943,32102 1281,34251 430,36942 312,37185 151,37389 -199,37739 -436,38100 -672,38539
RE5,RB12,RB54: nur Saisonbetrieb von April bis Oktober	R -5165,54684 -5122,54564 -5043,54367
RE5,RB16 (MV)	R -13933,105645 -13074,107151
RE5,RB22	RC 10901,-6258 9806,-6639 7905,-6960 4974,-7452 4358,-7515 3635,-7623 2636,-7995 2206,-8149 1539,-8397
RE5,RB24	R 53851,-84630 54195,-86106 54177,-86987 53997,-89553 54031,-89812 54249,-90896 54469,-91407 54997,-91611 56690,-91690 57190,-92060 57365,-92414 57353,-92890
RE5,RB31	R 20545,-104611 20441,-105131
RE5,RE18,RB24,RB49	R 57353,-92890 56864,-94006 56519,-94309 54463,-96285 54090,-96457 53421,-97018
RE5,RE7	R 12689,-12237 12755,-12554 13111,-14159 13153,-14439 13212,-17363 13282,-18250 13295,-18620 13303,-18833 13320,-19093 13412,-20513 13431,-20775 13484,-21595 13528,-21855 13716,-22301 14226,-23436 15545,-26610
RE5,RE7	RC 11511,-7138 11601,-7560 11620,-7638 11875,-8728 11916,-8926 12689,-12237
RE6	R -102473,65843 -102416,66084 -102259,66259 -100641,66986 -100269,67151 -97132,71097 -96974,71620 -96693,71938 -96458,72069 -96007,72100 -95627,71728 -95011,71498 -94782,71494 -94249,71819 -92119,73416 -91453,73783 -89918,74178 -89488,74416 -89011,74462 -87779,74812 -87436,75028 -84807,77181 -83668,77665 -83113,78142 -82643,78468 -82342,78599 -81713,78608 -81001,78810 -80612,78837 -78341,80135 -77180,80574 -76532,80711 -75337,80726 -74276,80782 -73845,80916 -73218,81030 -72937,81076 -71248,81118 -69564,81235 -67813,81134 -67357,81119 -66537,81407 -65634,81373 -63887,81254 -63304,81411 -62404,81744 -61864,81852 -61366,81836 -59912,81663 -59393,81692 -58986,81975 -57901,82270 -57298,82556 -57030,82549 -56030,82456 -54734,82879 -54372,82946 -53938,82823 -53565,82594 -53365,82255 -53185,81766 -53110,81084 -52665,80279 -50966,78459 -50569,77931 -50178,77161 -49678,72974 -49502,72720 -49110,72340 -48095,70060 -48006,69868 -45850,67473 -43454,64697 -43192,64336 -42194,62121 -41257,61190 -40645,60255 -39990,59534 -39723,59259 -37430,58107 -35008,58030 -34559,57927 -34345,57866 -32635,57006 -32315,56967 -32038,57184
RE6	R -14877,38204 -15081,38465 -15109,38589 -14975,40027 -14895,41099 -15303,42744 -15992,43692 -16281,43881 -19996,46176 -20232,46311 -22880,48051 -24804,49561 -25033,49754 -25916,50404 -26778,50951 -27511,51435 -27812,51903 -28395,54104 -28964,56147 -29902,57308 -30288,57346 -30869,57510 -31278,57825 -31493,57844 -31771,57647
RE6	RA 6295,14430 6675,14512 6944,14562 7060,14610 7447,14907 7830,15200
RE6	RC -14995,18316 -15362,18614 -15404,18991 -15342,19183
RE6,RB20	RC -15342,19183 -14917,19569 -14556,19911 -13875,20548 -12733,21643 -11285,22826 -8931,24667 -5030,27644 -4257,27924 -3954,27904 -3673,27671 -3576,27376
RE6,RB20,RB55	RC -3576,27376 -3566,27821
RE6,RB55	R -9562,34675 -9783,34896 -11222,36087 -11386,36243 -11823,36531 -13357,37176 -13953,37426 -14275,37526 -14397,37609 -14877,38204
RE6,RB55	RC -3566,27821 -3589,28098 -3590,28354 -3634,28460 -3786,28694 -4197,29119 -5417,30402 -5713,30692 -7346,32440 -7654,32774 -9562,34675
RE66,RB24,RB66	RC 14308,22061 14166,22316 14140,22471 14157,22612 14210,22756
RE66,RB66	R 48912,69537 48312,70539 48162,70928 47701,72277 47684,72534 47709,72727 48890,75864 49212,76253 50483,77129 50745,77355 51798,78477 53684,80492 56301,83419 56446,83578 56949,84276 58708,86807 58837,86953 59056,87121 59826,87562 59927,87619 60936,88193 63028,90343 63329,90655 63518,90843 66261,93682 66435,93817 66499,93857 69536,95642 71808,96387 72401,96703 72840,97178 73017,97449 73148,97752 73216,97968 73267,98271 73426,100757 73550,101230 73787,101637 74101,101959 74437,102167 76141,102808 76698,103115 77153,103453 77443,103753 78847,105423 79920,106722 80140,107086 80265,107470 80889,110253 80956,110467 81159,110857 81471,111198 81723,111380 82078,111543 82421,111634 82457,111639 82588,111663 83719,111792 84220,111928 84599,112167 85300,112812 85702,113213 86001,113770 86276,114076
RE7	R -67535,-64457 -67300,-63354 -67635,-61556 -67593,-60472 -67486,-59433 -67475,-59159 -67440,-58976 -67303,-58485 -67059,-58165 -66691,-57592 -66328,-57349 -65231,-56873 -65033,-56648 -64981,-56361 -65164,-54311 -65240,-53260 -65097,-52842 -63570,-51051 -63025,-50484 -60585,-48778 -60060,-48120 -59232,-46758 -59055,-46112 -58909,-45024 -57952,-42181 -57354,-39573 -56879,-37620 -56240,-35895 -55947,-35466 -55438,-35326 -54891,-35326 -54747,-35332 -53957,-35359 -53406,-35228 -52279,-34680 -51166,-34366 -49143,-34378 -48452,-34287 -47705,-34046 -47336,-33842 -47017,-33570 -46151,-32730 -45127,-31569 -44795,-31188 -44533,-31020 -44175,-30934 -43747,-30975 -43278,-31127 -42931,-31136 -42652,-30928 -40661,-28839 -40277,-28510 -39801,-28281 -37650,-27751 -34686,-27029 -34333,-26828 -32833,-25250 -32726,-25134 -31782,-24159 -30149,-22937 -26380,-20185 -26258,-20094 -22641,-17455 -21560,-16569 -19960,-15191 -18869,-14274
RE7	RC 11898,-5865 11669,-5984 11532,-6102 11438,-6246 11392,-6413 11401,-6593 11511,-7138
RE7,RB14	RC 20907,1410 21026,1631 21108,1802 21201,2066
RE7,RB14,RB22	R 18055,-1466 18487,-1128 18697,-963 19065,-668 19316,-478 19732,-147 20039,110 20297,381 20413,525 20531,694 20772,1141 20907,1410
RE7,RB22	RC 18055,-1466 17024,-2277 15070,-3731 13877,-4646 12816,-5434 12487,-5612 11898,-5865
RE7,RB23,RB33	RC -14536,-10396 -16069,-11873 -17623,-13232 -18869,-14274
RE7,RB33	RC -7418,-1416 -7542,-1563 -7728,-1738 -7838,-1861 -8001,-2097 -8152,-2399 -8429,-2860 -8504,-2983 -9620,-4939 -9996,-5596 -10063,-5703 -11202,-7672 -11540,-8186 -11752,-8486 -11995,-8631 -12751,-8997 -13144,-9180 -13443,-9369 -13899,-9791 -14536,-10396
Rangierbahnhof Grunewald	RG 962,9136 1583,9713 2045,10114
Rosslau - Coswig	R -65231,-56873 -63996,-56535 -63344,-56546 -59896,-57840 -58349,-58118 -55291,-58706 -53047,-58713 -52435,-58751
S4 (Mitteldeutschland),RE15	R 53190,-104945 48950,-105029 47037,-105116 44845,-104751
S4 (Mitteldeutschland),RE15,S4 (Mitteldeutschland),RE15	R 53190,-104945 54443,-105090 55349,-105265 59617,-105750 62848,-106257 68778,-107065 69470,-107134
Schmachtenhagen - Fichtengrund (Süd)	R0 1331,41308 282,41321 56,41332 -76,41304 -146,41285 -212,41251 -264,41215 -310,41165 -364,41106 -417,41012
Schmachtenhagen - Fichtengrund (Süd)	R0 2088,41298 1406,41307
Schmachtenhagen - Fichtengrund (Süd)	R0 5206,41006 5150,41018 4581,41115 4451,41142 4200,41182 3709,41260 3167,41284 2108,41298
Schmachtenhagen - Fichtengrund (Süd)	R0::Br 1406,41307 1331,41308
Schmachtenhagen - Fichtengrund (Süd)	R0::Br 2108,41298 2088,41298
Tanklager Seefeld	R0 28720,24012 28821,24023 28934,24001 29017,23967 29113,23872 29147,23749 29136,23404 29110,23220 29062,23103 28572,22601
UBB	R 17394,174014 17708,173822 17971,173763 18326,173768 18714,173870 19366,174320 20981,175541 21024,175581 21987,176375 25325,177375 25875,177788 26568,178286 28368,179590 29098,180702 29147,180773 29650,181337 30900,181712 31375,182012 31675,182600 31940,183001 32346,183291 32443,183584 32533,183740 33088,183907 33150,184035 33625,184462 34460,184494 36165,185728 36212,185764 37387,186608 37774,186808 38289,186921 38447,186930 38904,186892 39384,186762 40249,186550 40706,186351 40952,186220 41168,186115 41962,185637 42446,185504 43975,185275 44639,185320 45318,185338 45950,185098 47066,183368 47334,183074 47760,182664 48129,182607 48394,182512 48754,182227 48925,182039 49020,181944 49483,181540 49683,181262 49961,180736 50695,179785 50862,179612 50959,179530 51270,179246 51899,178200 52718,176170 52830,176128 54159,175822 54788,175406 56362,174162 56546,174049 57184,173662 57669,172974 58110,172349 58734,171556 59162,171562 59400,171987 59350,172312 59747,171919 60381,171091 60676,170842 62358,169623 63651,168792
UBB	R 39384,186762 38687,187482 38435,187917 38371,187961 37533,188590 36600,189885 35752,190824 35705,190879 35557,191099 35461,191291 34528,193561 34274,193837 34109,193938 33755,193911 33191,193663 32903,193480 32307,193299 32079,193165 31820,193161
UBB,UBB	R 59350,172312 58962,172675
Verbindung Frankfurter Allee - Lichtenberg	RG 15273,11854 15316,11555 15364,11445 15482,11328 15604,11256
Verbindungskurve	R0 -15367,-2338 -15402,-2085 -15581,-1902
Verbindungskurve Fürstenberg	R0 -8518,87628 -8914,87638 -9178,87730 -9599,88120
Verbindungskurve Ostkreuz - Rummelsburg	RG 15604,11256 15714,11128 15787,10929 15872,10571 15919,10430
Verbindungskurve Wuhlheide	RG 20554,6555 20532,6665 20536,6741 20564,6823 20637,6921 20722,6971 20824,6993 20933,6974 21040,6939
Verbindungskurve Wuhlheide	RG 21668,6498 21310,6678 21198,6715 20757,6818 20686,6857 20593,6962 20564,7060 20562,7163
Wriezener Bahn	RG 18838,15177 18880,15043 19030,14787 19066,14711 19134,14428 19138,14353 19110,14267 19042,14190 18976,14153 18844,14101 18769,14057 18718,14003 18692,13950 18678,13891 18636,13532 18633,13387 18555,12743 18516,12512
zum Güterbahnhof Berlin-Hohenschönhausen	RG 18509,16829 18537,16481 18764,15533 18838,15177 18833,14977 18771,14886 18697,14840 18606,14830 18502,14861 18180,15084 17953,15221 17774,15318 17617,15367 17424,15400 16964,15468
	R0 -13899,-9791 -13350,-9467 -12852,-9385 -12366,-9469 -11236,-9661 -10405,-9638 -9052,-9377 -8627,-9291 -8229,-9316
	R0 -16411,18196 -16371,18491 -16330,18664 -16447,18895 -16153,18839 -15662,18969 -15342,19183
	R0 -18072,-2482 -18480,-2247 -18951,-2019 -19463,-1976 -20080,-2063 -20700,-2020
	R0 -18825,-987 -18887,-1137 -18887,-1262 -19075,-1587 -19426,-1710
	R0 -19960,-15191 -19690,-14798 -19714,-14093 -19390,-15332
	R0 -29902,57308 -29580,57227 -29301,57359 -29047,57812 -28898,58134 -28728,58521 -28451,58739 -28173,58936 -27809,58912 -27559,58939 -27221,58964 -26913,58900 -26386,58698 -26054,58692 -25400,58529 -24860,58147 -23954,57639 -23318,57312 -22504,56904 -21916,56614 -21551,56212 -21166,55783 -20907,55639 -19660,55170
	R0 -31771,57647 -32038,57184 -32378,56730 -32634,56664 -34214,56624 -35480,56218 -37715,55491 -38294,55228 -39447,53481 -39603,53209 -40440,52986 -41412,52298 -41757,52058 -42081,51948 -42493,51900 -43316,51913 -44359,52182 -45277,52849 -45993,52970 -47381,53107 -48066,53112 -48367,53001 -49619,51427 -50397,50906 -50602,50642 -51205,48809 -51351,48400 -51887,48114 -52275,48089 -53567,47860 -54148,47844 -54538,48011 -55182,48568
	R0 -4257,27924 -3589,28098 -3246,28205
	R0 -54148,47844 -54352,47176 -55549,46286 -57132,45158 -57903,45085 -58610,44799 -59903,43873 -60833,41464 -60668,40400 -61150,38054 -61615,37516 -62081,36914 -62879,36261 -63398,35190 -63988,32086 -64014,31086 -62868,28400 -62745,27467 -62232,26303 -61612,23548 -61492,22827 -61414,21999 -61054,21388 -60473,21011 -60085,20825 -60077,20316 -60204,20250 -60420,20353 -60743,20424
	R0 -58223,118869 -58211,118790 -58272,118619 -58455,118510 -58772,118473 -59990,118857 -60472,119101 -61398,120057 -61678,120514 -62404,121270 -62842,121587 -63177,121776 -67114,123927 -67291,123988 -67498,123982 -67754,123884 -67973,123769 -68199,123762 -68394,123842 -68583,124110 -68644,124341 -68881,124786
	R0 16162,79250 16196,79268 17499,79944 18019,79986 18564,79538 19366,79190 20433,78961 20866,78826 22665,78750 23034,78831 23317,78678 24754,77507 24914,77407 26811,76231 27216,75902 27693,75450 27995,74892 28494,74673 28755,74478 29035,73985 29662,73276 29767,72721 29854,72355 29788,71717 29573,71105 29542,69987 29531,69814 29571,69085 29635,68699 31433,65677 32187,64661 32819,64323
	R0 17499,79944 18841,80707 18947,81344 19029,81437 19270,81746 19962,82319 20512,82951 21256,83503 21864,83909 25030,85188 25390,85549 26090,86927 26223,87256 26816,88746 27582,89440 28020,90451 28969,91829 29441,92304 29903,92492 32044,94243 32068,94585 31324,95360 31017,95641 30975,95876 31086,96111 31461,96451 32490,98013 32651,98245 32875,98652 32978,99068 33570,99576 34049,99617 34812,99932 35424,99951 36538,100521 37106,100775 37456,100986 38439,102279 39387,103064 39603,103679 39587,103872 39515,104021 39459,104175 39457,104300 39504,104433 39599,104542 39757,104625 39888,104645 40039,104623 40143,104570 40231,104492 40280,104401 40304,104326 40312,104244 40303,104052
	R0 1752,29840 2417,29906 2728,29871 3118,29687 3278,29406 3273,29178
	R0 2121,13108 2101,13209 2038,13319 1935,13393 1822,13427 1719,13456
	R0 24097,-84605 24150,-84920 24444,-85391 25137,-86078 25670,-86305
	R0 2636,-7995 2375,-8288 2139,-8563
	R0 32838,26172 33567,26416 33825,26477 34151,26841 36189,28471 38906,30514
	R0 39603,103679 39817,104701 39862,104823 39958,104949 40566,105537 40620,105644
	R0 39654,14564 40248,14503 40496,14524 40841,14565 41079,14818 41317,15114 41406,15624 41668,16174 41778,16599 42126,17274 42365,17655 42647,17909 42970,18183 43100,18458 43126,19011 43151,19585 43303,19839 43498,20071 43789,20230 44177,20484 44311,20685 44484,21068
	R0 39757,104625 39623,104609 39507,104617 39379,104660 38025,105330
	R0 39883,-81288 40355,-81198 41048,-81117 41676,-81254 45253,-83432 45984,-83891 47240,-84271 49024,-84461 50137,-84327 51566,-83919 52322,-83780 53036,-83898 53642,-84271 53851,-84630
	R0 49344,-99923 49196,-100264 49129,-100796 49419,-101291 52257,-103609 52526,-103976 52608,-104426 52857,-104664 53190,-104945
	R0 50375,30836 50833,30542 51779,30245 53297,30249 55571,30338 56725,30392 57074,30671 57169,31280 57380,31513 57745,31653 58472,31839 58877,32054 59070,32276 59676,32756 59729,33160 59514,33590 59418,33998 59561,34403 59808,34786
	R0 55917,-12682 56076,-13335 56187,-13914 56271,-14149 56527,-14406 60288,-14704 60649,-14836 61919,-15513 62864,-16032 63873,-18582 64291,-19380 64523,-19510 65755,-20078 66496,-20467 66816,-20727 67381,-21694 67712,-22751 68000,-23651 67963,-24110 68015,-24308 68069,-24387
	R0 77291,-70715 78711,-69388 79845,-67910 81599,-65282 81942,-64776 82116,-64352 82441,-63040
	R0 78350,-64770 78745,-61239 79946,-59208
	R0 8643,38865 8655,39030 8926,40020 9232,41584 9291,41882 9343,42173 9407,42489 9707,43684 10095,45368 10250,45945 10360,47148 10109,47962 9732,49917 9540,50216 9525,51810
Damme - Eickstedt	R0 50539,99867 50904,99843 51374,99853 52220,99977 52908,100164 53286,100152 53410,100164
Draisinenstrecke Germendorf - Kremmen	R0 -5704,38237 -7228,38908 -9158,39385 -10234,39355 -10732,39223 -13938,37514 -14192,37515 -14397,37609
Draisinenstrecke Gramzow - Lützlow	R0 50735,90479 50581,90731 50445,90988 50428,91165 50485,91361 50731,91767 50807,91895 50829,92007 50825,92111 50750,92407 50752,92530 50888,93160
Draisinenstrecke Lychen - Fürstenberg	R0 1264,89478 460,89253 -281,88664 -850,88410 -1774,87750 -2617,87171 -3734,86927 -4475,87069 -5430,87151 -5887,87080 -6801,87252 -8089,87608 -8518,87628 -8812,87496 -8893,87354 -9031,87221
Draisinenstrecke Mittenwalde - Königs Wusterhausen	R0 21656,-16383 21910,-16434 22164,-16362 22956,-15824 23687,-15357 24226,-15184 24388,-15032 24440,-14846 24449,-14748 24297,-14311 24832,-13747 25109,-13519 26297,-12808 26350,-12665 26348,-11950
Draisinenstrecke Templin - Lychen	R0 14467,78138 14323,78040 14110,78020 13907,78091 13754,78213 13500,78538 12586,79198 11439,80579 10332,81646 8828,82824 7742,83758 6432,84733 5700,85190 5192,85780 4522,86237 4329,86450 3984,87567 3923,87730 3699,87902 3242,88471 3121,88654 2928,88776 2684,88837 2318,88877 2176,88918 2064,89009 1851,89416 1729,89517 1567,89548 1264,89478
Draisinenstrecke Tiefensee - Sternebeck	R0 38906,30514 39258,30800 39771,31291 40927,32000 41114,32011 41493,31863 41733,31921 41968,32025 42836,32047 43115,32047 43653,32154 44375,32073 44935,32046 45214,31875 45449,31874 45772,31936 46094,31869 46224,31860 46740,31919 48264,31569 49012,31245 49141,31223 49379,31055 50128,30936 50375,30836
Draisinenstrecke Töpchin - Mittenwalde	R0 22154,-25412 22367,-25138 22834,-24843 23037,-24589 23119,-24437 23210,-23787 23261,-23553 23342,-23421 23423,-23106 23565,-22781 23586,-22659 23504,-21420 23454,-21248 23413,-20994 22672,-19836 22509,-19196 22001,-18333 21971,-18130 22067,-17489 22072,-17277 22072,-17063 21829,-16505 21656,-16383 21260,-16159 20915,-16139
Draisinenstrecke Zossen - Jüterbog	R0 13431,-20775 13399,-21065 13145,-21502 12109,-22406 11510,-23685 11205,-24437 10697,-25412 9803,-26549 9174,-27504 8493,-28906 8280,-29292 8219,-29688 8250,-29952 8788,-32785 8849,-33811 8250,-34949 7762,-35385 5060,-36350 1211,-37985 -4618,-39875 -6943,-41530 -7208,-41957 -7553,-43846 -7807,-44100 -8193,-44242 -9076,-44039 -9381,-44049 -10610,-44750 -11491,-44999
Draisinenstrecke in Planung Lützlow - Damme	R0 50888,93160 50962,93505 50866,93726 50635,93906 50542,94125 50469,95408 50312,95772 49926,96418 49932,96928 50312,98232 50741,99460 50740,99609 50684,99754 50539,99867 50162,99926
Fichtengrund (Nord) - Fichtengrund (Ost)	R0 -353,42368 -281,42234 -225,42090 -193,41909 -192,41820 -168,41684 -115,41560 -54,41487 -4,41437 78,41382 173,41346 282,41321
Heidekrautbahn	R0 6450,20388 6578,20365 7009,20408 7163,20482 7286,20577 7768,21253 7925,21482 7966,21563 8118,21943 8372,22603 8613,23200 8639,23337 8632,23442 8400,24267 8382,24365 8359,24702 8302,24870 8033,25281 7985,25405 7970,25533 7975,25642 7995,25764 8075,26125 8209,26804 8276,27064 8587,27748 8738,28086 9055,28814 9085,28866 9140,28942 9227,29018 9328,29081 10705,29888 11616,30519 11793,30668 11860,30751 11925,30880 11960,31040
Mittenwalde - Zossen	R0 20915,-16139 20701,-16119 20539,-16119 20468,-16200 20336,-16444 19604,-17023 18914,-17876 18609,-17927 17898,-18120 17614,-18028 17116,-18018 16862,-17835 15400,-17551 14079,-18160 13907,-18373 13622,-18526 13328,-19095
Osthavelländische Eisenbahn	R0 -3700,17832 -3567,17905 -3469,18005 -3118,18351 -3046,18464 -3014,18593 -3022,18734 -3094,18900 -3212,19244 -3331,19561
Osthavelländische Eisenbahn	R0 -4147,17735 -3700,17832 -3471,17883 -3337,17862 -3233,17767 -3083,17626 -2985,17510 -2972,17429 -3006,17128 -3009,17090 -3017,16984 -3018,16974 -3023,16925 -3029,16823 -3031,16807 -3042,16609 -3043,16601 -3046,16548 -3050,16429
RB52 fährt seit dem 14.12.2003 nicht mehr. Begrenzte Fahrradmitnahme in Bussen ist möglich.	R0 -46955,-1990 -47210,-2054 -47385,-2070 -47523,-2141 -47606,-2299 -47606,-2372 -47460,-4830 -47773,-5386 -47937,-5857 -47784,-6238 -47405,-7393 -47310,-8267 -47115,-8565 -47005,-9032 -46952,-9929 -46753,-10695 -46010,-12460 -44099,-14043 -44037,-14288 -44140,-15360 -43968,-15656 -43859,-16009 -43736,-16477 -43844,-17286 -43849,-17989 -44089,-18889 -44629,-19802 -44659,-20003 -44473,-20342 -44243,-20860 -43590,-21484 -42363,-23226 -42168,-23611 -41750,-25552 -41295,-26535 -41314,-26727 -41669,-27370 -42129,-28335 -42230,-28914 -42305,-29982 -42259,-30281 -41886,-30636 -41590,-31663 -42695,-31245 -42931,-31136
Schmachtenhagen - Fichtengrund (Süd)	R0 1331,41308 282,41321 56,41332 -76,41304 -146,41285 -212,41251 -264,41215 -310,41165 -364,41106 -417,41012
Schmachtenhagen - Fichtengrund (Süd)	R0 2088,41298 1406,41307
Schmachtenhagen - Fichtengrund (Süd)	R0 5206,41006 5150,41018 4581,41115 4451,41142 4200,41182 3709,41260 3167,41284 2108,41298
Schmachtenhagen - Fichtengrund (Süd)	R0::Br 1406,41307 1331,41308
Schmachtenhagen - Fichtengrund (Süd)	R0::Br 2108,41298 2088,41298
Tanklager Seefeld	R0 28720,24012 28821,24023 28934,24001 29017,23967 29113,23872 29147,23749 29136,23404 29110,23220 29062,23103 28572,22601
Verbindungskurve	R0 -15367,-2338 -15402,-2085 -15581,-1902
Verbindungskurve Fürstenberg	R0 -8518,87628 -8914,87638 -9178,87730 -9599,88120
	RBau 13877,-4646 14193,-4500 14580,-4521 15049,-4665 15729,-4815
	RBau 18437,-4267 19117,-3988 19396,-3795 19482,-3638 19661,-3141 19866,-3009 20149,-2846 21125,-2512 21304,-2400 21505,-2202 21670,-2086 23596,-1362 23745,-1231 23803,-1108 23830,-996 23774,-697
	RBau 23596,-1362 23862,-1325 24081,-1414 24263,-1586
	RBau::Tu 15729,-4815 16356,-4983 16850,-4922 17817,-4514 18437,-4267
	RG -2392,13811 -2410,13746 -2424,13639 -2393,13538 -2325,13464 -2227,13427 -2085,13446 -1924,13494 -1842,13500 -1424,13433 -1186,13350 -1056,13318 -946,13323 -854,13358 -768,13440 -719,13551 -698,13629 -665,13695
	RG -3663,14083 -4150,14155 -4712,14111 -5038,14106 -5882,14210 -6468,14259 -6683,14285
	RG -633,13753 -614,13783 -330,14258
	RG 19864,10569 19736,10836 19582,11268 19543,11802 19496,12099 19427,12216 19358,12242 19185,12204 18962,12213
	RG 20473,6937 20562,7163 20616,7292 20650,7421 20657,7500 20500,8827 20497,9139 20399,9543 19864,10569 19842,10705 19866,10835 20033,11096 20346,11504 20421,11672 20422,11866 20372,12003 20287,12117 20168,12214 19766,12349 19618,12353
	RG 20907,1410 20989,1608 20986,2066
	RG 21072,2118 21021,1991 21012,1873
	RG 21312,2430 21132,2192
	RG 69409,74168 69755,74016 69821,73994 69932,74001 70025,74042 70087,74099 70179,74235 70545,74808 70628,74889 70736,74928 70840,74944 70973,75028 71159,75242 71260,75434 71322,75721
	RG 8333,8902 8333,9001 8344,9085 8470,9486 8477,9562 8497,9654 8571,9896 8594,9968 8614,10095 8637,10201
BAR	RG 19736,10836 19617,11790 19508,12835
Betriebsbahnhof Rummelsburg - Tierpark	RG 16752,9873 16917,9816 17169,9716 17500,9612 17662,9611 17879,9660 19664,10452 19722,10579 19759,10679 19736,10836
Brücke am Drosselsteig	RG::Br 21132,2192 21072,2118
Eisenbahnbrücke KW Reuter	RG::Br -665,13695 -633,13753
Flughafen Berlin-Brandenburg	RG 19866,-3009 19540,-3166 19348,-3339 18797,-3862
Gleisanschluss Messegelände	RG 795,11039 1025,10898 1206,10665 1369,10556
Grunewald - Halensee	RG 628,8887 962,9136 1820,9777 2116,10030 2215,10104 2303,10123 2423,10106 2589,10055
Grunewald - Westend	RG 2116,10030 2154,10102 2134,10674 2142,10790
Industrieanlagen Schwedt	RG 56949,84276 57090,84366 57204,84387 57431,84394 57639,84294 60308,82311 61171,81815 63354,80593 64344,79488 66849,76689
NME	RG 16786,2989 16677,2856 16635,2796 16573,2715 16547,2680 16475,2586 16461,2569 16135,2135 16056,2034 16002,1964 15875,1796 15835,1747 15799,1690 15671,1641 15576,1625 15350,1636 15258,1641 15173,1661 15109,1695 14990,1798 14985,1801 14895,1842 14820,1843 14729,1826 14621,1798 14547,1807 14512,1818 14224,1925 13851,2052 13559,2205 13476,2287 13418,2357 13302,2554 13190,2730 12673,3627 12363,4175 12225,4370 12053,4618 11904,4823 11565,5255 11449,5397 11273,5571 11273,5572 11099,5745 11061,5817 11015,5925 11003,6013 11023,6187 11032,6364 11031,6364 11041,6432 11075,6538 11110,6586 11164,6625 11556,6696 11557,6696 11783,6755 12173,6844 12481,6924 12870,7023 13194,7114
Osthavelländische Eisenbahn	RG -4712,14111 -4823,14143 -4929,14200 -5056,14351 -5129,14445 -5225,14486 -5549,14582 -5629,14617 -5687,14681 -5714,14750 -5718,14828 -5686,15113 -5605,15790 -5544,16339 -5480,16958 -5457,17160 -5411,17282 -5356,17353 -5242,17405 -4147,17735
Rangierbahnhof Grunewald	RG 962,9136 1583,9713 2045,10114
Verbindung Frankfurter Allee - Lichtenberg	RG 15273,11854 15316,11555 15364,11445 15482,11328 15604,11256
Verbindungskurve Ostkreuz - Rummelsburg	RG 15604,11256 15714,11128 15787,10929 15872,10571 15919,10430
Verbindungskurve Wuhlheide	RG 20554,6555 20532,6665 20536,6741 20564,6823 20637,6921 20722,6971 20824,6993 20933,6974 21040,6939
Verbindungskurve Wuhlheide	RG 21668,6498 21310,6678 21198,6715 20757,6818 20686,6857 20593,6962 20564,7060 20562,7163
Wriezener Bahn	RG 18838,15177 18880,15043 19030,14787 19066,14711 19134,14428 19138,14353 19110,14267 19042,14190 18976,14153 18844,14101 18769,14057 18718,14003 18692,13950 18678,13891 18636,13532 18633,13387 18555,12743 18516,12512
zum Güterbahnhof Berlin-Hohenschönhausen	RG 18509,16829 18537,16481 18764,15533 18838,15177 18833,14977 18771,14886 18697,14840 18606,14830 18502,14861 18180,15084 17953,15221 17774,15318 17617,15367 17424,15400 16964,15468
Parkeisenbahn Wuhlheide	RP 19887,6106 19849,6065 19791,6061
Parkeisenbahn Wuhlheide	RP 19961,5989 20033,5965 20181,5924 20363,5933 20542,6011 20593,6082 20623,6136 20636,6188 20661,6273 20551,6511 20450,6712 20313,6841 20301,6882 20319,6937 20303,7015 20257,7042 20167,7100 20124,7111 20060,7125 19948,7093 19801,7026 19707,6931 19643,6764 19590,6590 19489,6313 19506,6248 19606,6182 19791,6061 19890,6017 19884,6063 19887,6106 19958,6302 19988,6409 19997,6434 20054,6583 20195,6680 20239,6718 20301,6882
Parkeisenbahn Wuhlheide	RP 20124,7111 20051,7110 19972,7035 19893,6868 19799,6660 19810,6634 19992,6513 19997,6434
Parkeisenbahn Wuhlheide	RP 20319,6937 20383,7059 20420,7132 20561,7229 20628,7200 20712,7135
