#: title: Regional- und Fernbahnstrecken
#: version: $Id: rbahn-orig,v 5.17 2006/04/17 18:22:09 eserte Exp eserte $
#:
# Werder - Brandenburg
RE1	R -21828,-2017 -22150,-1894 -23710,-927 -24410,-497 -24963,-335 -28699,320 -29168,273 -31848,-192 -33230,-457 -33740,-484 -35147,-262 -37025,13 -37558,6 -44823,-988 -45418,-1164 -46266,-1576
# Abzweig nach Golm - Abzweig nach Pirschheide
RE1	RC -17293,-1183 -17847,-1269 -18549,-1505 -19421,-1741 -20359,-1956 -20700,-2020
# Pirschheide - Golm
	R0 -18072,-2482 -18575,-1812 -18825,-1275 -18825,-987 -18766,-779
# Golm -Werder
	R0 -18825,-987 -18887,-1137 -18887,-1262 -19075,-1587 -19421,-1741
# Abzweig nach Pirschheide - Werder
RE1	RC -20700,-2020 -21337,-2080 -21828,-2017
# Abzweig nach Golm - Abzweig nach Caputh
RE1,RB20,RB21	RC -14975,-1918 -15324,-1987 -15581,-1902 -15875,-1719 -15988,-1651 -16524,-1352 -16930,-1204 -17293,-1183
# Potsdam Hbf - Abzweig nach Caputh
RE1,RB20,RB21,RB14	RC -12248,-2045 -13487,-1898 -14234,-1920 -14634,-1896 -14975,-1918
# Griebnitzsee - Potsdam Hbf
RE1,RB21	RC -8060,-1670 -10527,-1979 -11379,-2066 -12248,-2045
# Abzweig nach Drewitz - Griebnitzsee
RE1	RC -7434,-1463 -7607,-1542 -7780,-1607 -8060,-1670
# Wannsee - Abzweig nach Drewitz
RE1,RE3,RB33	RC -4677,1420 -4854,1248 -5054,1079 -5073,1039 -5094,981 -5127,939 -5250,835 -5673,584 -5916,490 -6015,431 -6119,349 -6241,228 -6289,166 -6701,-491 -6997,-954 -7108,-1120 -7336,-1361 -7434,-1463
# Wannsee - Abzweig nach Spandau
RE1,RE3	RB -4677,1420 -4429,1608 -4129,1814 -3956,1971 -3863,2089 -3809,2172 -3787,2291 -3736,2625 -3722,2694 -3701,2870 -3548,3153 -3023,3867 -829,6837 -415,7400 -293,7534 -20,7804 81,7929 207,8110 262,8215 357,8428 450,8626 542,8798 628,8887 789,9046 923,9181 1151,9551 1217,9635 1369,9835 1451,9919 1540,9982 1664,10034 1856,10108 2017,10143 2110,10163 2214,10204
# XXX nur Rangiergleise:
#5292,8726 5385,8651 5477,8571 5515,8526 5539,8484 5557,8465 5747,8305 5799,8262 5952,8179
# Abzweig nach Spandau - Charlottenburg
RE1,RE2,RE3,RE4,RE5,RB10	RB 2214,10204 2590,10390 2931,10598 3072,10658 3481,10820
# Charlottenburg - Ostbahnhof
RE1,RE2,RE3,RE4,RE5	RA 3481,10820 3592,10862 3772,10920 3887,10959 4004,10977 4670,10930 5107,10895 5264,10899 5364,10945 5438,11016 5520,11186 5558,11251 5619,11373 5694,11533 5741,11704 5787,11838 5814,11967 5825,12002 5855,12084 6021,12373 6082,12479 6184,12568 6295,12619 6429,12635 6604,12628 7031,12561 7144,12581 7260,12633 7565,12901 7642,12972 7809,13178 7881,13241 7996,13271 8139,13262 8254,13255 8358,13205 8418,13142 8563,12928 8646,12854 8705,12823 8823,12813 8946,12809 9089,12753 9181,12732 9289,12698 9432,12689 9625,12705 9679,12731 9869,12881 9956,12927 10208,12965 10295,12996 10478,13070 10574,13062 10660,13029 10847,12890 11099,12625 11152,12530 11200,12395 11268,12286 11318,12166 11398,12103 11678,11949 11805,11858 11894,11848 12002,11855 12445,11774 12609,11662
# Ostbahnhof - Betriebsbahnhof Rummelsburg
RE1,RE2,RE3,RE4,RE5	RB 12609,11662 12796,11528 12911,11456 13109,11367 13571,11234 14136,11091 14689,10926 14847,10892 15022,10849 15193,10779 15291,10747 15454,10711 15596,10638 15727,10559 15919,10430 16138,10179 16437,9988
# Betriebsbahnhof Rummelsburg - Karlshorst
RE1,RE2,RE4,RE5	RB 16437,9988 17602,9227 18121,8955 18801,8501
# Karlshorst - Abzweig nach Schönefeld
RE1,RE2,RE4,RE5	RC 18801,8501 20247,7485
# Abzweig nach Schönefeld - Erkner
RE1	RC 20247,7485 20724,7160 21887,6345 22080,6238 22266,6158 22407,6117 22530,6100 22613,6092 22775,6088 23214,6118 23597,6099 23774,6074 23963,6063 24206,6054 24393,6038 25489,6023 25764,6014 26285,5986 26813,5934 28539,5647 30015,5405 30866,5281 31020,5246 31166,5200 31391,5071 31569,4979 31737,4835 31875,4673 31994,4522 32090,4295 32189,4124 32366,3889 32524,3759 32796,3521 33706,3387 33868,3284 34093,3075 34153,2981 34218,2881
# Erkner - Fangschleuse
RE1	RC 34218,2881 34995,1397 35291,1095 35674,856 36057,746 36631,695 39095,573
# Fangschleuse - Fürstenwalde
RE1	R 39095,573 44437,393 44950,282 46013,-87 55246,-3555
# Fürstenwalde - Abzweig nach Beeskow
RE1,RB35	R 55246,-3555 56053,-3825 56905,-4005
# Fürstenwalde/Abzweig nach Beeskow - Frankfurt (Oder)
RE1	R 56905,-4005 62690,-4531 68862,-5087 69352,-5221 70326,-5505 70410,-5531 74872,-7038 75171,-7021 78352,-6456 79625,-6260 80413,-6294 82072,-6579 82860,-6591 83331,-6407 83716,-6222 84101,-6164 85593,-6190 86747,-6060 87495,-5966
# Frankfurt (Oder)
RE1,OE60	R 88514,-6346 88239,-6150 87835,-6036 87495,-5966
# Grünauer Kreuz (Abzweig nach Schönefeld - Abzweig nach KW)
RE4,RE5	RC 20956,1452 21040,1624 21123,1789 21192,1963
# Grünauer Kreuz (Abzweig nach KW) - Wuhlheide
RE2,RE4,RE5	RC 21192,1963 21257,2238 21314,2521 21423,2810 21465,2914 21458,2988 21432,3155 21360,3398 21343,3523 21151,3983 21095,4156 21049,4770 20992,5691 20946,5873 20897,5975 20662,6367 20510,6687 20476,6807 20473,6937 20459,7191 20431,7267 20337,7388 20247,7485
# Abzweig nach Schöneweide - Schönefeld
RE4,RE5	RC 18064,-1495 18504,-1155 18720,-996 19090,-705 19278,-577 19339,-527 19406,-453 19741,-197 20051,73 20235,255 20417,488 20542,686 20693,960 20792,1128 20956,1452
# Betriebsbahnhof Rummelsburg - Tierpark
RE3	RB 16437,9988 16917,9816 17169,9716 17500,9612 17662,9611 17879,9660 19664,10452 19722,10579 19759,10679 19736,10836
# Tierpark - Biesdorfer Kreuz
RE3	RB 19736,10836 19707,11146 19671,11762 19612,12599 19552,12995 19452,13397
# Poelchaustr. - Biesdorfer Kreuz
RE3,RB12,OE25	RB 19233,14288 19270,14050 19367,13687 19452,13397
# Karower Kreuz - Hohenschönhausen
RE3,RB12	RC 14261,22143 14443,21900 15654,20415 16997,18750
# Hohenschönhausen - Poelchaustr.
RE3,RB12	RB 16997,18750 17607,18021 17928,17621 18518,16904 18577,16782 18753,16184 18942,15438 19054,15039 19154,14708 19176,14610 19233,14288
# Karower Kreuz - Kreuz Hohen Neuendorf
RB12	RC 14261,22143 13939,22503 13752,22704 13495,23016 13326,23242 12933,23689 12184,24566 11779,25033 11268,25599 10826,26033 10212,26597 9873,26938 9418,27348 9155,27531 8916,27732 5600,28848 3466,29667 3039,29880 2609,30178 2371,30519 2201,31032
# Karower Kreuz - Karow
RE3	RC 14261,22143 14166,22316 14140,22471 14157,22612 14210,22756 14253,22818 14542,23259 14608,23364
# Karow - Abzweig nach Basdorf
RE3,RB27	RB 14608,23364 14809,23679 15088,24137
# Abzweig nach Basdorf - Bernau
RE3	RC 15088,24137 15611,24973 15917,25455 16049,25678 16101,25760 16182,25863 16352,26055 16810,26492 17118,26775 17671,27148 18176,27617 18899,28383 19350,28731 22647,30073 22841,30263
# Eberswalde - Rüdnitz
RE3,OE60	R 36315,48006 34007,45893 30063,42269 29509,41269 28311,39218 25637,34829
# Rüdnitz - Bernau
RE3,OE60	RC 25637,34829 22841,30263
# Friedrichsfelde-Ost - Biesdorfer Kreuz (Nord) 
RB12,OE25	RB 19452,13397 19491,13295 19537,13212 19591,13109 19632,13022 19664,12808 19666,12736 19633,12666 19571,12574 19443,12388 19347,12305 19233,12246
# Friedrichsfelde-Ost - Lichtenberg
RB12,OE25,RB26	RB 19233,12246 19109,12203 18984,12191 18726,12190 18295,12195 18025,12194 17907,12182 17608,12086 17444,12058 17088,11981 16918,11888 16778,11789
# Schöneweide - Grünauer Kreuz
OE36	RC 20985,2010 20974,2168 20919,2310 20881,2366 20746,2491 20535,2703 20176,3078 19944,3344 19809,3479 19498,3761 18724,4365 18551,4517 18168,4982 17877,5358 17711,5556
# Grünauer Kreuz (Schöneweide - Schönefeld) 
	R0 20956,1452 20989,1608 20985,2010
# Grünauer Kreuz (Wuhlheide - KW)
RE2	RC 21192,1963 21192,1882 21253,1760 21328,1692
# Grünauer Kreuz (Schönefeld/Wuhlheide - KW)
RE2,RB14	RC 21328,1692 21872,1290
# Grünauer Kreuz (Schöneweide - KW)
OE36	RC 20985,2010 21009,1949 21124,1730 21182,1650 21284,1593 21872,1290
# Grünauer Kreuz - Königs Wusterhausen
RE2,OE36,RB14	RC 21872,1290 22166,986 22348,760 22524,562 22981,116 23355,-262 23774,-697 23903,-852 24043,-1063 24159,-1330 25164,-3561 25291,-3857 25658,-5270 25860,-5869 26029,-6170 26539,-7440 26688,-7764 26710,-8144 26669,-8510 26479,-9206 26348,-9835 26373,-10219 26358,-11950
# Westkreuz - Stresow
RE2,RE4,RE5,RB10	RB 2214,10204 2045,10114 1830,10060 1661,10054 1535,10088 1347,10151 1208,10234 1031,10469 940,10798 873,10952 795,11039 523,11223 385,11360 333,11485 128,12319 65,12505 -9,12654 -122,12789 -348,13016 -628,13232 -750,13303
RE2,RE4,RE5,RE6,RB10	RB -750,13303 -963,13385 -1665,13522 -2191,13602
RE6	RB -750,13303 -628,13232 -348,13016 -122,12789 -9,12654 65,12505 128,12319 333,11485 385,11360 523,11223 795,11039 873,10952 940,10798 1031,10469 1208,10234 1347,10151 1535,10088 1661,10054 1830,10060 2045,10114 2214,10204 2590,10390 2931,10598 3072,10658 3481,10820
# Stresow - Spandau
RE2,RE4,RE5,RE6,RB10	RB -2191,13602 -2793,13729 -2901,13742 -3141,13818 -3544,13991 -3643,14016
# Spandau - Albrechtshof
RE2,RE5,RE6,RB10	RB -3643,14016 -3936,14089 -4225,14173 -4867,14342 -5489,14498 -5819,14597 -6387,14841 -7785,15392 -8176,15548
# Finkenkrug - Albrechtshof
RE2,RE5,RE6,RB10	RC -14995,18316 -13390,17659 -11117,16728 -9349,15982 -8176,15548
# Kreuz Hohen Neuendorf - Birkenwerder
RE5,RB12,RB55	RC 2201,31032 2136,31373
# KW - Lübbenau
RE2,RB14	R 26358,-11950 26441,-13006 26754,-15098 26714,-15354 26635,-16914 26679,-17427 26792,-18089 26777,-18601 26590,-19005 26132,-19814 25676,-20870 25653,-21082 25714,-21423 26005,-22127 26045,-22426 26080,-23320 26351,-23875 26751,-24345 27706,-26221 27773,-26600 27878,-26984 28280,-27902 30337,-30891 31447,-32554 32372,-33728 32603,-34155 33305,-35876 33345,-36131 33384,-36450 33316,-37043 32984,-39087 32839,-40530 32880,-40911 33067,-41376 33278,-41809 35440,-43933 36753,-45419 39864,-48508 40593,-49148 43054,-50203 43861,-51326 44429,-51948 44766,-52586 46239,-56345 47026,-58339 47298,-58534 49038,-59264 49689,-59883
# Lübbenau - Cottbus
RE2	R 49689,-59883 50998,-60684 53325,-63185 54813,-65044 56346,-66904 58287,-67886 59253,-68306 62325,-68947 65614,-69976 66622,-70332 67169,-70361 67653,-70433 68653,-70854 69922,-71139 71997,-71701 72922,-71759 73343,-71743
# Cottbus
RE2,RE18	R 73343,-71743 74670,-71679
# Cottbus - Seditz
RE18	R 73343,-71743 73276,-72127 70779,-76819 70307,-77901 69251,-81085 68826,-81526 67931,-82643 66826,-84108 65473,-86119 64960,-87137 63919,-88103 63665,-88269 60794,-90756 60392,-91072 59992,-91323 59278,-91487 58982,-91508 58541,-91673 58183,-91882 57615,-92588 57382,-92927
# "Seddiner Kreuz": Beeltz Heilstätten - Caputh
	R0 -19902,-15076 -19690,-14798 -19714,-14093
# "Seddiner Kreuz" - Beelitz Heilstätten
RE3	R -19902,-15076 -21514,-16424
# Beelitz - Belzig
RE3	R -21514,-16424 -22817,-17546 -26520,-20306 -31740,-24265 -32604,-25126 -34394,-26913 -34774,-27171 -37592,-27833 -39985,-28425 -40365,-28642 -40617,-28880 -42655,-30968 -42949,-31184 -43245,-31207 -43686,-31079
# Belzig - Wiesenburg
RE3	R -43686,-31079 -44175,-30934 -44721,-31195 -45097,-31604 -46098,-32786 -46977,-33624 -47494,-34046 -48451,-34353 -49674,-34430 -51280,-34441 -52352,-34773 -53511,-35363 -54663,-35382
# Wiesenburg - Medewitz (- Dessau)
RE3	R -54663,-35382 -55437,-35373 -56004,-35594 -56211,-35917 -56884,-37758 -57354,-39573
# "Seddiner Kreuz": Beelitz Stadt - Seddin
RB33	R -19390,-15332 -19392,-15055 -19307,-14755 -19116,-14563
# "Seddiner Kreuz": Caputh - Beelitz Stadt
	R0 -19714,-14093 -19390,-15332
# "Seddiner Kreuz": Beelitz Heilstätten - Seddin
RE3	R -18883,-14220 -19902,-15076
# "Seddiner Kreuz" - Beelitz Stadt
# "Seddiner Kreuz": Caputh - Seddin
RB14	RC -19714,-14093 -19607,-14435 -19393,-14583 -19116,-14563
# "Seddiner Kreuz": Caputh/Beelitz Stadt - Seddin
RB14,RB33	RC -19116,-14563 -18883,-14220
# Potsdam Stadt - "Seddiner Kreuz"
RB14	RC -14975,-1918 -15260,-2136 -15387,-2329 -15430,-2494 -15720,-3590 -16016,-4189 -16284,-4829 -17069,-5899 -17768,-6648 -17938,-6926 -18000,-7269 -17934,-7717 -18188,-8017 -18485,-8274 -18590,-8530 -18461,-9099 -18480,-9440 -18459,-9847 -18520,-10231 -18710,-10573 -18899,-11214 -18981,-11720 -19064,-12189 -19442,-12959 -19714,-14093
# Wilhelmshorst - Neuseddin
RE3,RB33,RB14	RC -13899,-9791 -14599,-10455 -17737,-13299 -18883,-14220
# Eberswalde
RE3,OE63,OE60	R 36681,48931 36499,48211 36315,48006
# Eberswalde - Britz
RE3,OE63	R 36681,48931 36808,49718 36881,50262 37148,51697 37792,52438 38325,52900
# Britz - Angermünde
RE3	R 38325,52900 41143,55887 41924,56721 43587,57725 46248,59651 47194,62187 47775,63000 48396,63921 48631,64368 49487,66850 49662,67368 49700,68056 49537,68462
# Britz - Templin
OE63	R 38325,52900 38453,53134 38623,54369 38211,56944 38169,57371 37890,58140 35944,60256 35732,60858 35648,61637 35476,61744 35261,61767 33544,61895 33350,62025 33200,62304 33202,62538 33313,63222 33423,63627 33143,64168 32757,64358 32134,64634 29635,68699 29571,69085 29531,69814 29573,71105 29788,71717 29854,72355 29767,72721 29662,73276 29035,73985 28755,74478 28494,74673 27995,74892 27693,75450 27216,75902 26811,76231 25016,77402 23317,78678 23034,78831 22665,78750 20866,78826 20433,78961 19366,79190 18564,79538 18019,79986 17499,79944
# Nauen - Wittenberge
RE2	R -25037,22273 -25747,22518 -28054,23880 -30847,25554 -36596,28808 -36876,29064 -37115,29251 -42501,35115 -45827,38663 -51323,44361 -53882,47169 -54951,48347 -55624,48983 -56140,49574 -56643,49972 -61884,52648 -62598,52875 -63247,52932 -66308,52657 -67342,52476 -70236,51952 -70647,52012 -76444,52561 -80274,53857 -81561,54568 -86370,57615 -89553,59810 -90171,60240 -96015,62933 -101328,63514 -101788,63642 -102126,64111 -102378,64686
# Brieselang
RE2,RB10	RC -16453,18880 -16944,19074
# Brieselang - Nauen
RE2,RB10	R -16944,19074 -23241,21591 -25037,22273
# Brieselang (Kreuz): Nauen - Spandau
RE2,RB10	RC -16453,18880 -14995,18316
# Brieselang (Kreuz): Spandau - Hennigsdorf
RE5,RE6	RC -14995,18316 -15362,18614 -15404,18991 -15342,19183
# Potsdam - Kreuz Wustermark
RB20,RB21	RC -17293,-1183 -17717,-1398 -18016,-1441 -18529,-1206 -18723,-1036 -18766,-779 -18726,-481 -18644,222 -18571,1763 -18609,2389 -18653,3012 -18616,3863 -18634,4418 -18683,4751 -19058,6033 -19150,6611 -19149,7085 -19098,10773 -19003,11857 -18869,12936 -18811,14018 -18796,14887
# Kreuz Wustermark - Kreuz Brieselang
RB20	RC -18796,14887 -18757,15396 -18674,15799 -18525,16118 -18270,16500 -16411,18196
# Kreuz Brieselang: Südwest - Nordwest
	R0 -16411,18196 -16327,18409 -16330,18664 -16453,18880
# Brieselang (Kreuz): Nauen - Hennigsdorf
	R0 -16453,18880 -16153,18839 -15662,18969 -15342,19183
# Brieselang (Kreuz) - Hennigsdorf (Kreuz)
RE5,RE6,RB20	RC -15342,19183 -14917,19569 -14556,19911 -13887,20543 -12733,21643 -11285,22826 -8931,24667 -5030,27644 -4257,27924
# Hennigsdorf, Einfahrt West
RE6,RB20	RC -4257,27924 -3954,27904 -3673,27671 -3576,27376
# Fürstenwalde - Bad Saarow
RB35	R 56905,-4005 57290,-3967 57760,-3778 58123,-3781 58378,-3977 58417,-4447 58119,-5165 57859,-5737 57365,-6202 57130,-6562 56988,-7694 57114,-8036 57195,-8677 57068,-8992 56745,-9437 56061,-9749 55867,-9982 55716,-10279 55897,-11733
# Bad Saarow - Beeskow 
RB35 (Inbetriebnahme ungewiss)	R0 55897,-11733 56076,-13335 56187,-13914 56271,-14149 56527,-14406 60288,-14704 60649,-14836 61919,-15513 62864,-16032 63873,-18582 64291,-19380 64523,-19510 65755,-20078 66496,-20467 66816,-20727 67381,-21694 67712,-22751 68000,-23651 67963,-24110 68042,-24307 68167,-24458
# Schönefeld - Kreuz Blankenfelde
RE4,RE5	RC 18064,-1495 16549,-2482 15070,-3731 13869,-4636 12482,-5601 11781,-5960
# Kreuz Blankenfelde: Schönefeld - Potsdam
RE4,RB14	RC 11781,-5960 10824,-6280
# Kreuz Blankenfelde - Genshagener Kreuz
RE4,RB14	RC 10824,-6280 9806,-6639 7909,-6978 4974,-7452 4358,-7515 3565,-7687 2608,-8052
# Genshagener Kreuz - Saarmund
RB14	RC 2608,-8052 1539,-8397 1155,-8679 773,-9022 -522,-9932 -776,-10105 -1138,-10105 -3368,-9848 -5329,-9810 -7311,-9420 -8229,-9316
# Verbindung: Saarmund - Michendorf
RB14	RC -13899,-9791 -13346,-9491 -12856,-9427 -12366,-9469 -11236,-9661 -10405,-9638 -8957,-9402 -8229,-9316
# Drewitz - Michendorf
RE3,RB33	RC -7434,-1463 -7542,-1563 -7728,-1738 -7838,-1861 -8001,-2097 -8152,-2399 -8535,-3084 -10099,-5773 -11202,-7672 -11540,-8186 -11752,-8486 -11922,-8635 -12708,-9021 -13155,-9150 -13453,-9342 -13899,-9791
# Verbindung: Schönefeld - Blankenfelde
RE5	RC 11781,-5960 11548,-6152 11463,-6324 11463,-6580
# Blankenfelde - Rangsdorf
RE5	RC 11463,-6580 11530,-6944 11639,-7663 11916,-8926 12689,-12237
# Rangsdorf - Wünsdorf
RE5	R 12689,-12237 13111,-14159 13132,-14437 13282,-18250 13295,-18620 13303,-18833 13320,-19093 13414,-20498 13431,-20775 13499,-21473 13557,-21831 13716,-22301 14226,-23436 15545,-26610
# Wünsdorf - Elsterwerda
RE5	R 15545,-26610 15682,-26971 16114,-27961 16261,-28494 16354,-29279 16379,-29446 16486,-30414 18690,-38440 18954,-39435 19998,-41155 21024,-42558 21376,-43045 22265,-44947 23193,-47694 24262,-50642 24306,-51129 23772,-54417 23623,-55355 23600,-55996 23958,-56915 25796,-61489 25922,-61875 26268,-62623 27328,-64113 27580,-64606 27580,-65103 27241,-65655 27095,-65890 27010,-66530 27079,-67394 26513,-70163 25459,-77441 25286,-78294 24170,-84085 24086,-84555 23427,-86144 23340,-86911 23257,-87958 24114,-92156 24113,-93224 24297,-95773 24426,-100329 24321,-100627 22445,-102658 20960,-103438 20735,-103829
# Doberlug-Kirchhain
RE5	R 24086,-84555 24150,-84920 24444,-85391 25137,-86078 25670,-86305
# Doberlug-Kirchhain - Finsterwalde
RE5,RE10,RB43	R 25670,-86305 26719,-86033 29161,-86182 32311,-85496 33005,-85223 33244,-85018 33812,-84657 35074,-83851 36532,-83016 39934,-81323
# Finsterwalde - Großräschen
RE5	R 39934,-81323 40355,-81198 41048,-81117 41676,-81254 45253,-83432 45984,-83891 47240,-84271 49024,-84461 50137,-84327 51566,-83919 52322,-83780 53036,-83898 53642,-84271 53952,-84812
# Falkenberg - Finsterwalde
RE10,RB43	R 1833,-91339 2065,-92085 2337,-92297 2589,-92063 3238,-91701 5165,-91360 9534,-90687 11633,-90448 12116,-90297 14635,-89546 15264,-89396 16901,-89222 18656,-89192 20566,-88137 21705,-87676 23911,-86829 25670,-86305
# Verbindung: Schönefeld - Ludwigsfelde (Genshagener Kreuz)
RE4	RC 2608,-8052 2375,-8288 2162,-8565
# Genshagener Kreuz - Ludwigsfelde
RE4,RB32	RC 2162,-8565 1888,-10386 1678,-12074
# Teltow - Birkengrund (RC)
RB32	RBau 3620,-2183 2735,-6109 2459,-7518 2162,-8565
# Teltow - Fernbahntunnel
	RBau 3620,-2183 3983,-212 4018,-79 4146,385 4188,579 4397,1104 4502,1316 4563,1440 4698,1651 4855,1876 4993,2045 5168,2214 5259,2317 5378,2507 5485,2645 5730,2880 5912,3062 6041,3205 6153,3326 6371,3590 6426,3643 6803,4073 6877,4178 7031,4416 7153,4673 7214,4793 7412,5275 7450,5675 7869,7674 8034,8207 8269,8893 8319,9198 8327,9526
# Ludwigsfelde - Thyrow
RE4	RC 1678,-12074 1571,-13116 1685,-14971 1707,-16811 1644,-17152 1538,-17344 1071,-18033
# Thyrow - Luckenwalde
RE4	R 1071,-18033 -284,-20143 -666,-21019 -1003,-21892 -1130,-22447 -1171,-23087 -1148,-23896 -1392,-29835 -1560,-30602 -1772,-31114 -2048,-31393 -2833,-32291 -3660,-33186 -4845,-34925 -5185,-35289
# Luckenwalde - Jüterbog
RE4	R -5185,-35289 -5503,-35738 -6521,-36851 -8710,-38905 -9771,-39978 -10023,-40418 -10275,-40975 -10671,-42335 -11024,-44109 -11276,-44580 -11610,-45027 -12286,-45931
# Außenring - Hennigsdorf
RE5,RB20,RB55	RC -3576,27376 -3539,26672 -3475,25993 -3389,25653
# Hennigsdorf: West => Ost
RE5	RC -4257,27924 -3589,28098 -3246,28205
# Hennigsdorf (Osteinfahrt)
RB20	RC -3566,27821 -3460,28077 -3246,28205
# Hennigsdorf (Kreuz) - Birkenwerder
RE5,RB20	RC -3246,28205 -1254,28793 1023,29499 1752,29840 2052,30053 2158,30267 2201,31032
# Hennigsdorf (Kreuz) - Birkenwerder, große Kurve (XXX: evtl. auch RB20?)
RE5	RC 1752,29840 2737,29855 3118,29687 3278,29406 3273,29178 3210,28773 2997,28370 2718,28263 2310,28412 2180,28583 2098,28818 2097,29095 2158,30267
# Birkenwerder - Oranienburg
RE5,RB12,RB20	RC 2136,31373 1288,34296 361,37124 210,37316 -199,37739 -436,38100 -672,38539
# Löwenberg - Oranienburg
RE5,RB12	R -5176,54926 -5037,54561 -4935,54265 -4543,53180 -3395,51242 -3329,51114 -3060,50580 -1451,45464 -829,43492 -252,42394 -166,41910 -232,41467 -406,40856 -558,40520 -884,39318 -863,39129 -800,38876 -672,38539
# Löwenberg - Abzweig nach Templin
RE5,RB12	R -5176,54926 -5350,55584
# Löwenberg - Neuserlitz
RE5	R -5350,55584 -6070,59687 -6111,59917 -6401,61476 -6547,61759 -6612,61893 -7005,62492 -7110,65137 -6982,65542 -6766,65969 -6557,66279 -6379,66588 -5725,67558 -5497,68425 -5497,69026 -5511,69122 -5779,70056 -6182,71661 -6277,72022 -6100,73876 -6044,74616 -6024,75511 -5939,76299 -6550,78925 -7695,81678 -8096,82773 -9287,84559 -9488,85096 -9471,85547 -9089,86595 -8905,87004 -8970,87239 -9297,87794 -9798,88626 -10409,90461 -11430,91720 -11538,92118 -11585,93051 -11925,97371 -12734,99726 -12348,101921 -12417,102267 -12765,102542 -13137,102923 -13313,103432 -13926,104513 -14146,104915 -14094,105364 -13963,105660
# Herzberg - Löwenberg
RB54	R -19634,55184 -19035,54942 -15601,55038 -14702,55016 -14422,54974 -13674,54865 -8957,53989 -8719,53989 -8438,54117 -7661,54585 -7207,54713 -6667,54755 -5694,54777 -5413,54840 -5176,54926 -5037,54561 -4935,54265
# Herzberg - Rheinsberg
RE6	R -19634,55184 -19804,55306 -19848,55540 -19570,58025 -19593,58325 -19783,60164 -19439,61399 -19445,61914 -19347,62815 -19555,63394 -20161,64056 -20315,64398 -20450,64936 -20700,66141 -21009,66913 -21263,68312 -21749,70990 -22185,71970 -22402,72246 -22748,72330 -22988,72584 -23586,74183 -24567,75223 -25285,75986
# Löwenberg - Templin
RB12	R -5350,55584 -5199,55627 -2851,57080 -287,58960 2219,61678 3281,62926 3411,63228 3411,63657 3716,65935 5278,66704 6515,67365 7792,69552 8030,70360 8569,71575 9931,72997 11059,73697 11362,74015 12205,74993 12897,76119 14476,78108 14930,78702
# Templin Bhf. - Templin Stadt
RB12,OE63	R 14930,78702 15298,79019 16309,79309
# Templin Stadt - Abzweig nach Britz
OE63	R 16309,79309 17499,79944
# Templin - Prenzlau (ehem. RB12)
	R0 17499,79944 18841,80707 18947,81344 19270,81746 19962,82319 20512,82951 21256,83503 21864,83909 25030,85188 25390,85549 26223,87256 26816,88746 27582,89440 28020,90451 28969,91829 29441,92304 29903,92492 32044,94243 32068,94585 31324,95360 31017,95641 30975,95876 31086,96111 31461,96451 32340,97918 32651,98245 32875,98652 32978,99068 33570,99576 34049,99617 34812,99932 35424,99951 36538,100521 37106,100775 37456,100986 38466,102344 39387,103064 39612,104001 39507,104385 39531,104726 40319,104526
RE3	R 40319,104526 40179,103483 39987,102437
# Neuruppin - Herzberg
RE6,RB54	R -31771,57647 -31493,57844 -31278,57825 -30869,57510 -30288,57346 -29902,57308 -29580,57227 -29301,57359 -29047,57812 -28898,58134 -28728,58521 -28451,58739 -28173,58936 -27786,58982 -27207,59030 -26776,58841 -26410,58736 -25873,58740 -25400,58529 -24860,58147 -23954,57639 -23088,57181 -22542,56674 -22048,56678 -21551,56212 -21183,55765 -19634,55184
# Poelchaustr. - Ahrensfelde
OE25	RB 19233,14288 19221,14465 19262,14637 19335,14840 19476,15130 19623,15444 20069,16334 20199,16562 20458,17110 20632,17447 21199,18617
# Ahrensfelde - Werneuchen
OE25	RC 21199,18617 21332,18819 21626,19542 21695,19691 22343,20983 22901,21499 24326,22519 25105,23062 25321,23144 25623,23204 27172,23164 28729,23995 31911,25801 32279,25935 32908,26088
# Werneuchen - Tiefensee
OE25	R 32908,26088 33567,26416 33825,26477 34151,26841 36189,28471 38961,30490
# KW - Zernsdorf
OE36	RC 26358,-11950 26392,-11535 26909,-11076 27228,-10992 27655,-11142 27868,-11186 28551,-11406 29082,-11432 29762,-11607 30264,-11542 30583,-11372
# Zernsdorf - Frankfurt
#XXX Frankfurt_(O)-Neuberesinchen ist möglicherweise falsch
OE36	R 30583,-11372 31029,-11182 32601,-11362 33265,-11391 34709,-11677 35767,-11922 36939,-12446 37216,-12598 42194,-13604 42619,-13780 42918,-13996 44798,-15394 45202,-15855 46168,-16562 48612,-18059 49037,-18233 49203,-18430 49797,-19264 50263,-19651 50729,-19804 50898,-20041 51118,-20477 51582,-20751 52070,-21053 52302,-21460 52598,-21782 52789,-21826 52960,-21807 53870,-21876 54103,-22027 54785,-22600 55167,-22732 55484,-22690 55767,-22400 56002,-22147 56351,-21982 57269,-21905 58396,-21855 59078,-21714 59696,-21594 60318,-21662 60700,-21816 61054,-22163 62133,-22899 62387,-23051 62558,-23074 63298,-23314 63720,-23596 63993,-23863 64295,-24210 66117,-25288 66498,-25380 66945,-25215 67764,-24537 68167,-24458 68917,-24373 69363,-24338 69657,-24598 70118,-24906 70647,-24999 71817,-24971 74244,-25777 75022,-26003 77039,-25966 77401,-25800 77470,-25460 77744,-24216 78476,-21816 78826,-21342 80160,-20265 80483,-19930 80599,-19207 81032,-17104 81331,-16071 81635,-15649 83614,-13193 86504,-9202 87000,-8740 87631,-8511 88234,-8116 88647,-7503 88783,-6907
# Frankfurt Süd 1 - Frankfurt
RE1,OE36,RE11	R 88783,-6907 88701,-6692 88514,-6346
# Frankfurt Süd 1 - 2
RE1,RE11	R 88783,-6907 88832,-7998
# Frankfurt - Eisenhüttenstadt
RE1,RE11	R 88832,-7998 88762,-8424 88885,-8875 89114,-9307 89955,-10310 90917,-13315 90604,-14439 90249,-15496 90262,-16029 90384,-16521 90737,-17165 91215,-18001 93637,-21564 95608,-24650 96418,-25899 96558,-26519 96550,-27095
# Eisenhüttenstadt - Guben
RE11	R 96550,-27095 96361,-28541 96278,-30012 95888,-32159 95946,-32565 96153,-32952 97108,-34249 97463,-34574 98012,-34733 99069,-34919 99597,-35097 100151,-35512 100667,-36394 101778,-38499 101919,-39014 101825,-39588 101540,-40244 100954,-41174 99449,-43667 98995,-44407 98949,-44683 98935,-45235 99223,-45900 99930,-46741 100190,-47937
# Hennigsdorf - Velten
# einige Bahnhöfe werden nicht mehr angefahren
#RB55	RC E5509,4325 E5508,4312 E5508,4300 E5506,4295 E5499,4284 E5480,4264 E5410,4190
RE6,RB55	RC -3566,27821 -3589,28098 -3590,28354 -3634,28460 -3786,28694 -4197,29119 -5713,30692
# Karow - Schönerlinde
RB27	RC 15088,24137 15160,24309 15179,24445 15154,24573 15062,24763 14940,24935 14776,25043 14602,25113 14479,25145 14173,25318 13934,25473 13443,25825 12722,26359 12464,26585 12345,26636 12183,26745 12019,26910 11887,27090 11838,27217 11828,27296
# Schönerlinde - Basdorf
RB27	RC 11828,27296 11729,27620 11966,29491 11922,29874 11965,30598 11944,31152 12014,32447 11957,34472
# Basdorf - Wandlitzsee
RB27	RC 11957,34472 12085,35123 12387,35544 12883,36155 13271,36723 14024,37755 14649,38849
# Wandlitzsee - Groß Schönebeck
RB27	R 14649,38849 14649,39144 14670,39627 14777,39816 15122,40574 15501,42816 15417,44117 15548,44392 16178,45404 16199,45679 16201,46166 16288,46588 16504,46841 17125,47436 17969,48020 18629,48545 18932,48884 19234,49219 19279,49602 19333,51264 19443,51607 19682,51925 19856,52243 19881,52733 19611,54165 18755,55451
# Strausberg - Kostrzyn
RB26	R 39652,14539 40496,14524 43033,14393 45524,14275 53296,13930 56526,13760 57035,13841 57443,13986 57788,14133 60777,15399 61310,15498 62186,15614 62677,15649 65626,15786 66331,15839 66715,15959 69626,17157 71619,17629 72707,17648 74655,18271 76411,18718 77010,18853 78482,18860 82030,18868 85564,18758 86976,18692 88278,18856 90949,19267 91762,19399 91932,19331 93094,20453 93791,21339 94157,21692 94630,21978
# Strausberg - Strausberg-Nord
	R0 39652,14539 40496,14524 40841,14565 41079,14818 41317,15114 41406,15624 41668,16174 41778,16599 42126,17274 42365,17655 42647,17909 42970,18183 43100,18458 43126,19011 43151,19585 43303,19839 43498,20071 43789,20230 44177,20484 44311,20685 44484,21068
# Seddiner Kreuz  - Beelitz Stadt
RB33	R -19390,-15332 -18678,-17833 -18634,-18176 -18719,-19028
# Beelitz - Jüterbog
RB33	R -18719,-19028 -18883,-20460 -19456,-22887 -19872,-24620 -20103,-25069 -21643,-27151 -23772,-30573 -24985,-32463 -26792,-34504 -27002,-34933 -26956,-35275 -26806,-35594 -26276,-35719 -25916,-35695 -25322,-35692 -24876,-35881 -24508,-36347 -24144,-37199 -23544,-38456 -22881,-39239 -21334,-41247 -20549,-41627 -17703,-43069 -16725,-43833 -16030,-44458 -15426,-46804 -15256,-46932 -15043,-47123 -14597,-47228 -14100,-47200 -12980,-46724
# Jüterbog
RE4,RB33	R -12980,-46724 -12286,-45931
# Jüterbog - Falkenberg
RE4	R -12980,-46724 -13191,-47045 -13695,-47604 -13757,-47817 -13859,-48759 -13729,-49377 -12549,-52983 -11040,-57860 -10565,-59070 -9770,-61926 -7671,-69889 -7201,-71531 -6321,-72870 -1405,-81008 -1278,-81328 -512,-83887 -37,-85332 194,-85867 299,-86251 1121,-88999 1392,-90232 1833,-91339
# Falkenberg - Bad Liebenwerda
RE18	R 1833,-91339 2044,-92254 2736,-92872 3700,-93617 5273,-94681 8733,-96853 10557,-98002 10955,-98109 11898,-98258 12592,-98667
# Bad Liebenwerda - Ruhland
RE18	R 12592,-98667 12970,-98944 14631,-100569 16585,-102417 17192,-102738 18384,-103294 19431,-103657 20463,-103763 23114,-103512 23758,-103488 26541,-103847 27064,-103786 28906,-103225 31366,-103100 35754,-103138 37453,-103148 37809,-103193 38435,-103453 38707,-103712 39332,-104675 39923,-105129 42808,-106501 43479,-106593 43940,-106171 44109,-105704
# Ruhland
RE18	R 44109,-105704 44530,-105196 44845,-104751
# Elsterwerda
RE5	R 20735,-103829 20414,-105108
# Elsterwerda - (Dresden)
RB31	R 20463,-103763 20735,-103829 20414,-105108 20142,-106321 19411,-108856
# Neuruppin - Neustadt
PE53	R -31771,57647 -32038,57184 -32378,56730 -32634,56664 -34214,56624 -35480,56218 -37715,55491 -38294,55228 -39447,53481 -39603,53209 -40440,52986 -41412,52298 -41757,52058 -42081,51948 -42493,51900 -43316,51913 -44359,52182 -45277,52849 -45993,52970 -47381,53107 -48066,53112 -48367,53001 -49619,51427 -50068,51166 -50369,50989 -50602,50642 -51205,48809 -51351,48400 -51887,48114 -52275,48089 -53567,47860 -54148,47844 -54538,48011 -54951,48347
# Frankfurt - Eberswalde
OE60	R 87495,-5966 87155,-5810 87031,-5530 86930,-5080 86703,-4562 86385,-4344 85981,-4251 85599,-4137 85090,-3914 84857,-3825 84648,-3544 84315,-2854 84351,-2246 84413,-657 84456,1122 84373,1358 83838,3130 83238,4797 82697,6166 82131,7089 81156,9068 79688,11827 79213,12903 78882,13721 78672,13981 78104,14592 77650,15668 77633,16073 77585,17180 77720,17687 78270,18887 78337,19119 78321,19524 78197,19803 76435,23268 75264,25496 74222,26381 70412,29157 68660,30192 66715,31243 63477,32870 60671,33928 60156,34186 59836,34592 59818,35035 59972,35483 60124,35780 59998,36249 59614,36719 58756,37275 58328,37638 57560,38450 56683,39718 55935,40605 54988,41712 53464,43092 52840,43690 52575,43852 52034,43906 51644,43774 51233,43598 50778,43510 50256,43576 48800,44365 47910,44876 47713,45112 47413,45515 45986,47492 45751,47705 45214,47941 43416,48294 42326,48532 41944,48703 41515,48967 40878,49374 40388,49484 40110,49508 39725,49447 38825,49198 37841,49165 37402,49161 36895,49058 36681,48931
# Hennigsdorf (Kurve)
RE6,RB20,RB55	RC -3576,27376 -3566,27821
# Basdorf - Wensickendorf
RB27	RC 11957,34472 11892,34913 11633,35122 10080,36127 9929,36358 9347,37218 8698,38671
# Friedrichsfelde Ost - Strausberg
RB26	RC 19233,12246 19474,12310 19713,12380 19801,12386 20055,12340 20194,12277 20377,12172 20481,12150 20624,12133 20766,12124 21171,12096 21562,12088 22121,12080 23002,12073 23654,12053 23922,12039 24140,12054 24482,12106 25760,12327 26051,12368 27052,12463 28747,12824 30462,13112 34747,13818 36541,14129 38878,14522 39652,14539
# Velten - Vehlefanz
RE6,RB55	RC -5713,30692 -7654,32774 -9562,34675
# Vehlefanz - Kremmen
RE6,RB55	R -9562,34675 -11222,36087 -11823,36531 -13953,37426 -14320,37637 -14472,37827 -14754,38167
# Kremmen - Neuruppin
RE6	R -14754,38167 -14969,38410 -15077,38580 -15079,38877 -14816,40988 -15365,42751 -16228,43906 -20232,46311 -22880,48051 -25033,49754 -25916,50404 -26778,50951 -27511,51435 -27812,51903 -28395,54104 -28964,56147 -29902,57308
# Neustadt - Rathenow (früher RB50), zwischen Rathenow Nord und Rathenow jetzt RB51
	R0 -54148,47844 -54352,47176 -55549,46286 -57132,45158 -57903,45085 -58610,44799 -59903,43873 -60833,41464 -60668,40400 -61150,38054 -61615,37516 -62081,36914 -62879,36261 -63398,35190 -63988,32086 -64014,31086 -62868,28400 -62745,27467 -62232,26303 -61612,23548 -61492,22827 -61414,21999
# Brandenburg - Kreuz Brandenburg West
# RB52 ist stillgelegt
RE1,RB51	R -46266,-1576 -47550,-2452
# Brandenburg - Wusterwitz (- Magedburg)
RE1	R -47550,-2452 -53548,-6055 -54144,-6147 -54870,-5941 -55254,-5597 -56013,-4570 -56402,-4213 -56810,-4026 -59292,-3572
# Brandenburg - Belzig
RB52 fährt seit dem 14.12.2003 nicht mehr. Begrenzte Fahrradmitnahme in Bussen ist möglich.	R0 -47550,-2452 -47460,-4830 -47773,-5386 -47937,-5857 -47784,-6238 -47405,-7393 -47310,-8267 -47115,-8565 -47005,-9032 -46952,-9929 -46753,-10695 -46010,-12460 -44099,-14043 -43947,-14342 -44052,-15360 -43880,-15700 -43834,-15999 -43659,-16617 -43760,-17046 -43815,-18050 -43898,-18372 -44019,-18907 -44563,-19895 -44473,-20342 -44214,-20854 -43590,-21484 -42363,-23226 -42168,-23611 -41750,-25552 -41295,-26535 -41314,-26727 -41669,-27370 -42129,-28335 -42230,-28914 -42305,-29982 -42259,-30281 -41939,-30641 -41590,-31663 -42695,-31245 -42949,-31184
# Rathenow - Kreuz Rathenow West
RB13,RB51	R -61015,20262 -62249,19780
# Kreuz Rathenow West - Großwudicke
RB13	R -62249,19780 -63204,19333 -69474,19047
# Rathenow - Brandenburg
RB51	R -61414,21999 -61054,21388 -60473,21011 -60085,20825 -60077,20316 -60204,20250 -60420,20353 -60654,20394 -61015,20262
RB51	R -62249,19780 -62438,19544 -62410,19278 -62106,19006 -62016,18709 -62179,18262 -62604,16023 -62716,15088 -62661,14389 -62822,13622 -62733,13411 -62408,13202 -61492,12301 -60828,12097 -60033,11916 -59218,11882 -58572,11613 -57947,11387 -57062,11197 -55439,10616 -54176,9797 -53832,9331 -53676,8887 -53841,8461 -53650,8151 -53429,7559 -53396,6645 -53063,5906 -52166,4834 -51310,3839 -50528,2180 -50540,1456 -50363,947 -48878,-144 -48681,-566 -48115,-1476 -48130,-2116 -47955,-2391 -47550,-2452
# Spandau - Staaken
RE4,RB13	RB -3643,14016 -3936,14069 -4088,14083 -4712,14111 -5038,14106 -6427,14226 -6729,14250 -7340,14306
# Staaken - Kreuz Wustermark
# XXX kein Betrieb auf :Elstal:E4873,4913
RE4,RB13	RC -7340,14306 -13102,14840 -17122,15250 -17896,15291 -19166,15438
# Kreuz Wustermark - Wustermark
RE4,RB13,RB21	RC -19166,15438 -19574,15501 -20757,15583 -21187,15667
# Südwestkurve Wustermark
RB21	RC -18796,14887 -18927,15226 -19166,15438
# Wustermark - Rathenow
RE4	R -21187,15667 -22112,15751 -25411,16038 -25883,16205 -26419,16436 -33739,19130 -34637,19410 -42628,19726 -50618,20357 -53539,20656 -55180,20603 -60380,20482 -60654,20394
# Kreuz Brieselang, von Südwest nach Nordost
RB20	RC -16411,18196 -15342,19183
# Cottbus - Cottbus West 1
RE11,RB46	R 74670,-71679 75365,-71690
# Cottbus West 1 - 2
RE11,RB46	R 75365,-71690 76379,-71364 76824,-71071
# Cottbus West 2 - 3
RE11	R 76824,-71071 77291,-70715
# früher RB46 nach Peitz
	R0 78250,-64875 78805,-61258 79946,-59208
# Cottbus - Forst
RB46	R 76824,-71071 77118,-71161 77900,-70874 78131,-70877 81114,-71870 88003,-72262 93914,-72556 95068,-72606 95993,-72638
# Cottbus - Guben
	R0 77291,-70715 78711,-69388 79845,-67910 81599,-65282 81942,-64776 82116,-64352 82553,-63037
# Cottbus - Guben
RE11	R 82553,-63037 83109,-61268 83389,-60467 83880,-59961 85027,-59420 86725,-58587 89329,-57355 91092,-56402 95147,-53629 97079,-52679 97337,-52342 97618,-51771 98446,-51336 99380,-50840 100146,-50383 100430,-49706 100391,-48771 100190,-47937
# Peitz Ost - Willmersdorf
RE11	R 82553,-63037 82125,-63650 81600,-64050 80925,-64225 80375,-64212 79500,-64175 78950,-64300 78500,-64600 78250,-64875
# Willmersdorf - Cottbus
RE11	R 77291,-70715 77571,-70164 77675,-69375 77778,-68092 78147,-65382 78250,-64875
# Lübbenau - Calau
RB14	R 49689,-59883 50089,-60292 50277,-60679 50219,-63062 50118,-66118 50175,-67167 50255,-67852 50481,-68860 51023,-70660 51876,-72497 51851,-73139
# Calau
RE10,RB14,RB43	R 51851,-73139 51278,-73558 50791,-73914
# Calau - Großräschen
RB14	R 50791,-73914 50726,-74298 50807,-74685 51935,-76348 52696,-77511 52798,-77875 53021,-79539 53298,-81857 53607,-83092 53952,-84812
# Großräschen - Seditz
RE5,RB14	R 53952,-84812 54279,-86274 54211,-87044 54114,-89143 54164,-89860 54249,-90896 54469,-91407 54997,-91611 56690,-91690 57190,-92060 57365,-92414 57382,-92927
# Seditz - Senftenberg
RE5,RB14,RE18	R 57382,-92927 56844,-94111 56570,-94385 54150,-96495 53602,-96980
# Senftenberg
RB14,RE18	R 53602,-96980 52026,-98028 51184,-98639 49849,-99502 49344,-99923
# Cottbus - Calau
RE10,RB43	R 74670,-71679 73552,-71939 72751,-71991 71487,-72035 69101,-72314 67499,-72655 61520,-72700 52442,-73019 51851,-73139
# Calau - Finsterwalde
RE10,RB43	R 50791,-73914 49415,-74790 48651,-75658 46904,-76893 46462,-77038 45577,-77178 44819,-77554 44196,-78038 39934,-81323
# Wittenberge - Wittstock
RE6	R -102378,64686 -102560,65986 -102480,66283 -100716,67070 -100286,67262 -97171,71170 -97074,71616 -96693,71938 -96458,72069 -96047,72074 -95660,71668 -95259,71488 -94782,71494 -94249,71819 -92119,73416 -91453,73783 -89918,74178 -89488,74416 -89011,74462 -87779,74812 -87436,75028 -84807,77181 -83668,77665 -83113,78142 -82643,78468 -82342,78599 -81713,78608 -81001,78810 -80612,78837 -78341,80135 -77180,80574 -76532,80711 -75337,80726 -74276,80782 -73845,80916 -73218,81030 -72937,81076 -71248,81118 -69564,81235 -67813,81134 -67357,81119 -66537,81407 -65634,81373 -63887,81254 -63304,81411 -62404,81744 -61864,81852 -61366,81836 -59912,81663 -59393,81692 -58986,81975 -57901,82270 -57298,82556 -57030,82549 -56030,82456 -54734,82879 -54372,82946 -53938,82823
# Wittstock - Neuruppin
RE6	R -53938,82823 -53565,82594 -53365,82255 -53185,81766 -53110,81084 -52665,80279 -50966,78459 -50569,77931 -50178,77161 -49678,72974 -49502,72720 -49110,72340 -48095,70060 -48006,69868 -45850,67473 -43454,64697 -43192,64336 -42194,62121 -41257,61190 -40645,60255 -39990,59534 -39723,59259 -37430,58107 -35008,58030 -34559,57927 -34345,57866 -32635,57006 -32315,56967 -32038,57184 -31771,57647
# Angermünde - Schwedt
RE3	R 49537,68462 49424,69064 49490,69636 50406,70712 51572,71718 52823,72719 54436,73676 55349,74041 56003,74276 57990,74898 59837,75631 61900,76255 63959,76006 65625,75637 67254,75297 67450,75210 69564,74218
# Neustadt - Pritzwalk
PE73	R -55624,48983 -55756,49323 -54726,52115 -54833,52477 -55120,53222 -59260,57793 -59441,58518 -59535,59286 -61459,63707 -62045,64375 -62157,64802 -62098,65317 -62320,66994 -62744,68331 -62859,69078 -62955,70230 -63415,72866 -63553,73356 -63689,73739 -63902,73861 -64970,74190 -65353,74609 -65987,75785 -66338,76036 -67530,76380 -68121,76714 -69458,77508 -69955,77459 -70587,77643 -71660,78271 -74116,79840 -74336,80484 -73845,80916
# Angermünde Richtung Nord
RE3,RB66	R 49537,68462 48912,69537
# Angermünde - Prenzlau
RE3	R 48912,69537 47439,70841 45735,72725 45558,73080 45348,74712 45198,75032 44487,75613 44028,75895 43427,76598 42234,79175 41637,80384 41559,81175 41327,83543 40904,85187 40893,86195 41028,86982 41353,88271 41815,89315 41840,89712 41801,90229 41698,90736 41387,91306 41196,91656 40695,92519 40501,93458 40700,94226 40921,95058 40922,95570 41453,97467 41411,98044 40584,100997 39942,101977 39987,102437
# Angermünde - Tantow - Stettin
RB66	R 48912,69537 48196,70728 47655,72578 48452,74864 49021,76141 49689,76513 50678,77265 52031,78712 56446,83578 56985,84287 58852,87009 59910,87650 61079,88273 63508,90863 66420,93845 69763,95729 72294,96596 72783,97221 73233,98065 73475,100912 73787,101637 74462,102175 76753,103164 78400,104900 80025,106887 80950,110487 81650,111325 82450,111662 83587,111800 84287,111950 85300,112812 86087,113900
# Prenzlau - Pasewalk
RE3	R 40319,104526 40635,105760 41854,109926 41789,110398 41344,112769 42119,115606 42842,117483 43908,119977 47754,123814 47800,124112
# Pasewalk - Züssow
RE3	R 47800,124112 47937,125262 48012,125987 47750,126637 46537,129400 45350,131812 43950,133962 43700,134350 40162,140137 36862,146312 34175,151637 31537,157887 27625,161637 21962,168975 17500,173900 16875,174575
# Usedomer Bäderbahn
#: XXX Bahnhöfe überprüfen!
UBB	R 16875,174575 17500,173900 18012,173712 18600,173762 21125,175612 21987,176375 25325,177375 25912,177775 28375,179562 29125,180650 29650,181337 30900,181712 31375,182012 31675,182600 32500,183662 33050,184037 33625,184462 34475,184575 36225,185800 37650,186812 38337,186937 39087,186875 40550,186412 41962,185637 43975,185275 44487,185325 45412,185350 46025,185162 47437,182925 48962,182050 49612,181437 50862,179612 51275,179237 51987,178087 52637,176337 52837,176075 54337,175750 56362,174162 57184,173662 58734,171556 59162,171562 59400,171987 59350,172312 58962,172675 59350,172312 60212,171187 61837,169750
# Senftenberg - Hoyerswerda
	R0 49344,-99923 49196,-100264 49129,-100796 49419,-101291 52257,-103609 52526,-103976 52608,-104426 52857,-104664 53190,-104945
# Ruhland - Hoyerswerda
RE11 (Sachsen),RE15 (Sachsen)	R 53190,-104945 54443,-105090 55349,-105265 59617,-105750 62848,-106257 68778,-107065 69470,-107134
# Senftenberg - Ruhland
RE18,RB14	R 49344,-99923 48798,-100430 45961,-103014 45310,-103690 45057,-104135 44845,-104751
# Spandau - Jungfernheide: kein Verkehr mehr
	RBau -750,13303 -584,13245 -429,13207 -318,13197 65,13238 1204,13374 1721,13440 2411,13567 2695,13619 3352,13752
#
# stillgelegte Strecken
#
# Verbindung Nordring - Bahn nach Spandau
	R0 2121,13108 2101,13209 2038,13319 1935,13393 1822,13427 1721,13440
#
#: note: stillgelegt ca. Mai 1998
#: note: http://www.draisinenbahn.de
Tiefensee - Sternebeck, Draisinenstrecke	R0 38961,30490 39307,30786 39804,31249 40913,31951 41042,31993 41493,31863 41732,31941 41968,32025 42204,32023 42871,31955 43107,31910 43344,31994 43861,32161 44375,32073 44935,32046 45214,31875 45449,31874 45772,31936 46094,31869 46479,31824 46740,31919 48264,31569 49012,31245 49141,31223 49416,31079 49734,31041 50011,31062 50247,30933
# Sternebeck - Wriezen
	R0 50247,30933 51405,30350 51834,30303 53059,30313 55569,30484 56816,30543 57074,30671 57226,30947 57207,31289 57368,31562 57734,31731 58596,32028 59634,32910 59741,33205 59615,33611 59445,33996 59556,34444 59818,35035
#	R0 3909 2849 2810 2811 2812 2813 2814
	R0 -16016,-4189 -17344,-3122 -18072,-2482 -18480,-2247 -18951,-2019 -19463,-1976 -20080,-2063 -20700,-2020
# der Bahnhof Bergholz ist stillgelegt
	R0 -8229,-9316 -8916,-9167 -11202,-7672 -13768,-5931 -16016,-4189
# Verbindung: Genshagener Kreuz - Blankenfelde
	R0 10824,-6280 11101,-6281 11335,-6516 11463,-6580
# Wensickendorf - Liebenwalde
	R0 8698,38671 8655,39030 9329,41947 10250,45945 10360,47148 10109,47962 9732,49917 9540,50216 9525,51810
# Wensickendorf - Schmachtenhagen
RB27: Wensickendorf - Schmachtenhagen nur an Wochenenden	RC 8698,38671 8590,39367 6732,40676 4873,41081 4418,41082
#
# Müncheberg - Buckow (RB29, stillgelegt am 27.9.1998)
	R0 57443,13986 57810,14239 57797,14476 57714,14669 57226,15144 56824,15588 56750,15927 56752,16392 56646,16795 56242,17622 56094,18067
# Jüterbog - Coswig
RE4	R -12980,-46724 -14221,-48162 -14781,-48575 -15330,-48770 -17444,-49401 -20827,-50166 -23068,-50864 -25596,-51646 -26904,-52422 -30026,-54377 -30568,-54978 -30994,-55491 -32575,-57823 -33091,-58596 -33822,-59114 -37741,-59954 -38056,-60063 -38507,-60943
Lutherstadt Wittenberg - Coswig	R -38507,-60943 -38880,-61394 -39490,-61463 -40337,-61217 -42031,-60593 -42263,-60553 -44418,-60231 -49041,-59324 -50032,-59292 -50893,-59325 -52563,-58750
RE3	R -67535,-64457 -67268,-63274 -67546,-61737 -67593,-60472 -67449,-59505 -67413,-59078 -67175,-58415 -66742,-57745 -66390,-57397 -65233,-56958 -64930,-56058 -65140,-53267 -64997,-52903 -63485,-51113 -62918,-50609 -60475,-48915 -59977,-48355 -59020,-46467 -58725,-45033 -58180,-43382 -57354,-39573
Rosslau - Coswig	R -65233,-56958 -63996,-56535 -63344,-56546 -59896,-57840 -58527,-58143 -55150,-58846 -53047,-58713 -52563,-58750
# Lichtenberg - Schöneweide, z.Zt. stillgelegt
	R0 16778,11789 16561,11595 16337,11392 16051,11227 15939,11208 15787,11190 15604,11256 15400,11346 15307,11354 15204,11337 15083,11273 15006,11202 14947,11122 14869,10984 14847,10892 14759,10424 14712,10337 14600,10196 14443,9988 14405,9935 14368,9864 14237,9579 14186,9430 14171,9316 14180,9252 14232,9150 14294,9084 14382,9012 14935,8403 15174,8154 15423,7881 15514,7777 15772,7516 15893,7396 16036,7261 16068,7227 16400,6864 16604,6654 16902,6397 17711,5556
RB24	RC 15545,-26610 14226,-23436 13716,-22301 13557,-21831 13499,-21473 13431,-20775 13414,-20498 13320,-19093 13303,-18833 13295,-18620 13282,-18250 13132,-14437 13111,-14159 12689,-12237 11916,-8926 11639,-7663 11530,-6944 11463,-6580 11463,-6324 11548,-6152 11781,-5960
RB24,RB14	RC 11781,-5960 12482,-5601 13869,-4636 15070,-3731 16549,-2482 18064,-1495
RB24,RB14	RB 18064,-1495 18504,-1155 18720,-996 19090,-705 19278,-577 19339,-527 19406,-453 19741,-197 20051,73 20235,255 20417,488 20542,686 20693,960 20792,1128 20956,1452
RB24	RB 20956,1452 21040,1624 21123,1789 21192,1963 21257,2238 21314,2521 21423,2810 21465,2914 21458,2988 21432,3155 21360,3398 21343,3523 21151,3983 21095,4156 21049,4770 20992,5691 20946,5873 20897,5975 20662,6367 20510,6687 20476,6807 20473,6937 20539,7152 20655,7394 20677,7799 20500,8652 20483,9083 20340,9622 19944,10389 19736,10836 19582,11268 19543,11802 19496,12099 19427,12216 19358,12242 19233,12246 19109,12203 18984,12191 18726,12190 18295,12195 18025,12194 17907,12182 17608,12086 17444,12058 17088,11981 16918,11888 16778,11789
# Bernau - Hohenschönhausen 
OE60	RC 22841,30263 22647,30073 19350,28731 18899,28383 18176,27617 17671,27148 17118,26775 16810,26492 16352,26055 16182,25863 16101,25760 16049,25678 15917,25455 15611,24973 15088,24137 14809,23679 14608,23364 14542,23259 14253,22818 14210,22756 14157,22612 14140,22471 14166,22316 14261,22143 14443,21900 15654,20415 16997,18750 17607,18021
# Hohenschönhausen - Lichtenberg
OE60	RC 17607,18021 17928,17621 18518,16904 18577,16782 18753,16184 18942,15438 19054,15039 19154,14708 19176,14610 19233,14288 19270,14050 19367,13687 19452,13397 19491,13295 19537,13212 19591,13109 19632,13022 19664,12808 19666,12736 19633,12666 19571,12574 19443,12388 19347,12305 19233,12246 19109,12203 18984,12191 18726,12190 18295,12195 18025,12194 17907,12182 17608,12086 17444,12058 17088,11981 16918,11888 16778,11789
# Hoyerswerda - Falkenberg
RE11 (Sachsen),RE15 (Sachsen)	R 69470,-107134 68778,-107065 62848,-106257 59617,-105750 55349,-105265 54443,-105090 53190,-104945 48950,-105029 47037,-105116 44845,-104751 44530,-105196 44109,-105704 43940,-106171 43479,-106593 42808,-106501 39923,-105129 39332,-104675 38707,-103712 38435,-103453 37809,-103193 37453,-103148 35754,-103138 31366,-103100 28906,-103225 27064,-103786 26541,-103847 23758,-103488 23114,-103512 20463,-103763 19431,-103657 18384,-103294 17192,-102738 16585,-102417 14631,-100569 12970,-98944 12592,-98667 11898,-98258 10955,-98109 10557,-98002 8733,-96853 5273,-94681 3700,-93617 2736,-92872 2044,-92254 1833,-91339
# Cottbus - Spremberg
RB47,LB65	R 74670,-71679 75365,-71690 75865,-72089 76170,-73334 77363,-74298 78125,-75187 80867,-78615 81298,-79351 81908,-82220 82314,-85572 82238,-88009 79877,-90091 79826,-90675 80105,-91209
# Grünauer Kreuz, KW - Schönefeld
RB14	RC 21328,1692 21211,1682 20956,1452
# Hamburg Hbf - Hamburg Altona
	R -221676,123396 -222422,123053 -222781,123172 -222775,123172 -223006,123633 -223232,123822 -223237,123822 -223554,123867 -223926,124093 -224207,124440 -224468,124611 -225798,124599 -226037,124566 -226227,124426 -226464,124326 -226727,124332 -227215,124505 -227215,124499 -227612,124509 -227901,124379 -227966,124134 -227880,123949 -227777,123741 -227774,123332
#: XXX: Bahnübergänge sind noch nicht eingetragen
NME	RG 16766,3002 16437,2583 16113,2164 15849,1807 15777,1700 15671,1641 15576,1625 15259,1641 15258,1641 15173,1661 15109,1695 14990,1798 14989,1798 14907,1832 14820,1843 14729,1826 14612,1801 14495,1819 14201,1923 13851,2052 13540,2208 13440,2295 13335,2468 13226,2643 13124,2814 13014,2990 12905,3166 12808,3341 12712,3516 12613,3692 12516,3869 12418,4045 12320,4222 12217,4379 12081,4553 11952,4729 11821,4904 11822,4904 11694,5080 11565,5255 11449,5397 11273,5571 11273,5572 11099,5745 11061,5817 11015,5925 11003,6010 11023,6187 11032,6364 11031,6364 11041,6432 11075,6538 11110,6586 11164,6625 11556,6696 11557,6696 11783,6755 12173,6844 12481,6924 12870,7023 13194,7114
Verbindung Frankfurter Allee - Lichtenberg	RG 15273,11854 15316,11555 15364,11445 15482,11328 15604,11256
Verbindungskurve Ostkreuz - Rummelsburg	RG 15604,11256 15714,11128 15776,10923 15872,10571 15919,10430
# Fernbahntunnel in Bau
	RBau 8327,9526 8328,9925 8286,10243 8276,10403 8324,10726 8403,11005 8502,11345 8522,11503 8308,12451 8278,12626 8144,12958 7996,13271 7854,13554
# Hauptbahnhof - Jungfernheide
	RBau 7854,13554 7637,13898 7408,14229 7286,14372 7222,14446 7061,14486 6614,14465 6329,14428 5299,14185 4216,13949 3705,13835 3352,13752
# Hauptbahnhof - Gesundbrunnen/Nordkreuz
	RBau 7286,14372 7289,14564 7394,14820 7842,15194
# Gesundbrunnen - Karower Kreuz
	RBau 7842,15194 8573,15714 8731,15786 8870,15819 9019,15847 9138,15896 9299,15930 9490,15946 9627,15959 9700,15978 9824,16041 9913,16187 9951,16352 9906,16605 9913,16910 9941,17039 10031,17150 10211,17316 10372,17480 10563,17689 10621,17757 10796,17924 10933,18048 11161,18280 11798,18926 11894,19036 12000,19204 12076,19329 12568,20137 12918,20692 13224,21155 13735,21981 13827,22126 14004,22426 14210,22756
# Karower Kreuz, SW - NW
	RBau 13827,22126 13850,22200 13876,22344 13866,22474 13821,22604 13752,22704
# Stettin - Swinemünde
	R 86087,113900 86450,114225 86825,114125 88600,112050 88775,109600 89250,109275 89875,109100 92150,109700 93425,110750 94075,111075 95175,111175 95550,111450 95975,112175 96525,113050 97925,113800 101900,118150 102475,120975 103650,126575 105525,129375 106000,132275 105475,135250 106825,143100 107225,145025 106550,152200 104775,156150 104500,159975 104200,160375 103325,160900 101450,161100 98575,161825 98125,161725 96125,161525 94875,161800 94225,161850 91575,161575 90850,161600 89925,161875 89050,161975 88675,162200 88350,162525 86075,166875 86175,168000 86175,168450 85675,169625 85025,170475 84175,170750 82800,170450 81750,169650 81000,169450 80650,169600 79875,170350 78950,170250 78250,169925 77975,169500 77450,169150 76950,169025 75700,169200 73400,167725 72150,167100 67125,167275 66275,167900
Verbindungskurve	R0 -15430,-2494 -15534,-2215 -15753,-1915 -15875,-1719
#: note: http://www.draisine.com
Templin - Lychen, Draisinenstrecke	R0 14476,78108 14323,78040 14110,78020 13907,78091 13754,78213 13500,78538 12586,79198 11439,80579 10332,81646 8828,82824 7742,83758 6432,84733 5700,85190 5192,85780 4522,86237 4329,86450 3984,87567 3923,87730 3699,87902 3242,88471 3121,88654 2928,88776 2684,88837 2318,88877 2176,88918 2064,89009 1851,89416 1729,89517 1567,89548 460,89253 -281,88664 -850,88410 -1774,87750 -2617,87171 -3734,86927 -4475,87069 -5430,87151 -5887,87080 -6801,87252 -8061,87648 -8518,87628 -8812,87496 -8893,87354 -8970,87239
Verbindungskurve Fürstenberg	R0 -8518,87628 -8914,87638 -9178,87730 -9297,87794
#: note: http://www.draisinenbahn.de
Töpchin - Mittenwalde, Draisinenstrecke	R0 22154,-25412 22367,-25138 22834,-24843 23037,-24589 23119,-24437 23210,-23787 23261,-23553 23342,-23421 23423,-23106 23565,-22781 23586,-22659 23504,-21420 23454,-21248 23413,-20994 22672,-19836 22509,-19196 22001,-18333 21971,-18130 22072,-17277 22072,-17063 21829,-16505 21656,-16383 21260,-16159 20915,-16139
#: note: http://www.erlebnisbahn.de
Zossen - Jüterbog, Draisinenstrecke	R0 13431,-20775 13399,-21065 13145,-21502 12109,-22406 11510,-23685 11205,-24437 10697,-25412 9803,-26549 9174,-27504 8493,-28906 8280,-29292 8219,-29688 8250,-29952 8788,-32785 8849,-33811 8250,-34949 7762,-35385 5060,-36350 1211,-37985 -4618,-39875 -6943,-41530 -7208,-41957 -7553,-43846 -7807,-44100 -8193,-44242 -9076,-44039 -9381,-44049 -10610,-44750 -11610,-45027
#: note: http://www.draisinenbahn.de
Germendorf - Kremmen, zukünftige Draisinenstrecke	R0 -5704,38237 -7228,38908 -9158,39385 -10234,39355 -10732,39223 -13890,37557 -14246,37516 -14472,37827
#: note: http://www.draisinenbahn.de
Mittenwalde - Königs Wusterhausen, zukünftige Draisinenstrecke	R0 21656,-16383 21910,-16434 22164,-16362 22956,-15824 23687,-15357 24226,-15184 24388,-15032 24449,-14748 24297,-14311 24804,-13783 25109,-13519 26297,-12808 26369,-12666 26358,-11950
Mittenwalde - Zossen	R0 20915,-16139 20701,-16119 20539,-16119 20468,-16200 20336,-16444 19604,-17023 18914,-17876 18609,-17927 17898,-18120 17614,-18028 17116,-18018 16862,-17835 15400,-17551 14079,-18160 13907,-18373 13622,-18526 13328,-19095
