S1	SA 6954,8114 7304,8584 7421,8719 7534,8895 7912,9436 7985,9576 8046,9705 8139,9808 8254,9951
S1	SA::Tu_ 8254,9951 8368,10100
S1,S2,S25	SA 8771,14544 8732,14647 8695,14838 8661,15022 8634,15175 8629,15291 8644,15394 8658,15442 8765,15592 8889,15750 9019,15847
S1,S2,S25	SA::_Tu 8368,10100 8463,10223 8567,10304 8690,10400 8744,10505 8820,10712 8880,10853 8898,10940 8894,11004 8836,11072 8579,11382 8558,11421 8540,11480 8538,11549 8577,12085 8591,12154 8626,12205 8709,12236 8838,12259 9005,12277 9080,12306 9125,12374 9133,12477 9117,12615 9143,12667 9181,12732 9271,12858 9344,12899 9451,12911 9509,12959 9521,12992 9610,13258 9644,13382 9612,13509 9537,13658 9395,13877 9264,14032 8837,14447 8771,14544
S1,S2,S25,S41,S42,S46,S47	SA 9019,15847 9138,15896 9299,15930
S2,S25	SA 7837,7712 7847,7754 7861,7814 8159,8736 8223,8910 8249,9054 8276,9200 8280,9528 8286,9799 8303,9921
S2,S25	SA::Tu_ 8303,9921 8335,10030 8368,10100
S2,S8	SA 9860,16507 9850,16815 9884,16939 9941,17039
S3,S5,S7,S75	SA 14847,10892 14689,10926 14136,11091
S3,S5,S7,S75,S9	SA 14136,11091 13571,11234 13109,11367 12911,11456 12796,11528 12609,11662
S41,S42	SA 10279,15954 9627,15959
S41,S42	SA 13999,7541 14061,7720 14068,7811 14113,8316 14203,9216 14237,9579
S41,S42	SA 2256,12334 2121,13108 2111,13236 2137,13348 2186,13458 2276,13531 2411,13567 2695,13619 3352,13752 3705,13835 4216,13949 5299,14185 6329,14428 6675,14512 6995,14554 7085,14603 7842,15194 8573,15714 8731,15786 8870,15819 9019,15847
S41,S42,S45	SA 13817,7315 13930,7421 13999,7541
S41,S42,S46	SA 2256,12334 2372,11871 2390,11773 2382,11669 2354,11508 2293,11351 2189,11092 2162,10978 2150,10859 2142,10790 2177,10650 2222,10506 2268,10413 2337,10311 2480,10178 2589,10055 2706,9927 2938,9653 3017,9527 3138,9372 3405,9059 3776,8619 3923,8424 4182,8142 4361,8010 4461,7960 4545,7933 4638,7908 4987,7900 5404,7902 5710,7924 5906,7938 6263,7956 6445,7950 6555,7953 6677,7987 6954,8114 7103,8147 7276,8168 7432,8130 7621,8023 7746,7913 7837,7712
S41,S42,S46,S47	SA 7837,7712 7941,7510 8037,7408 8162,7310 8298,7266 8479,7258 8877,7262 8945,7263 9039,7251 9120,7225 9397,7135 9563,7070 9670,7011 9881,6870 10011,6786 10177,6711 10271,6674 10447,6604 10535,6586 10656,6584 10929,6619 11455,6697 11670,6747 12309,6899
S41,S42,S46,S47,S45	SA 12309,6899 12670,6996 12955,7064 13030,7098 13130,7132 13437,7203 13757,7294 13817,7315
S41,S42,S8	SA 11064,15971 10948,15983 10845,15981 10678,15987 10363,15951 10279,15954
S41,S42,S8,S85	SA 14759,10424 14847,10892 14869,10984 14947,11122 15067,11341 15232,11634 15266,11755 15273,11854 15232,12078 15205,12156 15140,12322 15018,12606 14954,12742 14906,12902 14840,13014 14745,13093 14675,13131 14494,13199 14358,13262 14185,13335 14098,13397 14037,13467 13839,13778 13340,14552 13073,14763 12732,14995 12381,15196 12196,15279 12032,15351 11818,15492 11713,15566 11588,15675 11453,15783 11269,15887 11064,15971
S41,S42,S8,S9	SA 14237,9579 14368,9864
S41,S42,S8,S9,S85	SA 14368,9864 14405,9935 14443,9988 14546,10124 14712,10337 14759,10424
S5,S7,S75,S9	SA 12609,11662 12445,11774 12002,11855 11894,11848 11805,11858 11678,11949 11398,12103 11318,12166 11268,12286 11200,12395 11152,12530 11099,12625 10847,12890 10660,13029 10574,13062 10478,13070 10295,12996 10208,12965 9956,12927 9869,12881 9679,12731 9625,12705 9432,12689 9289,12698 9181,12732 9089,12753 8946,12809 8823,12813 8705,12823 8646,12854 8563,12928 8418,13142 8358,13205 8254,13255 8139,13262 7998,13244 7887,13207 7796,13151 7642,12972 7565,12901 7241,12649 7140,12599 7031,12578 6604,12628 6429,12635 6295,12619 6184,12568 6082,12479 6021,12373 5855,12084 5825,12002 5814,11967 5787,11838 5741,11704 5694,11533 5619,11373 5520,11186 5438,11016 5364,10945 5264,10899 5107,10895 4670,10930 4004,10977 3887,10959 3650,10915 3464,10851 3037,10677 2861,10643 2669,10590 2508,10537 2268,10413
S9	SA 14759,10424 14789,10746 14767,10817 14651,10957 14572,10992 14439,11039 14136,11091
S1	SB -4429,1608 -4246,1760 -4163,1885 -4073,2035 -3684,2606 -3596,2727 -3498,2837 -3396,2951 -2693,3426 -2287,3573 -2028,3661 -1898,3676 -1748,3664 -1573,3593 -1069,3247 -33,2540 63,2497 174,2475 274,2481 406,2506 527,2551 709,2633 1134,2865 1751,3239 2994,3988 3200,4101 3535,4308 3960,4573 4506,4903 4600,4971 4787,5182 4988,5422 5278,5817 5644,6331 5753,6477 5959,6754 6126,6998 6252,7147 6372,7290 6681,7721 6954,8114
S1	SB 4544,22215 3651,23416 3187,24062 2412,25061
S1,S2,S25	SB 9627,15959 9700,15978 9826,16072 9905,16227 9894,16288 9860,16507
S1,S2,S25,S41,S42	SB 9299,15930 9490,15946 9627,15959
S1,S25,S85	SB 9860,16507 9837,16746 9843,17010 9733,17316 9564,17628 9476,17716 9258,17914 9088,18083 8692,18430 8542,18579 8334,18742
S1,S7	SB -4677,1420 -4429,1608
S1,S85	SB 8334,18742 8072,18971 7452,19487 6473,20341 5468,21190 5058,21538 4994,21618 4544,22215
S2	SB 10151,-2046 9666,-824 9397,-141 9173,512 9158,551 9024,906 8614,1994 8112,3281 7615,4609 7325,5377
S2	SB 13827,22126 14004,22426 14210,22756 14253,22818 14542,23259 14608,23364 14809,23679 15088,24137 15625,24961 16132,25743
S2,S25	SB 7325,5377 7306,5498 7264,5825 7266,5924 7275,5975 7294,6025 7837,7712
S2,S8	SB 9941,17039 10031,17150 10211,17316 10372,17480 10563,17689 10621,17757 10796,17924 10933,18048 11161,18280 11798,18926 11894,19036 12000,19204 12076,19329 12568,20137 12918,20692 13224,21155 13735,21981 13827,22126
S25	SB 7325,5377 7338,5266 7333,5155 7299,5029 7214,4793 7153,4673 7031,4416 6877,4178 6803,4073 6426,3643 6371,3590 6153,3326 6041,3205 5912,3062 5730,2880 5485,2645 5440,2601 5259,2317 5168,2214 4993,2045 4855,1876 4698,1651 4597,1519 4514,1370 4397,1104 4273,754 4149,362
S25	SB 8334,18742 8192,18850 8096,18895 7985,18902 7681,18915 7528,18932 6583,19093 6447,19105 5898,19110 5171,19057 4308,19008 3873,18969 3767,18979 3627,19015 3249,19209 2886,19420 2681,19613 2632,19718 2471,20090 2358,20368 2161,20778 1864,21354 1722,21526 1570,21643 1367,21733 193,22128 86,22193 -54,22332 -417,22687 -540,22833 -798,23091 -1717,24101
S3	SB 32154,4092 32003,4385 31906,4590 31785,4759 31659,4895 31507,5029 31307,5153 31132,5231 30917,5293 30692,5331 30087,5425 28539,5647 26813,5934 26283,5963 25760,5990 25491,6001 24642,6009 24023,6036 23774,6074 23597,6099 23214,6118 22775,6088 22613,6092 22530,6100 22407,6117 22266,6158 22080,6238 21887,6345 21668,6498 21040,6939 20724,7160 20247,7485 18801,8501 18121,8955 17862,9230 17394,9587 17207,9660 17002,9744 16877,9840 16679,10001 15727,10559 15596,10638 15454,10711 15291,10747 15193,10779 15022,10849 14847,10892
S45	SB 13817,7315 13757,7294 13437,7203 13130,7132
S45	SB 18079,-1507 18161,-1456 18333,-1325 18532,-1140 18697,-963 18899,-856 19062,-795 20033,-559
S46,S47,S45	SB 13817,7315 13916,7315 14014,7282 14261,7159 14351,7130 14464,7107 14674,7125 14887,7182 15646,7362 15736,7377 15845,7367 15946,7313 16006,7272 16068,7227
S47	SB 21258,4787 21050,5090 20985,5133 20910,5166 20782,5206 20203,5414 20107,5439 20004,5437 19914,5418 19787,5366 19582,5323 19405,5284 18698,5070 18513,5018 18404,5012 18248,5031
S5	SB 19233,12246 19474,12310 19713,12380 19801,12386 20055,12340 20194,12277 20377,12172 20481,12150 20624,12133 20766,12124 21171,12096 21562,12088 22121,12080 22655,12050 23043,12049 23653,12023 23946,12019 24487,12082
S5,S7,S75	SB 14847,10892 14898,10899 15024,10864 15184,10828 15383,10811 15540,10824 15693,10874 15829,10932 15967,11023 16270,11272 16607,11583 16796,11777 16918,11888 17088,11981 17444,12058 17608,12086 17907,12182 18025,12194 18295,12195 18726,12190 18984,12191 19109,12203 19233,12246
S7	SB 1811,10161 1634,10053 1508,9986 1443,9936 1369,9835 1217,9635 1151,9551 923,9181 789,9046 628,8887 542,8798 375,8564 -415,7400 -829,6837 -3023,3867 -3548,3153 -3701,2870 -3722,2694 -3736,2625 -3787,2291 -3809,2172 -3863,2089 -3956,1971 -4129,1814 -4429,1608
S7	SB 19233,14288 19253,14497 19335,14840 19476,15130 19623,15444 20069,16334 20199,16562 20458,17110 20632,17447 21199,18617
S7,S75	SB 19233,12246 19347,12305 19443,12388 19571,12574 19633,12666 19666,12736 19664,12808 19632,13022 19591,13109 19537,13212 19491,13295 19452,13397 19367,13687 19270,14050 19233,14288
S7,S75,S75,S9	SB 2268,10413 1811,10161
S75	SB 19233,14288 19176,14610 19154,14708 19054,15039 18942,15438 18753,16184 18577,16782 18518,16904 17928,17621 17607,18021 16997,18750
S75,S75,S9	SB 1811,10161 1621,10093 1535,10088 1347,10151 1208,10234 1031,10469 940,10798 873,10952 795,11039 523,11223 385,11360 306,11499 233,11562 124,11611 -111,11644 -618,11525 -1195,11354 -1363,11312 -1479,11321 -1638,11411 -1952,11703 -2028,11815 -2094,11961 -2148,12561 -2139,12681 -2006,13075 -1949,13249 -1953,13399 -2005,13520 -2082,13600 -2168,13648 -2891,13780 -3146,13854 -3361,13966 -3663,14083
S8,S46,S85	SB 21465,1742 21870,1290 22166,986
S8,S85	SB 10279,15954 10166,15983 9996,16103 9918,16318 9860,16507
S8,S9,S46,S47,S85,S45	SB 16068,7227 16400,6864 16604,6654 16902,6397 17711,5556 17904,5361 18115,5136 18248,5031
S8,S9,S46,S85,S45	SB 18248,5031 18330,4968 18637,4741 18674,4702 19214,4145 19387,3967 19570,3772 19809,3479 19944,3344 20176,3078 20535,2703 20759,2506 20940,2329 21465,1742
S8,S9,S85	SB 14237,9579 14186,9430 14171,9316 14180,9252 14232,9150 14294,9084 14382,9012 14935,8403 15174,8154 15423,7881 15514,7777 15772,7516 15893,7396 16036,7261 16068,7227
S85	SB 10279,15954 10363,15951 10678,15987 10845,15981 10948,15983 11064,15971
S85	SB 14368,9864 14237,9579
S9,S45	SB 21465,1742 21526,1643 21577,1562 21662,1364 21677,1244 21670,1135 21641,1009 21577,896 21508,796 21404,646 21271,458 21173,359 21101,291 21031,227 20874,139 20716,10 20575,-227 20428,-365 20170,-510 20033,-559
S1	SC 2136,31373 2071,31665 1943,32102 1281,34251 361,37124 312,37185 210,37316 -199,37739 -436,38100 -672,38539
S1	SC 2412,25061 2209,25328 2105,25508 2037,25660 1976,25806 1953,25939 1962,26110 1985,26624 1995,26889 2036,27445 2053,28083 2074,28340 2082,28802 2085,28935
S1,S8	SC 2085,28935 2087,29061 2158,30267 2188,30809 2178,30996 2136,31373
S2	SC 11575,-7519 11532,-7306 11429,-7023 11407,-6800 11077,-5335 10994,-4934 10865,-4464 10763,-4012 10629,-3482 10567,-3176 10545,-3078 10493,-2931 10365,-2603 10326,-2510 10188,-2139 10151,-2046
S2	SC 16132,25743 16206,25846 16368,26042 16810,26492 17118,26775 17633,27219 18134,27677 18899,28383 19350,28731 21038,29414 22634,30097 22841,30263
S25	SC -1717,24101 -1988,24430 -2057,24572 -2206,24801 -2392,24950 -2597,25024 -2702,25010 -2764,25013 -2995,25072 -3072,25120 -3292,25327 -3348,25411 -3389,25653
S25	SC 4149,362 4018,-79 3983,-212 3912,-390 3803,-520 3803,-520 3682,-593 1989,-1151
S3	SC 34218,2881 34153,2981 34093,3075 33868,3284 33706,3387 33010,3500 32828,3551 32650,3628 32462,3748 32342,3860 32154,4092
S46	SC 26029,-6170 26057,-6241 26539,-7440 26688,-7764 26710,-8144 26669,-8510 26479,-9206 26348,-9835 26339,-9943 26337,-10216 26358,-11950
S46,S8	SC 22166,986 22348,760 22524,562 22981,116 23355,-262 23774,-697 23903,-852 24043,-1063 24159,-1330 24872,-3095 25062,-3535 25269,-4041 25658,-5270 25860,-5869 26029,-6170
S5	SC 24487,12082 25109,12196 25760,12327 26051,12368 26953,12513 27094,12535 28723,12824 30462,13112 30815,13170 34183,13746 34614,13831 35386,13954 36546,14154 36666,14172 38878,14522 39652,14539 40248,14503 40496,14524 40841,14565 41079,14818 41317,15114 41406,15624 41668,16174 41778,16599 42126,17274 42365,17655 42647,17909 42970,18183 43100,18458 43126,19011 43151,19585 43303,19839 43498,20071 43789,20230 44177,20484 44311,20685 44484,21068
S7	SC -4677,1420 -4854,1248 -5095,1050 -5199,964 -5731,649 -6019,485 -6128,406 -6262,265 -6388,97 -6554,-160 -6679,-373 -6793,-530 -7166,-1059 -7356,-1322 -7481,-1426 -7620,-1504 -7792,-1551 -8107,-1596 -10525,-1988 -11034,-2064 -11379,-2066 -12250,-1991
S8	SC 13827,22126 13850,22200 13876,22344 13866,22474 13821,22604 13752,22704 13477,22995 13301,23212 12909,23662 12165,24522 11750,24998 11244,25570 10803,26006 10196,26582 9847,26908 9265,27443 9114,27542 8851,27676 5600,28848 4293,29252 3724,29433 3423,29390 3273,29178 3210,28773 2956,28442 2698,28317 2310,28412 2159,28570 2135,28615 2082,28800
S9	SC 20033,-559 19062,-795 18899,-856 18697,-963 18532,-1140 18333,-1325 18161,-1456 18079,-1507
	S0 2276,13531 2045,13520 1927,13588 1728,13880 1667,14025 1675,14228 1618,14413 1498,14568 1275,14645 849,14620 737,14670 672,14739 -235,15477
	S0 2589,10055 2536,10154 2522,10232 2529,10308 2573,10420 2647,10525 2733,10589 2861,10643
	S0 709,2633 688,2585 260,2374 -509,1987 -1501,1486 -4048,212 -5976,-835 -7040,-1338 -7399,-1461
Jungfernheide - Spandau	S0 2045,13520 1721,13440 1204,13374 757,13346 65,13238 -318,13197 -429,13207 -584,13245 -750,13303 -963,13385 -1665,13522 -2168,13648
