#: title.de: Sehenswürdigkeiten und andere wichtige Gebäude
#: title.en: Sights and points of interest
#: version: $Id: sehenswuerdigkeit-orig,v 4.74 2006/10/03 14:48:04 eserte Exp eserte $
#:
Brandenburger Tor	IMG:sehenswuerdigkeit_img/brandenburger_tor.gif|ANCHOR:s 8593,12243
Akademie der Künste	F:SW 8650,12196 8665,12098 8718,12114 8700,12204
Russische Botschaft	SW 8973,12240
Ackerhalle	F:SW 9901,14043 9840,14040 9840,14014 9898,14012
Philharmonie	F:SW 8030,11514 8109,11496 8124,11569 8071,11588 8037,11561
Kammermusiksaal der Philharmonie	F:SW 7995,11491 7984,11453 8048,11418 8065,11477 8027,11496
Neue Nationalgalerie	F:SW 7911,11241 7891,11174 7952,11159 7972,11223
Staatsbibliothek	F:SW 8190,11336 8159,11306 8109,11219 8077,11228 8063,11203 8088,11198 8084,11159 8150,11149 8191,11231
Martin-Gropius-Bau	F:SW 8923,11238 8931,11168 8862,11161 8854,11230
Abgeordnetenhaus	F:SW 8903,11378 8913,11289 8819,11278 8811,11367
Schauspielhaus	F:SW 9541,12000 9573,12001 9589,11937 9550,11934
Französischer Dom	F:SW|IMG:church.gif 9552,12062 9610,12073 9618,12044 9550,12035
Deutscher Dom	F:SW|IMG:church.gif 9644,11894 9647,11855 9583,11851 9578,11890
Staatsoper	F:SW 9731,12356 9743,12261 9777,12264 9766,12361
Neue Wache	F:SW 9781,12453 9784,12428 9819,12433 9816,12458
Deutsches Historisches Museum	F:SW 9849,12501 9860,12412 9976,12427 9942,12512
Pei-Bau (Deutsches Historisches Museum)	F:SW 9850,12514 9936,12526 9909,12605 9845,12551
Palast der Republik	F:SW 10185,12489 10271,12319 10346,12357 10256,12533
Auswärtiges Amt	F:SW 9988,12163 10066,12192 10159,12004 10067,11960
Altes Museum	F:SW 9967,12607 9988,12567 10074,12614 10051,12653
Berliner Dom	F:SW|IMG:church.gif 10132,12594 10171,12537 10224,12573 10186,12631
Bodemuseum	F:SW 9830,12878 9755,12812 9705,12860 9702,12887 9731,12900 9783,12894
Pergamonmuseum	F:SW 9836,12730 9898,12778 9872,12810 9808,12756 9788,12785 9878,12858 9947,12777 9861,12701
Alte Nationalgalerie	F:SW 9954,12809 9999,12756 10020,12769 9986,12812
Fernsehturm	IMG:sehenswuerdigkeit_img/fernsehturm.gif|ANCHOR:s 10749,12785
Rotes Rathaus	F:SW 10609,12517 10703,12581 10764,12495 10679,12432
Stadthaus	F:SW 10841,12356 10836,12280 10939,12254 10945,12378
Klosterkirche (Ruine)	SW|IMG:church.gif 10950,12533
Parochialkirche	SW|IMG:church.gif 10999,12378
Ermelerhaus	SW 10774,11889
Märkisches Museum	F:SW 11152,12028 11147,12006 11159,12000 11154,11969 11115,11976 11096,11950 11089,11955 11101,11975 11092,11977 11083,11967 11076,11972 11085,11985 11095,11983 11115,12009 11126,12010 11132,12032
Bärenzwinger im Köllnischen Park	SW 11096,11914
St. Hedwigs-Kathedrale	F:SW|IMG:church.gif 9784,12211 9789,12181 9765,12181 9762,12210
Jüdisches Museum (ehem. Berlin-Museum)	F:SW 9830,10739 9854,10730 9864,10750 9819,10756 9798,10716 9835,10700 9845,10715 9820,10721
Jüdisches Museum	F:SW 9779,10690 9775,10673 9794,10673 9780,10665 9778,10644 9812,10642 9826,10655 9866,10611 9872,10631 9890,10618 9901,10623 9866,10652 9862,10633 9827,10674 9806,10654 9806,10653 9790,10652 9792,10660 9809,10668 9810,10682 9785,10683 9787,10689
Holocaust-Denkmal	F:SW 8608,12056 8596,11919 8759,11973 8735,12081
Amerika-Gedenkbibliothek	F:SW 9696,10072 9574,10043 9568,10092 9567,10092 9677,10113
Friedenssäule	SW 9581,10350
Patentamt	F:SW 9876,10299 10102,10302 10128,10358 10099,10368 10081,10332 10030,10331 10028,10392 9969,10394 9969,10393 9968,10409 9954,10408 9956,10379 10010,10378 10012,10364 9936,10358 9910,10363 9923,10391 9908,10397 9873,10315
Deutsches Technikmuseum Berlin	F:SW 8659,10353 8670,10346 8654,10300 8654,10254 8617,10239 8596,10210 8540,10215 8525,10240
Lokschuppen 1	F:SW|IMG:px_1t.gif 8532,10145 8521,10157 8518,10178 8535,10196 8564,10203 8576,10195 8570,10184 8557,10190 8540,10184 8535,10170 8545,10154
Lokschuppen 2	F:SW|IMG:px_1t.gif 8485,10071 8468,10076 8460,10090 8465,10114 8485,10135 8509,10134 8507,10118 8490,10115 8482,10103 8500,10081
Beamtenhaus	SW 8504,10153
Historische Brauerei	SW 8484,10178
Wasserturm	SW 8451,10070
Bockwindmühle	SW 8567,10043
Holländermühle	SW 8525,9975
Spektrum	F:SW 8771,10287 8789,10285 8775,10170 8756,10173
Lokschuppen Betriebsbahnhof Schöneweide	F:SW 18400,4790 18440,4800 18481,4787 18502,4754 18502,4727 18500,4727 18492,4699 18470,4715 18476,4750 18476,4748 18445,4768 18419,4762
Bauhaus-Archiv	F:SW 7124,11170 7130,11150 7103,11132 7090,11159
Siegessäule	IMG:sehenswuerdigkeit_img/siegessaeule.gif|ANCHOR:s 6749,12015
Haus der Kulturen der Welt (Kongreßhalle)	F:SW 7688,12557 7688,12490 7774,12489 7773,12557
Schloß Bellevue	F:SW 6976,12317 6953,12342 6907,12299 6930,12275 6917,12263 6883,12301 6950,12365 6988,12328
Gedenkstätte Deutscher Widerstand	F:SW 7492,11306 7566,11276 7545,11228 7471,11256
Friedrichstadtpalast	F:SW 9275,13134 9282,13072 9381,13080 9368,13141
Kalkscheune	SW 9424,13140
Tacheles	SW 9332,13319
Kanzleramt	F:SW 8094,12632 7826,12632 7933,12727 8093,12727
Paul-Löbe-Haus	F:SW 8467,12728 8323,12727 8323,12610 8467,12611
Reichstag	IMG:sehenswuerdigkeit_img/reichstag.gif 8454,12561 8452,12428 8535,12429 8532,12563
Postmuseum	F:SW 9259,11553 9280,11509 9224,11493 9201,11544
Bundesratsgebäude	F:SW 8809,11524 8815,11491 8868,11496 8865,11529 8894,11532 8898,11484 8877,11477 8880,11435 8811,11426 8805,11467 8786,11468 8780,11519
Spittelkolonnaden	SW 10014,11667 10023,11650 10042,11646 10061,11656 10064,11678
Deutsches Theater	F:SW 8894,13136 8814,13116 8806,13144 8887,13165
Grips-Theater	SW 6124,12460
Museum für Naturkunde und Zoologisches Museum	F:SW 8713,13790 8667,13762 8646,13801 8605,13785 8582,13832 8676,13876 8687,13849 8723,13857 8729,13842 8697,13827
Museum für Naturkunde und Zoologisches Museum	F:SW 8729,13815 8750,13779 8810,13800 8782,13846
Neue Synagoge	SW|IMG:synagogue.gif 9736,13221
Synagoge Fraenkelufer	SW|IMG:synagogue.gif 11301,10037
Flughafen Tempelhof	F:SW|IMG:airport.gif 9297,8095 9352,8244 9437,8377 9377,8445 9331,8429 9262,8420 9261,8560 9327,8574 9403,8492 9468,8550 9385,8625 9401,8692 9531,8675 9523,8618 9504,8571 9582,8496 9723,8546 9884,8562 10027,8548 10020,8526 9875,8542 9733,8519 9590,8459 9481,8378 9391,8255 9333,8130 9303,8019 9274,8021 9301,8115
Touristeninformation Berlin im Flughafen Tempelhof: Eingang Haupthalle	SW|IMG:touristinfo.gif 9459,8503
Columbiahaus	F:SW 9247,8857 9247,8812 9312,8802 9377,8757 9562,8733 9574,8863 9552,8865 9546,8757 9464,8765 9466,8859 9440,8861 9440,8774 9385,8776 9318,8824 9271,8828 9269,8869
Columbiahaus	F:SW 9249,8871 9568,8877 9572,8855 9249,8851
Flughafen Schönefeld	F:SW|IMG:airport.gif 18581,-1760 18594,-1810 18359,-1889 18335,-1843
Touristeninformation Berlin im Flughafen Schönefeld: Terminal B, EG, Mitte	SW|IMG:touristinfo.gif 18443,-1787
Flughafen Tegel	F:SW|IMG:airport.gif 2752,16408 2770,16371 2721,16343 2695,16308 2694,16274 2704,16244 2671,16278 2552,16258 2478,16353 2513,16459 2632,16482 2710,16395
Touristeninformation Berlin im Flughafen Tegel: Gate 3	SW|IMG:touristinfo.gif 2675,16393
Luftbrückendenkmal	IMG:sehenswuerdigkeit_img/luftbrueckendenkmal.gif|ANCHOR:s 9317,8702
Schinkeldenkmal	IMG:sehenswuerdigkeit_img/viktoriaparkdenkmal.gif|ANCHOR:s 8911,9073
Rathaus Schöneberg	F:SW 6419,8754 6421,8667 6358,8654 6353,8757
Amerika-Haus	SW 5436,11107
Ludwig-Erhard-Haus	F:SW 5271,11195 5263,11092 5322,11093 5324,11131 5301,11194
Kaiser-Wilhelm-Gedächtniskirche	IMG:sehenswuerdigkeit_img/gedaechtniskirche.gif|ANCHOR:s 5754,10934
Europa-Center	F:SW 5882,10925 5868,10875 5992,10809 6020,10864 6021,10930 5984,10937 5941,10921
Touristeninformation Berlin im Europa-Center	SW|IMG:touristinfo.gif 6137,10595
Aquarium	F:SW 6177,11089 6187,11062 6105,11026 6085,11053 6148,11074
Theater des Westens	F:SW 5304,11072 5298,11008 5341,11000 5344,11072
Kudamm-Karree	SW 4970,10554
Schloß Charlottenburg	F:SW 3244,12665 3247,12650 3079,12624 3082,12575 3072,12574 3064,12638 2993,12632 3001,12565 2982,12560 2978,12614 2758,12585 2755,12604 2958,12624 2956,12641 3090,12666 3098,12646
ICC	F:SW 2031,10935 2085,10922 2043,10721 2030,10630 1973,10685 1997,10824
Messegelände	F:SW 1202,10707 1292,10640 1261,10595 1333,10550 1383,10605 1565,10484 1661,10607 1730,10571 1797,10654 1727,10709 1774,10779 1888,10737 1917,10743 1968,10986 1924,10990 1887,10784 1788,10824 1820,10948 1917,10955 1924,10987 1802,10972 1705,11024 1707,11039 1667,11058 1653,11031 1537,11070 1310,10818 1202,10907 1174,10874 1187,10821 1209,10846 1239,10822 1196,10766 1202,10707 1310,10818 1348,10801 1378,10835 1413,10826 1496,10936 1464,10960 1540,11045 1627,10998 1608,10963 1675,10930 1696,10972 1775,10947 1761,10831 1586,10561 1356,10726 1325,10681 1295,10712 1364,10797 1310,10818
Funkturm	IMG:sehenswuerdigkeit_img/funkturm.gif|ANCHOR:s 1877,10888
Deutschlandhalle	F:SW 1451,10343 1409,10236 1330,10271 1369,10373
Olympiastadion	F:SW -913,11880 -900,11943 -857,11992 -719,12012 -664,11984 -640,11929 -644,11871 -687,11831 -825,11807 -881,11830
Glockenturm	SW -1265,11792
Waldbühne	F:SW -1392,11989 -1395,11935 -1451,11904 -1488,11901 -1527,11902 -1514,11984 -1446,12018
Grunewaldturm	SW -3613,7768
Schloß Köpenick	F:SW 22043,4451 22029,4404 22004,4411 22025,4461
Schloß Glienicke	F:SW -10354,527 -10341,505 -10382,481 -10395,506 -10381,516 -10375,499 -10358,507 -10364,524
Jagdschloß Glienicke	F:SW -10296,300
Kirche St. Peter u. Paul	SW|IMG:church.gif -8878,1726
Schloß Pfaueninsel	F:SW -8644,2422 -8651,2405 -8685,2421 -8676,2444
Forsthaus Nikolskoe	F:SW -8866,1633 -8843,1604 -8821,1621 -8844,1645
Zitadelle	F:SW -2740,14858 -2722,14841 -2608,14861 -2582,14903 -2557,14911 -2549,14887 -2576,14859 -2551,14761 -2595,14718 -2640,14682 -2699,14666 -2726,14695 -2715,14720 -2729,14818 -2769,14822 -2767,14855
Rathaus Spandau	F:SW -3525,14082 -3452,14171 -3413,14142 -3484,14055
Villa Borsig	F:SW 477,19900 472,19885 443,19889 447,19906
Schloß Tegel (Humboldtschloß)	F:SW 1648,20912 1661,20876 1639,20870 1624,20905
Schloß Schönhausen	F:SW 10367,19217 10385,19178 10399,19183 10386,19222
Planetarium	F:SW 11952,15310 11938,15300 11943,15275 11970,15274 11972,15298
Schloß Britz	F:SW 12861,4639 12839,4609 12854,4602 12876,4632
Archenhold-Sternwarte	F:SW 15389,8956 15345,8955 15346,8987 15385,8995
Sowjetisches Ehrenmal (Treptower Park)	F:SW|IMG:monument.gif 15132,9026 15136,8985 15104,8949 15046,8941 14817,9093 14890,9216
Molecule Man	SW 14154,10204
Wilhelm-Foerster-Sternwarte	F:SW 6970,5680 6973,5660 6939,5660 6936,5674
Zeiss-Planetarium	F:SW 6818,5711 6821,5657 6841,5657 6837,5717
Schloß Friedrichsfelde	F:SW 18495,11141 18501,11127 18551,11139 18543,11154
Marstall	F:SW 10375,12325 10312,12282 10390,12204 10440,12242
Stadtbibliothek	F:SW 10390,12204 10395,12199 10435,12158 10464,12184 10421,12227
Humboldt-Universität	F:SW 9600,12568 9615,12436 9603,12435 9608,12385 9639,12388 9634,12438 9714,12446 9719,12396 9751,12400 9745,12449 9735,12448 9720,12581 9696,12579 9706,12482 9630,12474 9620,12571
Universitäts-Bibliothek	F:SW 9659,12319 9657,12282 9672,12252 9643,12247 9633,12276 9639,12326
Corbusier-Haus	F:SW -455,11457 -457,11428 -444,11423 -440,11458
Deutsche Oper Berlin	F:SW 3934,11681 3873,11675 3843,11824 3894,11821 3903,11774 3949,11765 3938,11708
Gedenkstätte Haus der Wanseekonferenz	F:SW -5626,2709 -5613,2672 -5589,2685 -5599,2719
Flensburger Löwe	SW -5653,2807
Gedenkstätte Plötzensee	F:SW 4796,14941 4787,14912 4740,14930 4759,14960
Jagdschloß Grunewald	SW 831,6656
Marienkirche	F:SW|IMG:church.gif 10620,12769 10620,12745 10578,12746 10580,12766
Nikolaikirche	F:SW|IMG:church.gif 10636,12355 10639,12338 10595,12335 10595,12347
Russisch-Orthodoxe-Kirche	F:SW|IMG:church.gif 3911,9024
Moschee	SW|IMG:mosque.gif 4181,8971
St.-Hedwig-Krankenhaus	SW|IMG:hospital.gif 9922,13369
Krankenhaus Neukölln	F:SW|IMG:hospital.gif 14225,3747 14277,3721 14178,3457 14121,3481
Klinikum Am Urban	F:SW|IMG:hospital.gif 10838,9782 10788,9801 10792,9811 10763,9819 10727,9781 10726,9781 10706,9788 10710,9830 10687,9835 10676,9807 10645,9819 10664,9869 10642,9876 10659,9915 10722,9893 10725,9897 10793,9874 10792,9864 10816,9855 10820,9861 10855,9850 10837,9808 10845,9801
Klinikum Am Urban	F:SW|IMG:hospital.gif 11069,9741 10932,9798 10914,9759 10877,9774 10843,9686 11014,9622
Universitätsklinikum Rudolf Virchow	F:SW|IMG:hospital.gif 6092,15135 6106,15072 6392,15108 6385,15172
Universitätsklinikum Rudolf Virchow	F:SW|IMG:hospital.gif 6132,15008 6138,14949 6407,14985 6401,15039
Klinikum Benjamin Franklin	F:SW|IMG:hospital.gif 4845,3923 4903,3831 5066,3921 5094,3966 5046,4044
Charité-Krankenhaus	F:SW|IMG:hospital.gif 8673,13474 8690,13365 8734,13371 8717,13472
	F:SW|IMG:hospital.gif 8595,13106 8552,13166 8564,13174 8503,13257 8491,13249 8448,13308 8465,13318 8492,13276 8516,13300 8531,13281 8512,13265 8518,13258 8523,13261 8529,13251 8535,13256 8530,13266 8539,13273 8590,13206 8579,13198 8572,13207 8566,13203 8572,13194 8567,13188 8574,13182 8594,13195 8609,13173 8595,13163 8591,13169 8577,13160 8608,13115
	F:SW|IMG:hospital.gif 8412,13262 8434,13281 8401,13322 8388,13313 8358,13360 8334,13337 8342,13324 8329,13314 8336,13304 8367,13322 8377,13306 8347,13284 8338,13294 8330,13288 8335,13275 8328,13268 8335,13256 8380,13284 8397,13302 8412,13280 8406,13274
	F:SW|IMG:px_1t.gif 8443,13270 8384,13232 8417,13182 8436,13194 8443,13182 8467,13197 8451,13222 8467,13233
	F:SW|IMG:hospital.gif 8682,13134 8639,13129 8638,13140 8661,13145 8660,13155 8638,13151 8636,13166 8656,13168 8654,13182 8634,13181 8632,13192 8654,13194 8654,13203 8638,13201 8629,13268 8636,13268 8631,13317 8625,13317 8623,13349 8657,13349 8661,13302 8652,13299 8657,13269 8651,13267 8653,13256 8666,13258 8668,13242 8655,13240 8657,13225 8668,13224 8674,13186 8670,13185 8676,13147 8681,13146
	F:SW|IMG:hospital.gif 8653,13361 8605,13360 8603,13398 8631,13404 8629,13414 8594,13414 8592,13436 8626,13439 8622,13477 8590,13475 8586,13503 8574,13502 8578,13491 8562,13479 8554,13489 8564,13499 8545,13525 8531,13519 8511,13549 8540,13566 8551,13532 8579,13535 8576,13568 8594,13570 8605,13490 8636,13494
	F:SW|IMG:px_1t.gif 8590,13410 8552,13383 8511,13439 8553,13467
	F:SW|IMG:hospital.gif 8472,13359 8464,13369 8435,13350 8422,13367 8452,13388 8436,13415 8391,13383 8379,13400 8417,13428 8409,13441 8390,13432 8382,13446 8403,13458 8421,13433 8432,13442 8416,13467 8436,13481 8445,13470 8429,13457 8439,13446 8475,13469 8486,13455 8446,13423 8463,13396 8498,13418 8510,13403 8478,13380 8486,13371
	F:SW|IMG:px_1t.gif 8620,13231 8607,13224 8582,13256 8589,13261 8556,13308 8547,13304 8521,13340 8534,13348 8550,13326 8579,13345 8589,13332 8582,13327 8588,13313 8598,13321 8612,13302 8590,13282 8607,13259 8602,13254
St.-Gertrauden-Krankenhaus	SW|IMG:hospital.gif 4574,8247
Auguste-Viktoria-Krankenhaus	F:SW|IMG:hospital.gif 6680,6352 6610,6346 6608,6369 6646,6369 6643,6401 6672,6406 6672,6374 6681,6375
Auguste-Viktoria-Krankenhaus	F:SW|IMG:hospital.gif 6593,6400 6596,6348 6570,6343 6564,6395
Auguste-Viktoria-Krankenhaus	F:SW|IMG:hospital.gif 6631,6305 6643,6163 6666,6163 6657,6221 6677,6224 6680,6166 6700,6166 6687,6311 6669,6310 6674,6246 6657,6244 6649,6305
Auguste-Viktoria-Krankenhaus	F:SW|IMG:hospital.gif 6505,6311 6521,6153 6538,6154 6534,6209 6547,6209 6553,6156 6575,6156 6556,6297 6540,6296 6544,6234 6532,6232 6521,6311
Auguste-Viktoria-Krankenhaus	F:SW|IMG:hospital.gif 6584,6183 6585,6145 6595,6124 6614,6084 6643,6084 6628,6124 6628,6185
Krankenhaus Waldfriede	SW|IMG:hospital.gif -598,4091
St.-Josef-Krankenhaus	F:SW|IMG:hospital.gif 8437,8051 8439,7965 8422,7957 8419,7977 8392,7981 8394,8001 8418,8004 8418,8029 8374,8025 8379,7986 8291,7984 8292,8053
Karl-Bonhoeffer-Nervenklinik	SW|IMG:hospital.gif 5167,19386
Hauptgebäude der TU	F:SW 5047,11759 5059,11675 5271,11703 5257,11785 5236,11782 5242,11756 5217,11753 5207,11788 5181,11785 5181,11748 5071,11735 5068,11762
Ernst-Reuter-Haus	F:SW 5635,11936 5481,11910 5481,11935 5630,11953
Versuchsanstalt für Wasserbau	F:SW 5701,11755 5692,11720 5593,11745 5604,11782
Universität der Künste	F:SW 5204,11364 5142,11404 5179,11521 5275,11474
Renaissance-Theater	F:SW 4933,11538 4931,11511 4953,11519
Schiller-Theater	F:SW 4544,11691 4570,11633 4614,11654 4581,11709
Rathaus Charlottenburg	F:SW 3939,12224 3862,12259 3904,12346 3993,12336
Ägyptisches Museum	F:SW 3092,12451 3096,12412 3174,12426 3171,12461
DRK-Klinikum Westend	F:SW|IMG:hospital.gif 1922,12702 1956,12372 1888,12361 1619,12429 1696,12689 1828,12705
DRK-Kliniken Köpenick	F:SW|IMG:hospital.gif 23543,4090
Ev. Krankenhaus Königin Elisabeth Herzberge	F:SW|IMG:hospital.gif 17341,13568
Gemeinschaftskrankenhaus Havelhöhe	SW|IMG:hospital.gif -5781,6063
Behring-Krankenhaus	F:SW|IMG:hospital.gif 343,1709
Wichernkrankenhaus	SW|IMG:hospital.gif -4142,17902
Evangelisches Johannesstift	SW -3903,18010
Haus des Rundfunks	F:SW 1810,11254 1836,11183 1828,11131 1698,11204 1732,11235
Kongreßhalle	F:SW 11214,12756 11234,12800 11193,12821 11175,12773
Haus des Lehrers	SW 11250,12887
Freilichtbühne Wuhlheide	F:SW 20107,6416 20116,6451 20140,6456 20155,6437 20144,6405 20171,6378 20188,6408 20192,6458 20147,6494 20098,6475 20077,6423
Freizeit- und Erholungszentrum (FEZ)	F:SW 20453,6274 20362,6308 20361,6328 20342,6333 20344,6343 20272,6383 20281,6425 20293,6420 20315,6441 20345,6422 20343,6404 20362,6397 20368,6370 20383,6363 20387,6371 20415,6364 20428,6416 20468,6397 20454,6365 20432,6372 20432,6354 20454,6345 20452,6335 20432,6345 20435,6327 20455,6315 20455,6311 20438,6315 20436,6300 20458,6286
Naturtheater Hasenheide	F:SW 11323,8695 11324,8663 11302,8665 11277,8684 11301,8702
SEZ	F:SW 13225,13585 13258,13526 13256,13514 13276,13494 13267,13455 13240,13462 13204,13426 13156,13403 13136,13427 13172,13450 13169,13460 13196,13473 13188,13512 13210,13518 13179,13581 13218,13589
Städtisches Krankenhaus Friedrichshain	F:SW|IMG:hospital.gif 12811,13535 12971,13267 12807,13183 12726,13161 12625,13347 12622,13501 12687,13546
Caritas-Klinik Pankow Maria Heimsuchung	SW|IMG:hospital.gif 10952,18399
Max-Schmelling-Halle	F:SW 10430,15488 10443,15427 10382,15413 10369,15472
Wasserturm Prenzlauer Berg	SW 11302,14228
Wasserturm Westend	SW 1206,12466
Wasserturm am Ostkreuz	SW 14803,10801
Zionskirche	SW|IMG:church.gif 10336,14320
Friedrich-Ludwig-Jahn-Sportpark	F:SW 10357,15240 10410,15066 10452,15050 10499,15046 10530,15089 10528,15143 10481,15285 10444,15309 10395,15308 10376,15287
Gethsemane-Kirche	SW|IMG:church.gif 11176,15771
Kammergericht	F:SW 7255,9633 7243,9502 7273,9500 7275,9520 7299,9521 7302,9615 7280,9619 7280,9634
Lilienthal-Gedenkstätte	SW 5518,773
Velodrom ("Berlin Arena")	F:SW 13608,13857 13554,13856 13514,13877 13498,13926 13514,13981 13575,14005 13631,13989 13657,13935 13646,13898
Musical-Theater	F:SW 8196,11176 8243,11195 8231,11398 8220,11392
debis	F:SW 8265,11044 8306,11032 8332,11120 8280,11140
Sony	F:SW 8197,11652 8233,11500 8470,11513
Potsdamer Platz Arkaden	F:SW 8382,11334 8338,11175 8367,11167 8409,11327
Arena	F:SW 13871,10217 13843,10154 13751,10189 13777,10250
Columbiahalle	F:SW 9689,8757 9687,8730 9699,8731 9701,8758
Metropol	F:SW 6987,10301 7009,10296 7005,10267 6983,10271
Komische Oper	F:SW 9201,12267 9208,12203 9271,12211 9260,12280
Wasserturm Fidicinstr.	SW 9483,9041
Bezirksamt Kreuzberg	F:SW 9122,9749 9137,9745 9140,9759 9154,9756 9152,9750 9210,9725 9240,9716 9243,9728 9226,9732 9250,9806 9232,9812 9232,9813 9232,9812 9223,9783 9224,9783 9183,9795 9199,9821 9184,9824 9150,9770 9144,9770 9145,9778 9133,9782
Gasometer	SW 11043,9370
Ruine des Anhalter Bahnhofs	SW 8953,10842
Haus Bethanien	F:SW 11731,11028 11820,10988 11783,10896 11702,10919 11709,10936 11766,10918 11796,10982 11724,11010
Eisenbahn-Markthalle	F:SW 12276,10803 12323,10772 12307,10730 12257,10761
Marheinekehalle	F:SW 9770,9293 9870,9276 9870,9250 9765,9264
East-Side-Gallery	F:SW 12545,11374 12759,11127 13256,10823 13254,10818 12759,11122 12543,11367
Hufeisensiedlung	F:SW 13641,4731 13566,4704 13514,4708 13481,4757 13494,4814 13553,4842 13649,4825 13639,4805 13556,4823 13517,4802 13500,4765 13523,4728 13575,4727 13633,4753
Haus Zenner	F:SW 15418,9183 15431,9159 15450,9167 15437,9191
Abtei Zenner	F:SW 15627,9156 15645,9137 15666,9147 15646,9166
Jungfernbrücke	F:SW 10235,12011 10191,11988 10191,11995 10232,12023
Akademie der Künste	F:SW 6501,12483 6483,12399 6447,12388 6452,12363 6503,12382 6505,12409 6546,12422 6547,12400 6559,12395 6561,12427 6531,12434 6533,12479
Henry-Ford-Bau (FU Berlin)	F:SW 2051,4456 1994,4496 2008,4519 2031,4507 2047,4532 2032,4542 2037,4557 2084,4528 2080,4511 2060,4520 2045,4502 2063,4483
Freie Universität Berlin	F:SW 2678,4847 2616,4967 2635,4987 2617,5038 2677,5109 2785,5175 2811,5121 2852,5147 2900,5079 2879,5064 2907,5025
Gaswerk Schöneberg	SW 7294,8348
Alte Berliner Stadtmauer	F:SW 11042,12436 11079,12326
Schloß Biesdorf	F:SW 20867,11776 20868,11752 20838,11758 20840,11781
Tempodrom	F:SW 8924,10652 8883,10557 8810,10589 8854,10688
Hebbel am Ufer (HAU 1)	SW 9277,10458
Hebbel am Ufer (HAU 2)	SW 9169,10370
Hebbel am Ufer (HAU 3)	SW 9172,10153
Finanzamt Kreuzberg	F:SW 9339,9796 9414,9948 9401,9954 9323,9805
St.-Bonifatius-Kirche	F:SW|IMG:church.gif 9214,9663 9201,9619 9180,9622 9191,9667
St.-Clemens-Kirche	SW|IMG:church.gif 9142,10807
KaDeWe	F:SW 6136,10630 6203,10599 6173,10512 6102,10530
Sowjetisches Ehrenmal (Tiergarten)	SW|IMG:monument.gif 8210,12296
Rathaus Köpenick	F:SW 22151,4646 22180,4649 22177,4580 22126,4574
Müggelturm	SW 25658,1537
Freilichtbühne Friedrichshain	SW 12504,13364
Rathaus Pankow	SW 10160,18152
Rathaus Schmargendorf	SW 2626,7836
Rathaus Steglitz	SW 4833,5628
Steglitzer Kreisel	SW 4866,5483
Forum Steglitz	SW 5334,6537
Rathaus Friedenau	SW 5877,7360
Bierpinsel	SW 5143,6093
Volksbühne	F:SW 10903,13543 10895,13525 10885,13529 10866,13487 10869,13462 10903,13450 10915,13459 10936,13502 10924,13508 10932,13526
Hackesche Höfe	SW 10240,13151
St.-Thomas-Kirche	SW|IMG:church.gif 11963,11100
Dorfkirche Stralau	SW|IMG:church.gif 15534,9563
Dorfkirche Marienfelde	SW|IMG:church.gif 8150,657
Alte Pfarrkirche Pankow	SW|IMG:church.gif 10615,18349
St.-Johannes-Basilika	SW|IMG:church.gif 10776,9110
Sehitlik-Moschee	SW|IMG:mosque.gif 10843,8425
Neue Welt	SW 11656,8992
Wilder Eber	SW 2720,7066
Glienicker Brücke	SW -10724,492
Regattatribüne Grünau	F:SW 23098,906 23014,962 23023,971 23107,918
Hamburger Bahnhof	F:SW 8220,13508 8197,13497 8145,13584 8167,13601 8135,13657 8161,13673 8194,13615 8219,13630 8276,13545 8260,13534 8219,13595 8179,13572
Theater an der Parkaue	SW 15362,12423
Rathaus Lichtenberg	SW 15510,12326
DomAquarée	F:SW 10237,12693 10360,12771 10418,12698 10303,12610
Amerikanische Kirche	SW|IMG:church.gif 1234,5400
St.-Bernhard Kirche	SW|IMG:church.gif 3095,5705
Kreuzkirche	SW|IMG:church.gif 2789,8356
Apostelkirche	SW|IMG:church.gif 7296,10463
Heilige-Dreifaltigkeits-Kirche	SW|IMG:church.gif 14626,11267
St.-Mauritius-Kirche	SW|IMG:church.gif 15402,11872
Zwinglikirche	SW|IMG:church.gif 13865,10930
Erlöserkirche	SW|IMG:church.gif 15650,10744
Offenbarungskirche	SW|IMG:church.gif 14312,11339
Sophienkirche	SW|IMG:church.gif 10106,13310
Pfarrkirche	SW|IMG:church.gif 15540,12921
Oberbaumbruecke	IMG:sehenswuerdigkeit_img/oberbaumbruecke.gif 13300,10750
Narva-Turm	IMG:sehenswuerdigkeit_img/oberbaumcity.gif 13600,11000
Schultheissbrauerei	IMG:sehenswuerdigkeit_img/schultheiss.gif|ANCHOR:s 9050,8975
Museumsdorf Düppel	SW -907,1911
BVG	F:SW 7482,9444 7459,9369 7425,9371 7453,9450
Gut Blumeshof	SW -531,17140
Charlottenburger Tor	SW 5449,11868 5455,11855
Charlottenburger Tor	SW 5467,11829 5470,11816
Spreespeicher	F:SW 13370,10802 13355,10769 13432,10736 13446,10770
Osthafenspeicher	F:SW 13464,10762 13450,10728 13545,10687 13557,10721
Genezarethkirche	SW|IMG:church.gif 11703,7956
Emmauskirche	SW|IMG:church.gif 12254,10515
Liebfrauenkirche	SW|IMG:church.gif 12941,10336
Taborkirche	SW|IMG:church.gif 13295,10185
Samariterkirche	SW|IMG:church.gif 14631,12548
Depothalle des Deutschen Technikmuseums (Schnelltriebwagen-Halle)	F:SW 8365,8865 8365,8986 8341,8985 8340,8868
Halle 1 (Deutsches Technikmuseum)	F:SW 8324,8864 8302,8864 8302,8952 8323,8952
Haltestelle Depot DTM	F:SW 8334,8910
St.-Michael-Kirche	SW|IMG:church.gif 11448,11285
Eastgate	SW 19788,15452
St.-Nikolai-Kirche (Spandau)	SW|IMG:church.gif -3165,14523
Ehem. Wasserturm am Fichtenberg	SW 4146,5758
AEG-Montagehalle	F:SW 9046,14910 9095,14937 9008,15095 8954,15071
AEG-Turbinenhalle	F:SW 4972,13482 4971,13627 4926,13625 4928,13482
St.-Christophorus-Kirche (Neukölln)	SW|IMG:church.gif 12239,9242
Deutschlandhaus	F:SW 8950,10976 8915,11022 8954,11051 8989,11005
Europahaus	F:SW 8906,11032 8947,11061 8918,11101 8877,11074
Bundesfinanzministerium	F:SW 9046,11518 9067,11465 9059,11462 9046,11501 9016,11490 9028,11451 9067,11465 9073,11448 9043,11435 9058,11392 9088,11404 9113,11348 9102,11343 9089,11382 9056,11371 9069,11331 9112,11347 9128,11312 9113,11307 9107,11322 9076,11311 9081,11296 9128,11312 9134,11299 9044,11282 9040,11302 9005,11291 9002,11313 9031,11323 9020,11357 8991,11351 8983,11371 9008,11380 8999,11418 8965,11412 8954,11442 8986,11451 8976,11480 8947,11470 8939,11491
Detlev-Rohwedder-Haus	F:SW 8991,11541 9003,11508 8976,11500 8971,11518 8901,11509 8894,11532
Borsigturm	SW 2257,19532
Telefunken-Hochhaus	F:SW 4689,11837 4696,11783 4675,11777 4670,11832
Gesundbrunnen-Center	F:SW 9192,15993 9204,15968 9239,15947 9280,15944 9486,15981 9437,16039
Herz-Jesu-Kirche	SW|IMG:church.gif 921,3552
Internationales Handelszentrum	F:SW 9407,12640 9411,12580 9384,12577 9376,12635
Kirche am Südstern	SW|IMG:church.gif 10635,9276
Checkpoint Charlie	SW 9473,11316
Museum Haus am Checkpoint Charlie	SW 9492,11287
Estrel	F:SW 14183,7528 14203,7704 14287,7696 14284,7640
Rathaus Wilmersdorf	F:SW 4235,9099 4255,9198 4243,9226 4285,9243 4284,9249 4303,9258 4312,9250 4323,9241 4338,9232 4334,9216 4323,9217 4316,9175 4313,9130 4313,9102 4301,9103 4303,9141 4306,9174 4274,9183 4254,9109 4301,9103 4312,9102 4313,9092
Verwaltungsgebäude	F:SW 4336,9089 4425,9088 4426,9110 4418,9110 4362,9113 4364,9155 4417,9155 4417,9111 4426,9110 4428,9171 4366,9170 4373,9202 4385,9205 4410,9169 4428,9171 4393,9211 4397,9216 4387,9230 4368,9223 4349,9223 4341,9207 4349,9206 4338,9170
Senatsverwaltung für Stadtentwicklung	F:SW 4402,9242 4411,9231 4430,9253 4438,9285 4437,9311 4430,9329 4417,9321 4423,9301 4424,9280 4414,9255
Hotel Adlon	F:SW 8793,12249 8799,12215 8780,12206 8775,12222 8746,12216 8749,12205 8762,12207 8778,12119 8737,12107 8734,12118 8747,12122 8737,12186 8727,12186 8721,12236
St.-Sebastians-Kirche	SW|IMG:church.gif 8971,14686
Lok Borsig 8	SW 2358,21491
Denkmal Friedrich Wilhelm I.	SW 13292,7760
Postbahnhof	SW 12649,11459
Panke-Museum	SW 10166,17656
Mies-van-der-Rohe-Haus	SW 16212,16063
Fort Hahneberg	SW -7710,12621
Polizei in der Friesenstr.	F:SW 9868,8739 9924,8738 9924,8751 9895,8751 9896,8778 9896,8796 9921,8799 9922,8767 9936,8766 9938,8801 9964,8799 9963,8751 9937,8751 9937,8740 9976,8738 9977,8803 10033,8798 10033,8751 9990,8752 9989,8738 10045,8736 10091,8736 10091,8751 10046,8751 10047,8798 10060,8798 10060,8819 10098,8821 10099,8854 9966,8856 9965,8826 10021,8827 10020,8816 9870,8816 9869,8772 9884,8772 9883,8753 9870,8753
	F:SW|IMG:px_1t.gif 9880,8713 9879,8688 9908,8687 9911,8711
	F:SW|IMG:px_1t.gif 9920,8684 9977,8682 9977,8708 9967,8710 9966,8700 9932,8701 9933,8711 9923,8712
	F:SW|IMG:px_1t.gif 10010,8682 10066,8682 10067,8704 10057,8705 10057,8697 10047,8697 10048,8705 10030,8706 10030,8698 10021,8698 10021,8705 10011,8705
	F:SW|IMG:px_1t.gif 10099,8681 10154,8680 10155,8703 10145,8704 10145,8696 10110,8695 10110,8705 10099,8705
	F:SW|IMG:px_1t.gif 10101,8735 10104,8816 10169,8815 10169,8822 10143,8824 10143,8838 10246,8837 10247,8844 10210,8844 10211,8858 10258,8858 10257,8821 10212,8824 10210,8799 10197,8799 10198,8781 10209,8780 10209,8766 10198,8767 10198,8750 10210,8749 10208,8732 10155,8733 10155,8749 10183,8748 10184,8797 10156,8798 10155,8770 10144,8770 10142,8799 10116,8799 10115,8750 10144,8750 10144,8736
	F:SW|IMG:px_1t.gif 10259,8876 10256,8933 10150,8935 10148,8896 10241,8892 10242,8877
	F:SW|IMG:px_1t.gif 10136,8906 10135,8887 10097,8887 10098,8909
	F:SW|IMG:px_1t.gif 10084,8938 10084,8911 9980,8915 9981,8941
	F:SW|IMG:px_1t.gif 9969,8911 9967,8887 9928,8888 9930,8911
	F:SW|IMG:px_1t.gif 9916,8944 9914,8919 9811,8921 9813,8946
	F:SW|IMG:px_1t.gif 9830,8909 9811,8909 9810,8855 9830,8855
	F:SW|IMG:px_1t.gif 9816,8816 9818,8782 9827,8781 9827,8766 9846,8765 9846,8775 9834,8777 9833,8783 9840,8784 9841,8815
	F:SW|IMG:px_1t.gif 9828,8830 9915,8826 9915,8841 9830,8844
Schwerbelastungskörper	SW 8258,8659
Schloß Babelsberg	F:SW -10482,-195 -10488,-242 -10515,-242 -10511,-193
Neues Palais	SW -15737,-1011
Schloß Charlottenhof	SW -15039,-1590
Römische Bäder	SW -14923,-1387
Chinesisches Teehaus	SW -14650,-1071
Communs (Universität Potsdam)	SW -15950,-1032
Kaiserbahnhof	SW -15925,-1565
Schloß Sanssouci	SW -14221,-686
Nikolaikirche (Potsdam)	SW|IMG:church.gif -12650,-1489
Schloß Cecilienhof	SW -12076,1047
Ruinenberg (Potsdam)	SW -14203,-45
Historische Mühle (Potsdam)	SW -14425,-643
Orangerie (Sanssouci)	SW -14861,-580
Belvedere (Sanssouci)	SW -15549,-305
Drachenhaus (Sanssouci)	SW -15398,-433
Brandenburger Tor (Potsdam)	F:SW -13556,-1107
Jägertor	SW -13237,-796
Nauener Tor	SW -12897,-705
Holländisches Viertel	F:SW -12867,-681 -12871,-754 -12732,-728 -12742,-662
Holländisches Viertel	F:SW -12693,-715 -12568,-684 -12582,-609 -12700,-654
Holländisches Viertel	F:SW -12867,-781 -12875,-892 -12707,-868 -12725,-750
Holländisches Viertel	F:SW -12689,-751 -12671,-853 -12542,-826 -12559,-720
St.-Peter und Paul-Kirche	SW|IMG:church.gif -12766,-998
Französische Kirche	SW|IMG:church.gif -12511,-955
Friedenskirche	SW|IMG:church.gif -13856,-963
Belvedere (Pfingstberg)	SW -12825,1046
Pomonatempel	SW -12775,978
Russ.-Orth. Kirche/Kapellenberg	SW|IMG:church.gif -12943,670
Flatowturm (Babelsberg)	SW -10933,-679
Berliner Gerichtslaube (Park Babelsbweg)	SW -10858,-476
Kleines Schloß (Park Babelsbweg)	SW -10809,-208
Heilandskirche (Sacrow)	SW|IMG:church.gif -10369,1692
Sacrower Schloß	SW -10540,1969
Orangerie (Neuer Garten)	F:SW -12361,286 -12291,254 -12295,240 -12365,271
Gothische Bibliothek (Neuer Garten, Potsdam)	SW -12277,-327
Grünes Haus (Neuer Garten)	SW -11788,1003
Rotes Haus (Neuer Garten)	SW -11975,711
Marmorpalais (Neuer Garten, Potsdam)	SW -12095,345
Krongut Bornstedt	SW -14714,-196
Bornstedter Kirche	SW|IMG:church.gif -14822,-89
Rathaus Potsdam	SW -12920,-491
Rathaus Babelsberg	SW -10591,-1872
Medienstadt und Filmpark Babelsberg	F:SW -8458,-1969 -8515,-2805 -9070,-2636 -8859,-1999
Sternwarte Babelsberg	SW -9719,-457
Persiusturm	SW -16118,3329
Gutsgarten	SW -16143,3261
Klinikum Ernst-von-Bergmann	F:SW|IMG:hospital.gif -12334,-1023
Einsteinturm (Potsdam)	IMG:sehenswuerdigkeit_img/einsteinturm.gif|ANCHOR:s -12419,-3407
Großer Refraktor (Potsdam, Telegrafenberg)	SW -12390,-3313
Landtag (Potsdam)	SW -12587,-2495
Pumpwerk (Moschee)	SW -13793,-1540
Hans-Otto-Theater (in Bau)	SW -11692,-722
Hans-Marchwitza-Haus	SW -12580,-1502
Filmmuseum Potsdam	SW -12775,-1618
Truman-Villa (Babelsberg)	SW -8490,-1403
Biosphäre	SW -13484,1093
Schloß Lindstedt	SW -16106,-16
Friedrichskirche	SW|IMG:church.gif -10296,-1673
Schloß Rheinsberg	SW -25852,76666
Schloß Diedersdorf	SW 7420,-7598
Denkmal (?) 	SW|IMG:monument.gif -29249,39712
Schloß Oranienburg	SW -1559,38608
Schloß Teupitz (?)	SW 24950,-29407
Schloß Branitz	SW 77500,-72834
Otto-Spreeauenpark (Buga Cottbus)	SW 76496,-72220
Tierpark Cottbus	SW 76618,-72671
Dom St. Peter und Paul (Brandenburg)	SW|IMG:church.gif -46277,8
Marienberg Brandenburg	SW -47601,38
Pulverturm Bernau	SW 22217,30605
Kantorhaus Bernau	SW 22304,30562
Henkerhaus Bernau	SW 22261,30732
St. Marien Bernau	F:SW|IMG:church.gif 22390,30710
Steintor Bernau	SW 22778,30561
Stadtmauer Bernau	SW 22261,30413 22217,30605 22283,30775 22606,30879 22799,30539 22692,30412 22367,30328
Schiffshebewerk Niederfinow	SW 46113,49913
Alte Schleusentreppe	SW 46287,50187
Kloster Chorin	SW 41912,54746
Windradpark bei Güstow	SW 33239,102263
Schloss Boitzenburg	SW 22106,95131
Marienkirche Prenzlau	SW|IMG:church.gif 39331,101515
St. Maria Magdalena Prenzlau	SW|IMG:church.gif 39247,101968
Mitteltorturm (Prenzlau)	SW 39162,101424
Bindower Torturm (Prenzlau)	SW 39709,101910
Stadtmauer Prenzlau	SW 39689,101916 39588,101934
Schleuse Große Tränke	SW 50927,-3539
Jagdschloß Königs Wusterhausen	SW 25953,-11628
Kinderbauernhof Roter Hof (Strausberg)	SW 44211,21646
Machnower Schleuse	SW -2625,-1334
Schleuse Schönwalde	SW -11427,22041
Flughafen Finow	F:SW|IMG:airport.gif 29800,47050
Müncheberg, Turm	SW 60803,11559
Müncheberg, Turm	SW 60306,11906
Schloss Steinhöfel	SW 62739,317
Schloss Neuhardenberg	SW 67024,22301
Schloss Wulkow 	SW 66684,19478
Schloss Trebnitz	SW 65639,15551
Sauener Herrenhaus	SW 66048,-15160
Schloss Groß Rietz	SW 65864,-20329
Schloss Kossenblatt	SW 57796,-30982
Eisenbahnmuseum Gramzow	SW 50691,90514
Cargolifter-Halle Brand (Tropical Island)	SW 34937,-40443
Schloss Paretz	SW -25365,6328
Obelisk Döberitzer Heide	SW -11654,12720
Schloss Elsterwerda	SW 20939,-105687
F60 (Lichterfeld)	SW 37955,-90789
Kirche in Straupitz (von Schinkel)	SW|IMG:church.gif 60502,-54146
Rathaus Finsterwalde	SW 33127,-85930
Schloss Finsterwalde	F:SW 33255,-86191 33278,-86169 33254,-86144 33230,-86091 33196,-86106 33214,-86143
Kirche Finsterwalde	SW|IMG:church.gif 33138,-86003
Brocken	SW -177603,-70746
Schloß Wernigerode	SW -165459,-67258
Wesendahler Mühle	SW 39431,21380
Eisenbahnhubbrücke Karnin	SW 38039,160491
Schloß Mellenthin	SW 48860,169621
Mahnmal bei Kamminke	SW 61911,165656
Alte Pianofabrik (Hamburg)	F:SW -225919,124330 -225915,124324 -225899,124332 -225892,124320 -225902,124315 -225908,124328 -225915,124324 -225906,124303 -225895,124309 -225890,124302 -225852,124323 -225843,124309 -225878,124290 -225885,124304 -225890,124301 -225874,124276 -225822,124309 -225846,124345 -225880,124326 -225887,124341 -225864,124352 -225857,124338 -225846,124345 -225861,124367
Steintor (Anklam)	SW 26895,161556
Kirche (Morgenitz)	SW|IMG:church.gif 45268,169789
Deutsches Hygienemuseum	SW 37068,-151040
Frauenkirche	SW|IMG:church.gif 36709,-150153
Zwinger	SW 36206,-150134
Zoologischer Garten Dresden	SW 37456,-151803
Stadtbad Wilmersdorf II	SW 3478,8782
Hort-Dohm-Eisstadion	F:SW 3448,8719 3405,8633 3405,8619 3423,8607 3442,8614 3486,8701 3482,8719 3466,8727
Stadion Wilmersdorf	F:SW 3537,8692 3494,8606 3494,8592 3512,8580 3531,8587 3575,8674 3571,8692 3555,8700
Sommerbad Wilmersdorf	F:SW 3618,8447 3635,8388 3620,8223 3556,8232 3553,8277 3429,8296 3440,8429
Sommerbad Kreuzberg	SW 10560,10280
Sommerbad Neukölln	SW 11307,8290
St.-Matthias-Kirche	SW|IMG:church.gif 7084,9877
Kirche am Hohenzollernplatz	F:SW|IMG:church.gif 5204,9694
Svenska Viktorialörsamlingen	F:SW|IMG:church.gif 5369,9022
Kirche zum Heiligen Kreuz	F:SW|IMG:church.gif 5160,9288
Adventskirche	F:SW|IMG:church.gif 4850,8295
Vater-Unser-Kirche	F:SW|IMG:church.gif 4814,8022
Auenkirche	F:SW|IMG:church.gif 5036,8703
Ludwigkirche	F:SW|IMG:church.gif 4864,10103
Elisabeth-Kirche	SW|IMG:church.gif 9881,14132
St. Georgen-Kirche	SW|IMG:church.gif 11763,13523
Kino International	SW 11601,12806
Bezirksamt Mitte	SW 11635,12875
St. Matthäi-Kirche	SW|IMG:church.gif 7954,11279
Kunstbibliothek, Gemäldegalerie, Kupferstichkabinett	F:SW 7946,11357 7937,11315 7900,11326 7889,11289 7675,11351 7710,11478 7775,11460 7760,11414 7812,11398 7832,11470 7910,11448 7889,11373
Kunstgewerbemuseum	F:SW 7992,11584 7981,11545 7959,11553 7945,11500 7889,11515 7907,11584 7951,11573 7956,11593
St.-Ludgerus-Kirche	SW|IMG:church.gif 7737,10673
Elisabeth-Klinik	SW|IMG:hospital.gif 7703,10862
Königin-Luise-Gedächtnis-Kirche	SW|IMG:church.gif 7641,8560
St.-Elisabeth-Kirche	SW|IMG:church.gif 7843,8800
St.-Judas-Thaddäus-Kirche	SW|IMG:church.gif 8434,8140
Kirche auf dem Tempelhofer Feld	SW|IMG:church.gif 8681,8398
Corpus-Christi-Kirche	SW|IMG:church.gif 13505,13580
Adventskirche	SW|IMG:church.gif 13075,13882
Auferstehungskirche (Umweltforum)	SW|IMG:church.gif 12666,12833
St.-Pius-Kirche	SW|IMG:church.gif 12543,12683
Schwimmsporthalle	F:SW 13574,13785 13662,13653 13794,13731 13702,13867
Friedhof der Märzgefallenen	SW 12608,13240
Märchenbrunnen	SW 11988,13597
Deutsch-Polnisches Ehrenmal	SW|IMG:monument.gif 12656,13697
Touristeninformation Berlin am Fernsehturm	SW|IMG:touristinfo.gif 10739,12757
Touristeninformation Berlin am Brandenburger Tor	SW|IMG:touristinfo.gif 8589,12229
Neptunbrunnen	SW 10592,12639
Pfingstkirche	SW|IMG:church.gif 13492,12868
Neue Kirche	SW|IMG:church.gif 3905,9285
Hochmeisterkirche	SW|IMG:church.gif 3371,9754
St.-Albertus-Magnus-Kirche	SW|IMG:church.gif 3338,10076
Jonakirche	SW|IMG:church.gif 3479,10427
Poststadion	SW 7297,13779
Stadtbad Tiergarten	SW 7392,13458
Galiläakirche	SW|IMG:church.gif 13928,12506
Steffi-Graf-Stadion	SW 560,8699
Brücke-Museum	SW 1758,6579
Bernhard-Heiliger-Stiftung	SW 1727,6534
Momsenstadion	SW 934,10406
TU-Sporthalle	SW 682,10460
Golgathakirche	SW|IMG:church.gif 9473,13679
Berliner Ensemble	F:SW 9110,12885 9138,12892 9125,12941 9098,12933
Bundespräsidialamt	SW 6828,12171
Carillon	SW 7835,12410
Maxim-Gorki-Theater	F:SW 9735,12579 9767,12583 9771,12546 9740,12542
Neues Museum	F:SW 9928,12640 9963,12660 9928,12722 9893,12703
Sömmeringhalle	SW 3645,12926
Charité - Psychatrie u. Psychotherapie	SW|IMG:hospital.gif 1154,12382
Heilig-Geist-Kirche	SW|IMG:church.gif 390,11789
St.-Gabriel-Kloster	SW|IMG:church.gif 507,11796
Britische St.-Georg-Kirche	SW|IMG:church.gif 509,11662
Neu-Westend-Kirche	SW|IMG:church.gif 718,12337
Epiphanienkirche	SW|IMG:church.gif 2270,11787
Georg-Kolbe-Museum	SW 240,11379
Maltheser Krankenhaus	SW|IMG:hospital.gif 50,11198
Paulinen Krankenhaus	SW|IMG:hospital.gif -1240,11165
U-Bahn-Museum	SW 85,12232
Stalin-Villa (Babelsberg)	SW -9392,-611
Churchill-Villa (Babelsberg)	SW -8947,-882
Berlinische Galerie	SW 10012,10841
Wasserturm (Schöneberger Südgelände)	SW 7393,5918
Drehscheibe	SW 7474,6075
Heimatmuseum Reinickendorf	SW 4393,23184
Heimatmuseum Köpenick	SW 22455,4619
St. Marien Krankenhaus	SW|IMG:hospital.gif 6896,1956
Erika-Heß-Eisstadion	F:SW 8027,14646 8071,14587 8028,14555 7982,14613
Pauluskirche	SW|IMG:church.gif 4534,3445
