#: #: -*- coding: iso-8859-1 -*-
#: title: Autobahnen und Schnellstraßen
#: listing_sort: natural
#:
BAB100	BAB 14051,6731 14115,6646 13896,6518 13498,6443
BAB100 (Tunnel Ortsteil Britz)	BAB::Tu 13498,6443 13264,6405 12604,6316 11474,6113 11353,6112
BAB100	BAB 11353,6112 10994,6165 10560,6316 10370,6557 10128,6684 9671,6989 9252,7090 8389,7128 8135,7243 7923,7379 7577,7535 7348,7535 7170,7484 6917,7560 6548,7890 6489,7937
BAB100 (Tunnel Innsbrucker Platz)	BAB::Tu 6489,7937 6371,8017 6242,8039
BAB100	BAB 6242,8039 6117,8042 5917,8007 5575,7940 5207,7925 4795,7921 4657,7941 4276,8131 4073,8360 3839,8468 3397,9000 2995,9448 2740,9680 2397,9731
BAB100 (Tunnel Rathenauplatz)	BAB::Tu 2397,9731 2267,9889
BAB100	BAB 2267,9889 2016,10404 2016,10581 2170,11101 2338,11515 2372,11762 2029,12917
BAB100 (Rudolf-Wissel-Brücke)	BAB::Br 2029,12917 2105,13451 2321,13882
BAB100	BAB 2321,13882 2537,14022 2665,14041 2905,14085 3202,14142 3616,14250 5038,14619
BAB100 (Hermann-Maaß-Brücke)	BAB::Br 5038,14619 5440,14840
BAB100 (Anschlußstelle Jakob-Kaiser-Platz)	BAB 3202,14142 3103,14187
BAB103	BAB 4821,5345 4923,5402 5609,6321
BAB103 (Tunnel Feuerbachstr.)	BAB::Tu 5609,6321 5818,6498
BAB103	BAB 5818,6498 5952,6659 6409,7268 6726,7395 6917,7560 7193,7950
BAB104	BAB 3952,8980 3892,8781 3839,8468 3854,7818 3854,7614
BAB104 (Tunnel Schlangenbader Str.)	BAB::Tu 3854,7614 3853,7068
BAB104	BAB 3853,7068 3948,6842 4097,6689 4292,6558
BAB115	BAB 2016,10581 1902,10594 1762,10531 480,8779 -865,6887 -3689,3059 -3786,2861 -3861,2355 -3861,2063 -3620,1733 -3518,1403 -3442,806 -3404,501 -3480,273 -4381,-1135 -4712,-1453 -5994,-2037 -6197,-2240 -6502,-2976 -6565,-3319 -6540,-3941 -6514,-4309 -6603,-4551 -6857,-4843 -7073,-5058 -7136,-5287 -7124,-5757 -7073,-7153 -7162,-7534 -7314,-7813 -7568,-8042 -9155,-8816 -9345,-8943 -9472,-9172 -10094,-10162 -10285,-10556 -10653,-11444 -10730,-12017
BAB111	BAB 2665,14041 2826,14408 3124,15324 3277,15674 3571,16258 3810,16690
BAB111 (Tunnel Flughafen Tegel)	BAB::Tu 3810,16690 3946,17627
BAB111 (Anschlussstelle Kurt-Schumacher-Platz)	BAB 4739,17110 4720,17247 4263,17501 3946,17627
BAB111	BAB 3946,17627 3755,17742 3616,17945 3552,18465 3425,18707 2968,19100 2825,19431
BAB111 (Tunnel Ernststr.)	BAB::Tu 2825,19431 2761,19571
BAB111	BAB 2761,19571 2609,19915
BAB111 (Tunnel Tegel Ortskern)	BAB::Tu 2609,19915 2283,20662
BAB111	BAB 2283,20662 1889,21411 1648,21690 1216,21868
BAB111 (Forsthaustunnel)	BAB::Tu 1216,21868 1092,21962
BAB111	BAB 1092,21962 835,22109 478,22326
BAB111 (Beyschlagtunnel)	BAB::Tu 478,22326 73,22576
BAB111	BAB 73,22576 -306,22807 -400,22916 -433,22996 -433,23097 -230,23328 -230,23505 -382,23709 -408,23912 -827,24407 -979,24750 -992,25092 -789,27225 -865,28050 -1043,28647 -1423,29371 -1906,29929 -3429,31427 -3861,32075 -3937,32659 -3848,32938 -3747,32976
BAB111 (Anschlussstelle Eichborndamm)	BAB 3930,17920 3946,17627
BAB111 (Anschlussstelle Eichborndamm)	BAB 3946,17627 4015,17912
BAB111 - Flughafen Tegel	BAB 3124,15324 3129,15493 3033,15694
B96	BAB -3747,32976 -3201,33522 -2845,34043 -2737,34496 -2735,34672 -2740,34975 -2796,35187 -3381,36600 -3559,36981 -3721,37125 -4047,37374 -4203,37600 -4262,37729 -4292,37982 -4242,38221 -4013,38562 -3900,38743 -3722,39305 -3607,39561 -2081,41977 -1943,42258 -1868,42553 -1850,42712 -1864,43042
BAB114	BAB 11944,19367 12020,19608 12680,20662 13010,21233 13290,22274 13252,22756 13074,23125 12731,23493 11944,24331 11754,24750 11665,26451
BAB10	BAB 20907,23353 19282,23467 18063,23620 17466,23785 15829,24407 15245,24762 14420,24953 13556,25169 12668,25600 11665,26451 11093,27174 10738,27809 10357,28673 9938,29472 9240,30183 8554,30488 7754,30577 6447,30678 5825,30805 4644,31364 2346,32392 1559,32545 772,32557 -1220,32443 -1842,32494 -3747,32976 -6438,33078 -7365,33065 -8203,33091 -9714,33218 -10336,33167 -11897,32875 -12672,32799 -14030,33002 -16658,33662 -17090,28012 -17280,27048 -17559,26260 -17978,25448 -18512,24013 -18931,22896 -19121,22363 -19299,21550 -19311,20865 -19197,19887 -19019,18719 -19121,17666 -19413,16663 -19548,16137 -19616,15837 -19603,14936 -19476,14187 -19362,13349 -19464,12448 -19718,11534 -19794,11191 -19515,9033 -19464,8233 -19641,7725 -19959,7319 -20187,7078
BAB10	BAB -10730,-12017 -9714,-11762 -8025,-11838 -6667,-11952 -5918,-11965 -4648,-12092 -4204,-12143 -3709,-11977 -3099,-11762 -2731,-11774 175,-11901 569,-11838 1737,-11165 2232,-10962 2562,-10936 2935,-10993 3184,-11025 4098,-11076 5368,-11216 5850,-11203 7196,-10949 7780,-10936 9087,-10975 10535,-11076 12541,-11063 13379,-11038 14039,-10848 15676,-10251 17835,-9515 18152,-9451 19307,-9553 20374,-9502 21085,-9464
BAB11 (Berlin - Kreuz Uckermark)	BAB 20907,23353 21186,26667 21323,28721 21286,29153 20831,30882 19358,35147 19193,36011 19155,36620 19307,38829 19549,39641 19891,40162 20666,41025 22786,43387 23294,43806 25782,45875 26176,46446 27039,47779 27242,48300 27470,49637 27739,50360 28189,51181 29045,52299 29900,53461 32231,55777 35215,58723 35799,59599 36891,61516 37208,62570 37538,64207 37855,67419 38414,71380 38858,73716 39684,78071 39925,78769 40293,79366 41080,80483 41816,81638 42439,82781 42858,83923 43568,84939 44102,85929 44901,87732 45892,89497 46260,89992 46768,90576 48659,92569 50081,94118
B166	BAB 52733,87022 52595,87440 52569,88129 52443,88456 52214,88672 51656,88925 51287,89268 51072,89789 50957,90576 50792,90881 50526,91109 50246,91439 50043,91960 50030,92493 50107,92937 50196,93318 50170,93762 50081,94118
BAB20	BAB 50081,94118 49942,94359 49320,95286 49028,96225 48850,96733 48558,97419 48469,98257 48291,98853 48152,99450 48177,99996 48380,100694 48647,101443 48685,101799 48609,102319 48228,103335 47885,104224 47390,105277 47237,106001 47276,106826 47517,107575 48063,109035 48456,110749 48634,112565 48621,114190 48444,115180 48177,115865 47745,116564 47009,117325 46311,118328 45714,119280 44432,120309 43365,121185 42312,122213 41359,122861 40217,123394 37589,124308 36891,124422 36357,124384 35405,124130 34770,124067 34263,124143 33488,124422 32701,125057 31851,125527 30771,125730 30200,125933 29667,126288 28816,126898 28194,127139 27483,127266 26798,127380 26087,127596 25008,127875 23967,127977 22951,127939 22138,127799 21123,127456 20196,127190 19777,127202 19130,127253 18165,127609 17644,127799 16806,127939 16197,128129 15346,128535 14724,128713 13607,128929 12579,129246 11525,129805 10636,130160 9760,130465 9087,130783
BAB20	BAB 9087,130783 8284,131477 7382,131861 6499,132464 6121,132928 5816,133470 5347,135255 5298,135847 5511,137535 5304,138400 4823,139223 3415,140813 2873,141563 2471,142556 2367,143214 2373,143970 2781,145712 2848,146371 2873,148034 2769,149710 2501,151794 1943,154357 1855,155000 1844,155824 2220,159323 2464,160466 2725,161350 3345,162811 3456,163334 3427,163667 3356,164007 3041,164738 2965,165207 3030,165734 3237,166206 3660,166869 3756,167443 3431,169233 3439,169686 3653,170139 4330,170880 4683,171514 4717,172130 4613,172939 4376,173713 3925,174597 3399,175299 2403,176198 1995,176460 996,177015 150,177645 -264,178057 -891,178823 -1321,179532 -1851,180729 -2330,181531 -3172,182534 -4590,183859 -5600,184650 -6381,185091 -7918,185408 -11965,186627 -13890,187017 -16547,186578 -19156,185554 -21496,186358 -39046,184555 -46261,181898 -48382,178997 -50185,178631 -52428,177145
BAB24 (Berlin - Wittstock)	BAB -16658,33662 -17686,33903 -19045,34144 -20187,34309 -21025,34639 -21787,35122 -23437,36442 -24377,37039 -25354,37432 -27284,37966 -28655,38537 -29773,39362 -30674,40429 -31271,41533 -31588,42638 -31702,43691 -31753,45697 -31842,46472 -32147,47398 -32896,48541 -33607,49722 -34076,50966 -34990,53645 -35422,54444 -36615,55651 -37796,57174 -38659,57923 -40234,58812 -41072,59650 -41973,60703 -43077,61757 -43801,62950 -44575,64131 -45794,65667 -46797,67076 -47330,68079 -47749,68803 -48105,69273 -49159,70276 -49628,70885 -50009,71634 -50415,73005 -50606,73577 -51101,74478 -51837,75392 -52878,76154 -53945,76954 -54668,77880 -55011,78642 -55255,79814
BAB19 (Wittstock - Rostock)	BAB -55255,79814 -55798,81308 -56027,82260 -56052,83174 -55709,84647 -55468,86044 -55595,86881 -56001,88316 -56040,88964 -55989,90436 -56230,91807 -56293,92950 -56090,94308 -55164,96797 -54567,98599 -54351,99945 -54364,100999 -54630,102751 -54795,104059 -54922,105100 -55278,106052 -56103,107334 -56433,108146 -56636,108934 -56827,109860 -57131,110559 -57779,111473 -58325,112234 -58845,113161 -59455,113834 -60305,114659 -60927,115548 -61283,116487 -61372,117363 -61270,119204 -61308,120106 -61600,120791 -61981,121248 -62806,121997 -63098,122429 -63263,123051 -63403,123724 -63720,124384 -64431,125171 -65587,126352 -65917,127063 -65942,127812 -65701,128396 -65320,128866 -63746,130199 -62882,131176 -62349,132116 -62083,132953 -62032,133322
BAB13 (Berlin - Lübbenau)	BAB 21085,-9464 21262,-11724 21339,-12054 22380,-14618 23580,-17510 23738,-17906 24119,-20065 24271,-20483 24576,-20979 25008,-21728 25376,-22527 25465,-22832 25528,-23556 25566,-23911 25757,-24381 26176,-25257 26468,-25612 27128,-26184 27407,-26539 27712,-27111 27851,-27504 27902,-28190 27851,-29802 27775,-31122 27813,-32468 28042,-35375 28156,-36391 28499,-38651 28727,-39184 29832,-40961 30797,-42485 31355,-43005 32676,-44008 33057,-44402 33285,-44935 33590,-45760 33856,-46217 34999,-47626 35545,-48045 36065,-48655 36319,-49366 36319,-49988 36129,-51105 36129,-51575 36307,-52197 36662,-52717 38147,-54355 39595,-55790 40052,-56259 40966,-56818 42654,-57377 44152,-57884 44673,-58164 45181,-58646 45460,-59116 45904,-60220 46120,-60779 46590,-61350 46945,-61617 47301,-61820
BAB13 (Lübbenau - Dresden)	BAB 47301,-61820 46400,-63496 45473,-64842 44914,-65667 44787,-66073 44597,-67266 44495,-67685 43987,-69056 43607,-69996 43518,-70428 43276,-72421 43238,-72852 43315,-73322 43505,-73716 45193,-75963 45574,-76585 46095,-78248 46108,-78959 46069,-80127 46120,-80749 46514,-81587 47047,-82044 47720,-82311 48405,-82742 48799,-83326 49002,-84164 48926,-84799 48913,-85269 48989,-85688 49586,-87427 49840,-88176 49891,-88582 49789,-89141 49561,-89649 49078,-90220 48685,-90715 48494,-91223 48367,-92086 48215,-92734 47910,-93229 47415,-93838 47161,-94282 47072,-94841 47022,-95806 46742,-96999 46730,-97431 46819,-98345 46768,-98764 46514,-100237 46273,-100732 46006,-101062 45295,-101709 44191,-103372 42769,-105620 42197,-106673 40890,-108540 40699,-108857 40255,-109796 39938,-110139 37246,-112094 36649,-112627 36383,-113275 36294,-114214 36230,-114862 36015,-115306 34682,-116754 34377,-117185 34326,-117642 34453,-118290 34491,-119585 34758,-120524 35240,-121806 35596,-123216
BAB9 (Berlin - Leipzig)	BAB -22157,-13412 -22322,-13769 -22791,-16600 -22712,-17136 -22072,-18898 -22117,-19734 -22256,-20217 -23297,-21896 -24555,-23797 -26167,-24627 -26604,-25020 -27599,-26278 -30547,-27555 -31106,-28290 -33889,-32373 -35565,-33640 -37546,-35743 -39009,-37724 -40032,-40229 -41361,-41441 -41867,-42222 -42799,-42788 -43311,-43514 -45067,-44794 -47382,-47615 -50911,-49608 -52222,-50632 -52612,-51114 -53794,-55429 -55532,-57110 -57219,-60249 -60577,-62730 -61144,-63400 -61760,-65015 -62710,-66667 -63100,-67215 -64057,-68270 -65124,-70665 -65380,-71006 -66970,-72475 -67226,-72841 -68232,-75084 -68439,-75736 -68555,-76589 -69390,-85560 -69536,-86578 -70444,-90619 -70499,-91076 -70450,-91569 -69932,-93447 -69914,-93910 -70140,-95519 -69439,-98712 -69341,-100553 -68890,-102869 -68354,-103984 -68153,-104539 -67940,-105953 -67946,-106587 -68007,-106934 -69695,-112047 -70176,-113571 -70225,-114119 -69561,-117374 -69719,-119324
BAB11 (Kreuz Uckermark - Stettin)	BAB 50081,94118 52920,97339 55902,99239 56946,99620 58828,100009 59110,99931 64498,101306 70232,102914 71691,103488 75735,104381 79172,105264 79870,105368 82134,105408 85561,104511 86003,104610 89545,106042
BAB24 (Wittstock - Hamburg)	BAB -55255,79814 -57181,80326 -58180,80886 -58985,81626 -60655,83104 -62410,83689 -63823,83872 -64876,84165 -65907,84603 -66907,85457 -68235,87017 -69210,87833 -71879,90027 -73074,90697 -73805,91258 -75097,92611 -75962,93305 -77266,94016 -80821,95337 -82068,96328 -83238,96876 -85664,97352 -89649,97376 -90563,97498 -91758,97912 -92915,98631 -94126,99806 -95231,100874 -96048,101361 -97656,101922 -99204,102653 -100277,102934 -101447,103080 -102970,103762 -104140,104506 -105298,104920 -106822,104985 -109613,104981 -110917,105188 -112111,105737 -112842,106334 -113817,107236 -115414,108162 -116852,109515 -117547,109966 -118912,110478 -120728,111380 -121971,111709 -123251,111733 -125408,111465 -126736,111575 -127687,111819 -128589,112196 -129722,112989 -131733,114963 -132440,115426 -133866,115962 -134780,116450 -135889,117169 -136986,117571 -138180,117742 -139399,117632 -140155,117461 -140923,117388 -141837,117461 -145615,118241 -148126,118583 -149808,118656 -150722,118765 -156742,119789 -159680,120033 -161325,119887 -165188,119875 -166237,119996 -166858,120179 -170295,121483 -173805,122629 -175438,123494 -176328,123823 -177693,124067 -180106,124043 -181032,124079 -182056,124396 -183299,124555 -184433,124920 -185993,125201 -187358,125652 -188601,125859 -189515,125773 -193915,124713 -195207,124701 -197364,124969 -198924,124664 -199558,124664 -201459,125347 -202605,125493 -204701,125213 -208187,124299 -209698,124128 -210478,124226 -211599,124555 -212440,124542 -212757,124616 -214098,125140 -214744,125140 -218120,124530
BAB10	BAB -20187,7078 -20797,6468 -21605,3191 -21656,1624 -21757,1357 -21903,1180 -22709,666 -24352,-437 -27703,-2164 -28617,-3078 -29125,-3992 -29023,-8258 -28820,-9070 -26180,-10391 -22157,-13412 -18305,-11925 -15776,-11858 -14195,-12422 -13383,-12117 -11357,-12114 -10730,-12017
BAB2 (Berlin - Hannover)	BAB -29023,-8258 -33188,-7851 -36336,-8156 -39586,-8765 -42938,-7140 -47000,-7039 -48930,-7750 -49844,-8664 -52586,-12930 -54313,-15062 -58883,-16484 -61829,-17195
BAB10	BAB 21085,-9464 23179,-9375 24500,-10187 27205,-10277 27906,-10191 31305,-8765 34148,-8664 35315,-3543 35813,-2830 36074,-2461 36345,-2096 36572,-1762 36645,-1592 36687,-1351 36533,2146 36708,2870 37503,4399 37578,4775 37349,6014 37170,6447 36901,6798 36028,7465 34749,8238 34430,8571 34309,8904 34183,10294 34001,10673 32840,11966 31017,14312 29172,16625 27242,18046 26023,19875 23983,21948 23078,22921 20907,23353
BAB12 (Berlin - Frankfurt (Oder))	BAB 34148,-8664 35061,-8743 35480,-8826 37263,-9377 38961,-10022 39351,-10108 39680,-10108 42757,-9742 44214,-9366 44709,-9349 46098,-9678 48361,-9818 49053,-9725 50621,-9363 54063,-7715 55680,-7140 60758,-6836 62993,-6125 64516,-6328 65836,-6734 67868,-6836 70915,-7953 80563,-8258 86767,-8281 88384,-8562 90618,-8664
BAB15 (Lübbenau - Forst)	BAB 47301,-61820 49383,-62391 51922,-63407 57000,-68384 57566,-68867 60047,-70313 65024,-74376 71321,-75087 72743,-74884 75282,-75290 79040,-75290 81071,-76407 84829,-75696 89095,-76001 92548,-75595 93868,-75595 97321,-76813 99556,-78438 100571,-79657 102399,-80368 104126,-80571
BAB113 (Kreuz Königs Wusterhausen - Berlin)	BAB 21085,-9464 21031,-8709 21005,-8085 21031,-7417 21084,-6718 21047,-6328 20991,-6141 20842,-5712 20671,-5309
BAB117	BAB 20533,-4800 20621,-4425 20836,-4303 20900,-4162 21237,-3566 21372,-3273 21447,-2970 21508,-2515 21585,-1724 21628,-1393 21616,-1281 21534,-1092 21291,-813 21054,-415 20781,-82
Tunnel Tiergarten Spreebogen	BAB::Tu 8241,11024 8253,11425 8184,11695 8106,12009 8130,12571 8104,13001 7921,13173 7880,13315 7880,13494
B101n	BAB 1090,-16407 1411,-15975 1647,-15541 1876,-14642 2272,-14086 2623,-12692 2623,-12219 2882,-11397 2935,-10993 2783,-8951 2537,-7815 2642,-6704 2747,-6509 3212,-5665 3467,-4340 4405,-3093 5525,-2668 5862,-2467 6188,-2041 6399,-1793 6576,-1584 6651,-1299 7110,-596 7164,-473
Zufahrt Tunnel Tiergarten Spreebogen	BAB::Tu_ 8172,11679 8106,12009
Ortsumfahrung Müncheberg (B1/B5)	BAB 58237,11268 58782,10579 59582,10267 60400,10500 61500,10500 61653,10584 62453,10937 62900,11635 63218,11843
Umfahrung Wustermark	BAB -19527,14652 -19332,14967 -19253,15676 -19387,16003 -19548,16137 -19810,16218 -21600,16195 -21931,16317 -22149,16586
BAB113	BAB 13896,6518 14120,6058
BAB113 (Britzer Stichkanalbrücke)	BAB::Br 14120,6058 14176,5943
BAB113	BAB 14176,5943 14562,5150 14797,4891 15289,4509 16932,3272 17277,2986 17733,2691 18154,2609
BAB113	BAB 18154,2609 18356,2545 18553,2356 18594,2239 18616,2121 18626,1790
BAB113 (Tunnel Rudow)	BAB::Tu 18626,1790 18714,1495 18764,1097 18767,893
BAB113	BAB 18767,893 18734,596 18637,230
BAB113 (Tunnel Altglienicke)	BAB::Tu 18637,230 18592,-75
BAB113	BAB 18592,-75 18576,-299 18447,-661 18507,-918 18777,-1298 19208,-1878 19971,-2636 20490,-3603 20533,-4800 20671,-5309
Ausfahrt Gradestr.	BAB 11386,5107 11096,5665 10994,6165
Hochstraße Rummelsburger Landstraße/An der Wuhlheide	BAB::Br 17883,7314 18003,7144 18225,7004
Adenauerplatztunnel	BAB::Tu 3697,10658 3813,10435 3852,10236 3906,10035 3921,9971
Straßentunnel Alexanderplatz	BAB::Tu 10915,12594 10954,12635 11057,12715 11105,12764 11134,12793 11314,13087 11339,13124
Straßentunnel Unter den Eichen	BAB::Tu 2876,4195 3188,4390
Wilmersdorfer Tunnel	BAB::Tu 5513,8653 5499,9111
Bundesplatztunnel	BAB::Tu 5362,7591 5356,7862 5360,8197
Tunnel Alt-Friedrichsfelde	BAB::Tu 18593,11738 18555,11724 18220,11710 18098,11720 17966,11730
B96n	BAB -14703,210490 -15231,210173 -16060,208857 -15475,206834 -14207,205615 -12807,205242
B96n	BAB -11142,203490 -10453,202519 -10722,200716 -10575,199887 -10210,199277 -8991,196377 -8967,194549 -9844,191624 -11965,186627
Beelitz, Umgehungsstraße	BAB -18445,-20968 -17867,-20681 -17626,-20429 -17504,-20057 -17285,-19594 -17279,-19113 -17461,-18180 -17455,-17736
B109	BAB 28819,159189 28429,159343 27708,159209 27343,159207 26264,159478 25880,159605 25185,160127 24930,160501 24733,160839 24722,161235
Ortsumgehung Fürstenwalde-Ost (B168)	BAB 59209,-8783 59196,-8671 59177,-8503 59270,-8109 59299,-7801 59231,-7472 58976,-7117 58471,-6383 58181,-6107 58106,-5882 58117,-5685 58249,-5090 58360,-3866 58289,-3629 58052,-3407 57587,-3253 57290,-3049 57175,-2763 57093,-1882
B96 (Ansschlussstelle Oranienburg-Zentrum)	BAB -4203,37600 -4309,37725 -4388,37773 -4422,37871
B96 (Ansschlussstelle Oranienburg-Süd)	BAB -2671,34750 -2740,34975
B96 (Ansschlussstelle Oranienburg-Süd)	BAB -2737,34496 -2787,34609 -2841,34642 -2855,34701 -2807,34745 -2784,34746
B96 (Ansschlussstelle Oranienburg-Süd)	BAB -2735,34672 -2787,34609
B96 (Ansschlussstelle Oranienburg-Süd)	BAB -2737,34496 -2671,34750
B166 (Ortsumfahrung Passow)	BAB 55605,83922 55607,83662 55666,83256 55831,82878 56071,82581 56461,82273 56834,82149 57092,82110 57400,82112 58343,82203 58633,82122 58771,82019
B167 (Ortsumfahrung Wriezen)	BAB 59814,33354 59686,33501 59206,33805 58750,34221 58478,34548 58331,34943 58462,35536 58536,36416 58456,36743
Umgehungsstraße Michendorf (B2)	BAB -13973,-8969 -13902,-9177 -13637,-9546 -13440,-9933 -13407,-10162 -13433,-10557 -13536,-11215 -13719,-11627 -13963,-11970 -14187,-12070 -14371,-12085
L40	BAB 2747,-6509 2645,-6467 2584,-6403 2548,-6158 2425,-5903 2149,-5633 1742,-5427 1343,-5386 378,-5302 -900,-4972 -1095,-4973
Umgehungsstraße Altlandsberg	BAB 34813,17682 34587,17655 34130,17399 33351,17297 32945,17123 32703,16896 32542,16649 32427,16265 32255,15932 32049,15798 31915,15782 31066,15864 30875,15977 30118,16565
