#: #: -*- coding: iso-8859-1 -*-
#: title: U-Bahnstrecken
#: version: $Id: ubahn-orig,v 4.16 2008/11/16 18:18:16 eserte Exp eserte $
#:
U1	UA 13482,11115 13327,10791 13270,10707 13227,10647 13188,10617 13111,10627 13053,10637 12986,10636 12731,10547 12621,10516 12545,10496 12401,10461 12328,10442 12274,10436 12212,10440 12076,10426 11880,10417 11393,10390 11117,10326 10975,10334 10529,10306 9963,10290 9582,10220 9503,10214 9409,10226 9194,10313 9113,10342 8986,10350 8862,10350 8727,10384 8567,10380 8464,10390 8395,10394 8248,10395 8138,10386
U1	UA::Tu_ 8138,10386 7838,10426 7772,10417 7694,10378 7653,10372 7579,10400 7311,10520 7000,10370
U3,U1,U2	UA 7000,10370 6796,10450
U3,U1,U2	UA::Tu_ 6796,10450 6557,10543 6301,10601 6078,10692
U3	UA::_Tu_ 6078,10692 6017,10689 5981,10663 5877,10486 5690,10173 5539,10024 5474,9961 5475,9914 5452,9877 5286,9841 5070,9723 4752,9496 4381,9276 4342,9184 4315,8478 4313,8194 4295,8137
U3	UB::_Tu 4295,8137 4260,8027 4241,8007 4348,7721 4400,7485 4399,7342 4391,7258 4298,7044 4137,6796 4016,6673
U3	UB 4016,6673 3998,6655 3901,6574 3396,6479 3158,6358 2994,6233 2940,6150 2894,6011 2824,5731 2768,5624 2486,5065 2265,4892 2085,4783 1939,4761 1654,4769 1408,4785 849,4821 650,4812 443,4763 307,4706 111,4578 -27,4456 -420,4070 -516,3967
U2	UB::_Tu 10843,18001 10934,17049 11009,16873
U2	UB 11009,16873 11041,16521 10983,15984
U2	UA 10983,15984 10961,15757 10908,15395 10890,15097 10914,14582 10954,14217
U2	UA::Tu 10954,14217 10936,14074 10909,13965 10854,13887 10787,13797 10762,13720 10776,13636 10818,13516 10860,13389 10857,13342 10779,13185 10780,13150 10808,13109 11068,12895 11099,12827 11085,12787 10985,12674 10895,12618 10879,12590 10890,12543 10938,12446 10954,12399 10937,11987 10902,11912 10827,11864 10652,11759 10528,11724 10337,11730 10241,11737 10079,11830 9920,11937 9829,11957 9750,11958 9704,11933 9659,11880 9640,11840 9584,11824 9452,11808 9098,11754 8939,11698 8805,11666 8774,11636 8667,11478 8627,11415 8598,11294 8510,11041
U2	UA 8510,11041 8444,10854 8408,10707 8395,10394 8358,10203 8327,10146 8254,10124 8034,10090 7951,10098 7860,10120 7806,10112 7658,10160 7000,10370
U1,U2	UA::_Tu_ 6078,10692 5869,10821
U2	UA::_Tu_ 5869,10821 5841,10870 5815,10931 5750,10976 5586,11074 5133,11397 4866,11699 4823,11740 4746,11768 4680,11762 4534,11724 3971,11655 3683,11621 3147,11552 2216,11433
U2	UB::_Tu 2216,11433 1624,11358 1478,11392 1389,11417 698,12065 656,12077 520,12098 403,12096 260,12070 131,12084
U2	UB 131,12084 29,12118 -50,12177 -144,12347 -175,12428 -255,12579 -385,12784 -433,12955 -471,13006 -649,13096
U1	UA::_Tu_ 5869,10821 5805,10854 5731,10860 5512,10786 5157,10657
U4	UA::_Tu_ 7000,10370 6270,9939 6232,9874 6242,9426 6231,9391 6152,9276 6138,9236 6126,9130 6127,9073 6260,8516 6386,8065
U5	UA::_Tu_ 10967,12812 11068,12895 11148,12949 11199,12950 11640,12743 11930,12611 12192,12538 13054,12397 13792,12290 14508,12185 15177,12089
U5	UB::_Tu 15177,12089 16076,11953 16639,11877 16866,11820 17369,11607 17726,11423 17802,11316 18033,10990 18178,10851 18343,10728 18411,10636 18481,10468 18596,10186 18631,10135 18706,10088 18829,10078 18936,10110
U5	UB 18936,10110 20172,10636 20558,10820 20809,10990 21092,11261 21463,11772 21624,11929 21755,12011 21925,12061 22121,12080 22233,12117
U5	UB::Tu 22233,12117 22343,12214 22943,12688 22967,12741 22963,12974
U5	UB 22963,12974 22960,13041 22954,13390 23042,13880 23127,14217 23217,14357 23291,14425 23395,14489 24067,14820 24305,14926 24806,15085 24946,15113 25197,15166 25487,15155 25738,15101 25965,15030
U55	UA::_Tu_ 8852,12293 8560,12299 8284,12594 8272,12685 8255,12759 8030,13294
U6	UB::_Tu_ 9472,3641 9352,4041 9326,4215 9298,4471 9211,5096 9180,5376 9150,5613 9157,5721 9186,5979 9231,6337 9245,6483 9240,6599 9231,7085
U6	UA::_Tu_ 9231,7085 9225,7252 9245,7346 9262,7470 9264,8033 9249,8545 9224,8688 9217,8888 9220,9184 9254,9419 9299,9612 9396,9871 9483,10023 9569,10144 9582,10220 9592,10299 9491,11089 9423,11697 9383,12049 9306,12725 9239,13286 9228,13444 9199,13527 9136,13607 8899,13915 8543,14346 8402,14516 8030,14905 7739,15167
U6	UB::_Tu 7739,15167 7279,15571 6828,15983 6112,16621 5594,17068 5414,17227 5063,17424 4784,17524
U6	UB 4784,17524 4502,17611 4064,17787 3867,17849 3743,17900 3600,18018 3389,18248 2967,18700 2898,18814 2643,19274
U6	UB::Tu_ 2643,19274 2586,19374 2222,20052 2067,20278
U7	UB::_Tu_ 16821,1252 16673,1387 16436,1672 16344,1818 16229,1927 16097,2018 16013,2050 15899,2080 15757,2072 15373,2039 15177,2037 14965,2062 14780,2104 14600,2157 14394,2266 14217,2383 14074,2513 13933,2673 13837,2806 13717,3038 13645,3266 13582,3543 13534,3734 13491,3899 13491,4000 13536,4156 13614,4298 13643,4410 13662,4761 13642,5007 13614,5145 13592,5253 13540,5518 13537,5639 13552,5740 13525,5848 13262,6390 13113,6695 13049,7140
U7	UA::_Tu_ 13049,7140 13029,7475 12953,7688 12871,7943 12797,8161 12693,8321 12518,8482 12390,8600 11837,8980 11621,9087 11490,9121 10766,9257 10684,9295 10600,9330 10473,9318 9883,9494 9391,9654 9356,9665 9341,9704 9396,9871 9421,9953 9411,10056 9357,10176 9282,10221 9156,10268 9116,10304 8988,10323 8802,10294 8664,10234 8568,10131 8518,9960 8470,9821 8434,9761 8372,9700 8302,9669 8238,9660 8106,9642 8023,9608 7956,9535 7911,9473 7829,9404 7546,9341 7451,9347 7392,9350 6805,9248 6187,9131 6126,9130 5505,8963 5220,8880 4911,8866 4813,8864 4761,8892 4381,9276 4072,9636 3975,9780 3941,9861 3904,10079 3857,10315 3853,10396 3886,10585 3883,10683 3809,11037 3683,11621 3677,11754 3704,11883 3757,12017 3779,12121 3770,12208 3750,12451 3771,12570 3769,12689 3729,12826 3719,13043 3699,13148 3643,13248 3472,13427 3393,13573 3352,13752
U7	UB::_Tu_ 3352,13752 3324,14013 3269,14165 3166,14269 3035,14320 2823,14355 2626,14385 2508,14392 2354,14384 2158,14382 1429,14388 863,14383 -267,14501 -523,14522 -946,14597 -1090,14581 -1288,14532 -1829,14385 -2051,14345 -2179,14352 -2320,14423 -2449,14474 -2616,14488 -2738,14460 -2849,14461 -3019,14499 -3175,14554 -3278,14555 -3423,14495 -3512,14394 -3544,14312 -3560,14235
U8	UA::_Tu_ 12358,6895 12126,7596 11942,8248 11900,8476 11894,8720 11837,8980 11818,9051 11870,9156 11866,9203 11651,9729 11393,10390 11357,10432 10815,10670 10795,10694 10800,10756 10870,10915 11203,11611 11269,11738 11346,12018 11362,12172 11357,12280 11329,12326 11269,12377 11219,12410 11136,12613 10967,12812 10856,12935 10769,12992 10743,13036 10717,13129 10686,13170 10503,13250 10386,13334 10358,13373 10337,13454 10298,13549 10157,13817 10010,14100 9968,14250 9908,14507 9828,14659 9602,15110 9340,15639 9325,15760 9291,15841 9226,15911
U8	UB::_Tu_ 9226,15911 9173,15951 9114,15965 8866,16191 8796,16239 8707,16299 8581,16328 8506,16378 8210,16788 7582,17534 7325,18276 7241,18518 7203,18554 7124,18565 6714,18613 6509,18665 6056,18753 6014,18755 5864,18771 5746,18766 5640,18796 5537,18907 5488,19024 5448,19169 5343,19574 5225,19892 5104,20057 4991,20153 4934,20186 4883,20264 4879,20437 4926,20541 5029,20731 5292,20949 5399,20996 5501,21018
U9	UB::_Tu_ 8210,16788 8045,16388 7824,16170 7420,15732 7279,15571 7195,15466 6858,15204 6647,15084 6539,14988 6319,14741 6229,14606 6197,14494
U9	UA::_Tu_ 6197,14494 6114,14179 6112,13947 6129,13301 6122,13261 6109,13116 6117,12950 6186,12424 6211,12282 6207,12151 6178,12019 6105,11865 6034,11779 5839,11590 5771,11487 5699,11301 5586,11074 5546,11004 5528,10947 5512,10786 5480,10489 5453,10355 5474,9961 5493,9481 5505,8963 5519,8638 5502,8546 5381,8242 5359,8153 5355,7985
U9	UB::_Tu_ 5355,7985 5362,7462 5381,7305 5387,7226 5370,7137 5369,6535 5120,6066 4841,5591
