X	X 10109,9240 10533,9240 10542,9297
X	X 8777,9601 8779,9805 8783,10166
X	X 8779,9805 8783,10166 8804,10314
X	X 8401,9079 8180,9099 8081,9129
X	X 10741,9072 10675,8940 10480,8807
X	X 10719,9259 10708,9214 10709,9192
X	X 5248,2376 4660,2116 4501,1900
X	X 10715,4296 10526,4319 10265,4342
X	X 15267,10865 15266,10791 15255,10751
X	X 12295,12197 12525,12151 12575,12223
X	X 12525,12151 12575,12223 12811,12081
X	X 12811,12081 13066,11854 13226,11934
X	X 11291,10438 11135,10519 11112,10526
X	X 11112,10526 11090,10538 10768,10686
X	X 10780,5207 10208,5237 10029,5230
X	X 9918,13733 9668,13629 9571,13590
X	X 9383,13978 9236,14157 8953,14528
X	X 7852,20231 7772,20050 7726,19952
X	X 20771,14500 20928,14496 21053,14501
X	X 21378,5843 21302,5839 21002,5755
X	X 15723,6151 15373,5675 15174,5463
X	X -2481,2900 -3131,2888 -3360,2917
X	X -3360,2917 -3450,3006 -3648,2881
X	X 14793,11323 14773,11342 14639,11512
X	X 3521,9059 3314,9304 3138,9510
X	X 9134,15953 8923,15850 8607,15426
X	X 8894,13486 8788,13582 8690,13723
X	X 16032,10842 15871,10925 15657,10846
X	X 22324,6397 22364,6158 22475,6151
X	X 22111,9712 21738,9862 21668,9885
X	X 23838,8108 23812,7966 23799,7877
X	X 22745,6657 22724,6608 22675,6510
X	X 23402,5483 23333,5731 23092,5762
X	X 24695,4952 23950,5342 23851,5389
X	X -1134,3285 -1155,3255 -1230,3085
X	X -688,3719 -1022,3443 -1117,3317
X	X 5678,3967 5622,3941 5454,3784
X	X 8605,4138 8399,4244 8109,4368
X	X 2129,7728 2114,7809 2129,8333
X	X 3431,9763 3349,9702 3138,9510
X	X 5062,14681 5074,14718 5107,14781
X	X 10426,14262 10370,14158 10237,13947
X	X 7690,19885 7587,19900 7366,19920
X	X 7587,19900 7366,19920 7238,19937
X	X 24389,10836 23571,10990 22857,11009
X	X 23571,10990 22857,11009 22552,11029
X	X 10885,10928 10824,10909 10847,10853
X	X 10824,10909 10847,10853 10906,10874
X	X 10847,10853 10906,10874 10885,10928
X	X 10906,10874 10885,10928 10824,10909
X	X 13226,11934 13362,12002 13520,11963
X	X 12195,22395 12042,21886 12209,21448
X	X 10909,14710 11101,14768 11048,14967
X	X 15735,11280 15480,11392 15452,11330
X	X 16807,15909 16877,15844 16872,15827
X	X 16877,15844 16872,15827 17080,15779
X	X 16424,15165 16765,14842 16821,14765
X	X 12360,12505 12394,12713 12531,12933
X	X -1282,2063 -1256,2216 -1248,2574
X	X 31367,-3407 30877,-3664 30856,-3941
X	X 21859,-17608 21965,-17246 21900,-16990
X	X 26623,-10135 26558,-9836 25254,-9114
X	X 27141,-12266 27589,-12308 27694,-11732
X	X 16735,10668 16864,10932 16967,11162
X	X 17621,10994 17166,10840 16735,10668
X	X 46635,63736 46891,63886 47230,64739
X	X 46217,77149 45876,76935 45343,76784
X	X 48959,90419 49195,90185 49409,90015
X	X 9324,42759 9048,42204 8642,42075
X	X 7717,11540 7670,11340 7607,11082
X	X 17208,11658 17734,11408 17719,11092
X	X 18872,9568 18890,9529 18809,9133
X	X 9945,11371 9737,11349 9603,11328
X	X 9737,11349 9945,11371 10065,11383
X	X 9473,11316 9603,11328 9737,11349
X	X 18744,8638 18124,9056 18120,9100
X	X 18809,9133 18319,9218 18069,9289
X	X 18069,9289 17735,9533 17549,9529
X	X 18037,9195 17549,9529 17456,9594
X	X 15322,11335 15215,11174 15193,11075
X	X 9076,12054 9171,12066 9377,12091
X	X 12185,13717 12380,13975 12630,14306
