X	X 10109,9240 10533,9240 10542,9297
X	X 8804,10314 8783,10166 8780,9968
X	X 8783,10166 8780,9968 8779,9805
X	X 8780,9968 8779,9805 8777,9601
X	X 8401,9079 8180,9099 8081,9129
X	X 10741,9072 10675,8940 10480,8807
X	X 10719,9259 10708,9214 10709,9192
X	X 5248,2376 4660,2116 4501,1900
X	X 10715,4296 10526,4319 10265,4342
X	X 15267,10865 15266,10791 15255,10751
X	X 12295,12197 12525,12151 12575,12223
X	X 12525,12151 12575,12223 12811,12081
X	X 12891,12008 13066,11854 13226,11934
X	X 11291,10438 11135,10519 11112,10526
X	X 11112,10526 11090,10538 10944,10606
X	X 10780,5207 10208,5237 10029,5230
X	X 9792,13681 9668,13629 9571,13590
X	X 9383,13978 9236,14157 9095,14344
X	X 7852,20231 7772,20050 7726,19952
X	X 20771,14500 20928,14496 21053,14501
X	X 21378,5843 21302,5839 21002,5755
X	X 15723,6151 15373,5675 15174,5463
X	X -2481,2900 -3131,2888 -3207,2898
X	X -3360,2917 -3450,3006 -3648,2881
X	X 14793,11323 14773,11342 14639,11512
X	X 3422,9178 3314,9304 3127,9522
X	X 9134,15953 8923,15850 8607,15426
X	X 8894,13486 8788,13582 8690,13723
X	X 16032,10842 15871,10925 15657,10846
X	X 22324,6397 22364,6158 22475,6151
X	X 22111,9712 21738,9862 21668,9885
X	X 23838,8108 23812,7966 23799,7877
X	X 22745,6657 22724,6608 22675,6510
X	X 23402,5483 23333,5731 23092,5762
X	X 24074,5279 23950,5342 23851,5389
X	X -1134,3285 -1155,3255 -1230,3085
X	X -688,3719 -1022,3443 -1117,3317
X	X 5678,3967 5622,3941 5454,3784
X	X 8605,4138 8399,4244 8109,4368
X	X 2129,7728 2087,7811 2129,8333
X	X 3431,9763 3349,9702 3202,9583
X	X 5062,14681 5074,14718 5107,14781
X	X 10426,14262 10370,14158 10237,13947
X	X 7690,19885 7587,19900 7366,19920
X	X 7587,19900 7366,19920 7238,19937
X	X 24389,10836 23571,10990 22857,11009
X	X 23571,10990 22857,11009 22552,11029
X	X 10885,10928 10824,10909 10847,10853
X	X 10824,10909 10847,10853 10906,10874
X	X 10847,10853 10906,10874 10885,10928
X	X 10906,10874 10885,10928 10824,10909
X	X 13226,11934 13362,12002 13520,11963
X	X 10909,14710 11101,14768 11030,14979
X	X 15735,11280 15480,11392 15452,11330
X	X 16807,15909 16877,15844 16872,15827
X	X 16877,15844 16872,15827 17080,15779
X	X 16424,15165 16765,14842 16821,14765
X	X 12360,12505 12394,12713 12531,12933
X	X -1282,2063 -1256,2216 -1248,2574
X	X 31367,-3407 30877,-3664 30856,-3941
X	X 21859,-17608 21965,-17246 21900,-16990
X	X 26623,-10135 26558,-9836 25254,-9114
X	X 27141,-12266 27589,-12308 27694,-11732
X	X 16735,10668 16864,10932 16967,11162
X	X 17621,10994 17166,10840 16735,10668
X	X 46635,63736 46891,63886 47230,64739
X	X 46217,77149 45876,76935 45343,76784
X	X 48959,90419 49195,90185 49409,90015
X	X 9324,42759 9048,42204 8642,42075
X	X 7717,11540 7660,11344 7595,11086
X	X 17208,11658 17734,11408 17719,11092
X	X 18872,9568 18890,9529 18809,9133
X	X 9945,11371 9737,11349 9603,11328
X	X 9737,11349 9945,11371 10065,11383
X	X 9473,11316 9603,11328 9737,11349
X	X 18744,8638 18124,9056 18120,9100
X	X 18809,9133 18319,9218 18069,9289
X	X 18069,9289 17735,9533 17549,9529
X	X 18037,9195 17549,9529 17456,9594
X	X 15322,11335 15215,11174 15193,11075
X	X 9076,12054 9183,12076 9377,12091
X	X 12185,13717 12380,13975 12438,14054
X	X 12380,13975 12438,14054 12499,14136
X	X 12438,14054 12499,14136 12630,14306
X	X 12434,15272 12575,15516 12743,15811
X	X 13614,9333 13489,9456 13190,9750
X	X 13745,8448 13857,8601 13957,8736
X	X 12912,9367 13194,9144 13337,9028
X	X 13337,9028 13504,8882 13857,8601
X	X 11852,15281 11688,15398 11603,15455
X	X 11645,16616 11575,17011 11552,17137
X	X 11575,17011 11552,17137 11468,17586
X	X 11879,18057 11398,17962 10947,17875
X	X 10859,17854 10907,17884 11264,18154
X	X 4540,11041 4556,11206 4567,11350
X	X 532,4528 442,4689 373,4816
X	X 4439,9983 4422,9869 4398,9723
X	X 11092,12375 11209,12430 11323,12484
X	X 11022,11782 10955,11849 10904,11902
X	X 10955,11849 10904,11902 10715,11812
X	X 15215,11174 15193,11075 15168,10887
X	X 13589,24146 13220,23679 12986,23392
X	X 8430,19085 8650,18796 8687,18755
X	X 8650,18796 8687,18755 8791,18605
X	X 8634,18401 8617,18310 8543,17768
X	X 8543,17768 8522,17634 8462,17258
X	X 4507,11728 4579,11579 4567,11350
X	X 15066,11906 14953,11923 14879,11934
X	X 14953,11923 14879,11934 14825,11844
X	X 14879,11934 14825,11844 14787,11774
X	X 14825,11844 14787,11774 14705,11629
X	X 14191,10690 14170,10675 14103,10489
X	X 13594,11489 13720,11459 13890,11411
X	X 13720,11459 13890,11411 13970,11366
X	X 13890,11411 13970,11366 14139,11269
X	X 12295,12197 12241,11920 12208,11746
X	X 12241,11920 12208,11746 12190,11665
X	X 14363,12749 14661,12798 14842,12826
X	X 14661,12798 14842,12826 15010,12855
X	X 15010,12855 15086,12849 15357,12813
X	X 15086,12849 15357,12813 15513,12856
X	X 14787,11774 14705,11629 14639,11512
X	X 9268,11590 9234,11683 9220,11781
X	X 9234,11683 9220,11781 9208,11872
X	X 9220,11781 9208,11872 9201,11968
X	X 9208,11872 9201,11968 9183,12076
X	X 2719,9671 2730,9634 2728,9409
X	X 7655,9188 7603,9234 7495,9325
X	X 7603,9234 7495,9325 7478,9340
X	X 2316,8857 2327,8717 2201,8519
x	X 3827,10980 3839,10904 3847,10865
X	X 11242,11720 11155,11750 11022,11782
X	X 9003,21256 8786,21397 8722,21437
X	X 4275,13711 4301,13638 4397,13218
X	X 3159,11562 3148,11520 3052,11232
X	X 9690,5255 9955,5376 10217,5493
X	X 817,12625 788,12533 737,12372
X	X 788,12533 737,12372 703,12265
X	X 737,12372 703,12265 703,12166
X	X 7758,18535 7855,18697 7886,18742
X	X 7886,18742 8182,18761 8260,18765
X	X 9214,18666 9301,18722 9475,18862
X	X 9526,18648 9475,18617 9469,18570
X	X 9527,18517 9590,18548 9588,18610
X	X 9727,17804 10179,17772 10459,17754
X	X 15322,11335 15438,11305 15452,11330
X	X 15438,11305 15452,11330 15480,11392
X	X 8401,9079 8480,9071 8598,9061
X	X 9248,9350 9300,9341 9492,9311
X	X 9300,9341 9492,9311 9623,9281
X	X 11254,11286 11349,11227 11473,11180
X	X 11349,11227 11473,11180 11665,11118
X	X 11473,11180 11665,11118 11798,11128
X	X 11461,11145 11649,11075 11816,11084
#: XXX
X	X 11852,11102 11956,11166 12055,11331
X	X 14641,10552 14488,10603 14305,10666
X	X 14007,10802 14026,10869 14139,11269
X	X 10244,11160 10163,11070 10094,10994
X	X 9979,10639 10016,10755 10094,10994
X	X 8180,9099 8081,9129 7990,9129
