#: #: -*- coding: iso-8859-1 -*-
#: title.de: Gewässer in Berlin
#: title.en: Inshore waters in Berlin
#:
Flughafensee	F:W 2779,18005 2818,18119 2720,18129 2567,18153 2511,18127 2491,18159 2341,18180 2273,18146 2267,18102 2228,18084 2204,18036 2142,17976 2175,17942 2156,17877 2100,17881 2095,17896 1986,17827 1950,17789 1971,17723 1959,17705 1985,17666 1996,17602 2031,17574 2044,17552 2157,17532 2198,17545 2323,17565 2352,17593 2398,17624 2481,17633 2490,17655 2445,17691 2431,17681 2407,17646 2388,17638 2377,17695 2407,17760 2434,17881 2477,18032 2514,18021 2550,18027 2760,17999 2779,18005
Grunewaldsee	F:W 1007,7018 1045,7058 1054,7103 1132,7238 1197,7372 1203,7441 1156,7472 1107,7469 1090,7441 1019,7329 1021,7238 948,7216 894,7119 888,7084 836,6984 828,6920 806,6895 689,6858 603,6784 584,6737 526,6704 587,6624 656,6600 748,6630 844,6728 919,6774 962,6839 1004,6946
Krumme Lanke	F:W -1229,4425 -1189,4449 -1166,4509 -1165,4663 -1150,4732 -1119,4763 -1050,4873 -1023,4970 -964,4991 -862,5030 -710,5101 -652,5187 -593,5280 -613,5299 -662,5303 -778,5202 -884,5138 -901,5118 -994,5093 -1059,5048 -1164,5018 -1234,4896 -1279,4796 -1269,4695 -1284,4581 -1262,4513 -1251,4434
Schlachtensee	F:W -2611,3730 -2709,3743 -2738,3737 -2805,3753 -2863,3715 -2919,3721 -2967,3673 -3071,3607 -3201,3495 -3241,3425 -3296,3360 -3323,3256 -3342,3208 -3333,3140 -3261,3107 -3215,3135 -3129,3351 -3043,3421 -2992,3470 -2892,3529 -2800,3586 -2628,3648 -2528,3648 -2449,3661 -2348,3680 -2168,3733 -2119,3771 -2096,3808 -2013,3884 -2051,4087 -1944,4157 -1747,4018 -1683,3981 -1522,4000 -1476,4023 -1404,4104 -1429,4127 -1496,4108 -1568,4153 -1677,4175 -1687,4210 -1741,4209 -1761,4233 -1811,4244 -1904,4276 -2009,4245 -2103,4177 -2164,4094 -2318,3905 -2365,3827 -2374,3792 -2427,3759 -2480,3714 -2520,3704 -2561,3717 -2574,3734
Waldsee|(Zehlendorf)	F:W -1120,3522 -1085,3616 -1036,3610 -979,3705 -911,3716 -855,3742 -839,3792 -795,3894 -842,3950 -880,3860 -900,3781 -924,3743 -975,3732 -1006,3722 -1042,3689 -1117,3625 -1128,3588
Waldsee|(Reinickendorf)	F:W 4163,24248 4226,24072 4253,24041 4279,24070 4341,24095 4213,24265
Vierling	F:W -697,4331 -696,4253 -725,4247 -734,4262 -714,4331
Hundekehlesee	F:W 526,8546 499,8528 493,8447 478,8385 516,8309 597,8094 664,8088 697,8106 728,8178 724,8215 744,8233 740,8294 719,8326 658,8436 606,8459 568,8505 550,8539
Dianasee	F:W 1382,8958 1340,8954 1233,8836 1168,8750 1055,8681 1048,8649 1095,8645 1117,8631 1139,8659 1158,8666 1201,8719 1215,8752 1295,8790 1328,8826 1327,8875 1370,8940
Koenigssee	F:W 1410,8998 1605,9088 1667,9127 1642,9055 1617,8992 1573,8984 1573,8954 1534,8949 1418,8967 1382,8958
Herthasee	F:W 1832,8918 1851,8933 1783,9021 1796,9073 1830,9083 1859,9119 1856,9136 1778,9097 1747,9079 1721,9022 1719,9004 1702,9011 1692,8996 1730,8975 1745,8951 1799,8932
Hubertussee	F:W 1851,8933 1832,8918 1900,8838 1947,8805 2074,8743 2180,8694 2242,8681 2276,8684 2290,8711 2250,8740 2206,8739 2124,8801 2037,8841 1973,8845 1911,8883
Halensee	F:W 1996,9765 1967,9646 1919,9589 1851,9560 1795,9467 1798,9426 1842,9441 1923,9542 1922,9559 1990,9607 2027,9576 2057,9577 2119,9630 2181,9747 2218,9805 2178,9848 2107,9872 2053,9848 2005,9805
Lietzensee	F:W 2546,11026 2555,10969 2610,10919 2659,10811 2663,10752 2641,10722 2585,10731 2550,10848 2502,10902 2462,10938 2446,10997 2455,11024 2522,11028 2530,11080 2457,11086 2458,11145 2482,11163 2459,11177 2505,11210 2591,11219 2685,11276 2747,11344 2806,11342 2834,11326 2847,11294 2825,11264 2763,11216 2692,11207 2670,11214 2618,11200 2599,11178 2573,11145 2567,11100 2551,11043
Nikolassee	F:W -3661,1599 -3649,1620 -3657,1642 -3637,1648 -3650,1670 -3697,1669 -3665,1701 -3678,1728 -3716,1769 -3746,1784 -3739,1794 -3779,1835 -3882,1946 -3902,1948 -3934,1883 -3946,1856 -3968,1845 -3980,1842 -3964,1791 -3922,1780 -3910,1760 -3887,1743 -3767,1638 -3733,1631 -3720,1639 -3715,1626 -3730,1616 -3754,1623 -3717,1601
Kleiner Wannsee	F:W -5198,1371 -5188,1337 -5042,1288 -5039,1271 -5144,1257 -5201,1196 -5327,1095 -5403,1019 -5500,970 -5547,971 -5642,935 -5719,889 -5781,789 -5854,777 -5898,779 -5921,805 -5938,780 -6030,734 -6123,650 -6189,607 -6234,539 -6266,440 -6291,375 -6320,345 -6322,323 -6322,313 -6384,341 -6375,378 -6371,418 -6337,438 -6340,554 -6340,680 -6273,738 -6202,764 -6178,795 -6098,816 -6077,851 -6026,877 -5820,906 -5743,952 -5698,1008 -5678,1008 -5591,1054 -5572,1109 -5434,1196 -5375,1254 -5249,1336 -5222,1339 -5220,1371
Pohlesee	F:W -6871,291 -6870,261 -6864,234 -6855,234 -6812,191 -6728,163 -6630,173 -6544,145 -6461,167 -6400,195 -6369,223 -6322,313 -6384,341 -6413,333 -6455,359 -6515,383 -6629,451 -6712,447 -6766,419 -6768,399 -6790,394 -6862,330
Stölpchensee	F:W -7126,196 -7113,157 -7149,127 -7167,55 -7189,-46 -7180,-127 -7181,-189 -7219,-229 -7256,-240 -7286,-206 -7350,-215 -7365,-183 -7402,-159 -7431,-88 -7390,32 -7365,132 -7298,220 -7242,248 -7195,229 -7164,230 -7131,199
#: alias: Griebnitzkanal vvv
Prinz-Friedrich-Leopold-Kanal	F:W -7126,196 -7113,157 -7023,199 -6935,223 -6864,234 -6870,261 -6938,255 -7026,223 -7121,196
Prinz-Friedrich-Leopold-Kanal	F:W -7256,-240 -7219,-229 -7204,-372 -7174,-485 -7184,-588 -7212,-666 -7274,-743 -7314,-794 -7318,-749 -7255,-689 -7213,-601 -7200,-522 -7225,-397 -7255,-255
#: alias: ^^^
Griebnitzsee	F:W1 -7313,-853 -7339,-890 -7353,-908 -7403,-899 -7462,-896 -7529,-964 -7562,-999 -7599,-1113 -7661,-1141 -7788,-1227 -7892,-1308 -8005,-1398 -8123,-1440 -8222,-1445 -8392,-1398 -8455,-1311 -8564,-1207 -8616,-1164 -8660,-1065 -8696,-976 -8804,-915 -8865,-831 -8909,-798 -9105,-801 -9234,-732 -9320,-663 -9358,-606 -9405,-496 -9503,-363 -9546,-305 -9661,-268 -9747,-260 -9772,-236 -9776,-179 -9757,-134 -9686,-135 -9632,-129 -9583,-121 -9509,-146 -9414,-152 -9354,-200 -9276,-277 -9210,-375 -9195,-404 -9200,-485 -9197,-517 -9167,-534 -9028,-590 -8956,-633 -8903,-701 -8871,-720 -8782,-733 -8760,-737 -8705,-795 -8664,-871 -8640,-942 -8614,-1003 -8575,-1024 -8537,-1063 -8453,-1100 -8346,-1159 -8280,-1239 -8240,-1276 -8189,-1279 -8125,-1251 -7996,-1139 -7889,-1063 -7830,-975 -7739,-882 -7652,-821 -7501,-771 -7389,-763 -7318,-749 -7293,-766 -7314,-794 -7319,-823
Glienicker Lake	F:W1 -10034,-59 -10152,9 -10193,47 -10209,98 -10329,98 -10340,125 -10440,236 -10458,273 -10461,292 -10497,331 -10571,359 -10623,380 -10641,407 -10661,460 -10767,482 -10775,431 -10830,385 -10844,329 -10852,247 -10812,147 -10833,86 -10903,28 -10956,35 -10839,-52 -10788,-51 -10724,-35 -10706,3 -10601,52 -10446,6 -10327,-31 -10267,-52 -10180,-80 -10100,-70 -10031,-79
Großer Wannsee	F:W1 -5216,1410 -5220,1371 -5198,1371 -5187,1409 -5157,1417 -5032,1378 -4975,1386 -4892,1487 -4573,2140 -4423,2437 -4412,2511 -4429,2607 -4459,2631 -4554,2713 -4637,2795 -4685,2855 -4827,2953 -4883,3026 -4911,3178 -4906,3376 -4886,3584 -4887,3855 -4922,3997 -4958,4065 -4964,4100 -4981,4107 -4990,4080 -5042,4088 -5079,4085 -5124,4017 -5194,3991 -5322,3991 -5428,4025 -5521,4129 -5573,4234 -6172,3407 -6147,3378 -6128,3329 -6038,3242 -5963,3165 -5925,3136 -5890,3093 -5756,3024 -5677,2989 -5617,2970 -5643,2908 -5649,2861 -5606,2788 -5496,2687 -5480,2663 -5490,2643 -5476,2603 -5496,2581 -5516,2489 -5552,2380 -5535,2272 -5539,2212 -5567,2175 -5642,2131 -5712,2090 -5775,2034 -5839,1944 -5862,1865 -5845,1769 -5806,1696 -5736,1616 -5661,1561 -5592,1520 -5577,1538 -5439,1509 -5298,1463 -5236,1435 -5224,1420
Müggelsee	F:W 25602,4543 25692,4579 25709,4560 25795,4552 25863,4605 26045,4777 26225,4870 26371,4893 26588,4856 26752,4860 27020,4937 27081,4973 27085,4995 27172,5051 27265,5063 27378,5061 27520,5052 27611,5064 27708,5019 27951,4975 28109,4959 28333,4895 28776,4831 28873,4806 28962,4738 29026,4626 29086,4477 29114,4421 29162,4361 29203,4209 29167,4141 29171,4102 29227,4002 29230,3973 29238,3928 29271,3884 29322,3937 29334,3925 29284,3877 29302,3836 29288,3791 29293,3774 29284,3761 29276,3771 29235,3750 29250,3650 29260,3605 29217,3464 29140,3423 29113,3410 29116,3397 29088,3407 29069,3399 28991,3476 28971,3375 28933,3347 28894,3333 28793,3363 28707,3361 28600,3337 28524,3313 28483,3277 28434,3276 28374,3240 28179,3174 28004,3101 27868,3024 27816,2942 27738,2918 27652,2842 27609,2779 27560,2687 27469,2572 27371,2483 27276,2461 27206,2479 27203,2538 27131,2562 26995,2605 26968,2620 26882,2613 26779,2638 26577,2660 26461,2695 26414,2721 26357,2724 26309,2704 26157,2680 26018,2645 25957,2644 25885,2660 25845,2708 25673,2828 25542,2881 25482,2915 25390,3068 25320,3375 25313,3641 25336,3824 25325,3866 25375,3936 25405,4048 25396,4102 25419,4159 25427,4231 25512,4376 25588,4493 25602,4543
Die Banke	F:W1 29349,3832 29349,3810 29359,3783 29345,3763 29308,3764 29296,3767 29284,3756 29297,3720 29303,3683 29287,3638 29260,3605 29217,3464 29250,3437 29351,3410 29378,3396 29386,3381 29325,3377 29273,3371 29276,3354 29247,3334 29277,3315 29266,3277 29302,3300 29405,3313 29478,3309 29532,3333 29557,3309 29571,3339 29583,3339 29636,3389 29657,3410 29682,3385 29726,3194 29727,3147 29748,3086 29756,3054 29789,3005 29805,2990 29826,3004 29798,3035 29778,3055 29775,3087 29774,3151 29726,3431 29752,3545 29732,3591 29674,3662 29579,3714 29535,3718 29516,3712 29444,3750 29404,3774 29393,3801 29346,3837
Kleiner Müggelsee	F:W1 29586,2989 29579,2956 29535,2958 29520,2966 29481,2991 29422,2963 29364,2954 29307,2958 29235,2914 29132,2882 29056,2886 28967,2906 28846,2980 28819,3073 28862,3121 28836,3201 28860,3214 28957,3165 29019,3126 29053,3112 29159,3115 29210,3116 29215,3138 29123,3306 29088,3407 29113,3410 29208,3239 29240,3233 29260,3216 29282,3221 29292,3194 29446,3087 29466,3090 29565,3065 29565,3055 29573,3035 29564,3005 29576,2996
Teufelssee	F:W -1060,9372 -1100,9314 -1168,9298 -1206,9248 -1217,9178 -1197,9164 -1175,9174 -1134,9202 -1110,9210 -1044,9239 -1014,9296 -1010,9331 -1027,9360 -1042,9370
Tegeler See	F:W 741,20668 783,20632 843,20568 880,20504 1059,20507 1011,20501 935,20493 889,20490 917,20373 837,20295 843,20254 892,20239 1013,20258 1094,20264 1168,20264 1230,20220 1297,20182 1347,20134 1442,19941 1520,19768 1468,19673 1491,19651 1463,19571 1438,19460 1454,19411 1492,19389 1487,19360 1451,19347 1432,19331 1413,19200 1411,19156 1450,19075 1498,19017 1498,18988 1395,18985 1359,18975 1239,18972 1206,19001 1193,19037 1139,19054 1042,19014 993,18996 979,18966 964,18956 751,18754 749,18714 584,18550 547,18532 489,18524 431,18470 403,18398 386,18292 362,18168 307,18014 248,17887 250,17791 235,17726 213,17698 182,17678 154,17603 143,17544 110,17504 53,17505 -42,17436 -154,17389 -191,17408 -266,17365 -277,17305 -285,17241 -361,17200 -522,17189 -622,17149 -712,17133 -774,17057 -778,17028 -797,16993 -801,16946 -866,16890 -877,16838 -926,16817 -933,16827 -993,16776 -1082,16784 -1187,16868 -1254,17034 -1381,17101 -1492,17118 -1493,17073 -1602,17239 -1644,17319 -1637,17376 -1599,17503 -1604,17619 -1650,17689 -1698,17757 -1700,17828 -1590,17839 -1512,17873 -1370,17864 -1299,17846 -1213,17803 -1187,17806 -1190,17840 -1168,17853 -1103,17858 -1064,17879 -1042,17936 -982,18101 -956,18153 -918,18211 -888,18382 -845,18435 -856,18484 -795,18581 -729,18615 -644,18677 -504,18697 -534,18901 -478,19056 -435,19171 -379,19223 -234,19328 -225,19360 -56,19471 4,19482 100,19549 169,19617 178,19634 144,19715 135,19811 140,19902 236,19964 268,19969 310,19919 348,19926 353,19904 297,19783 370,19725 417,19704 473,19759 446,19821 499,20004 592,20141 574,20161 537,20147 481,20167 444,20236 467,20309 528,20409 581,20571 603,20615 699,20679
Hasselwerder	F:I 968,19713 920,19713 752,19829 673,19847 767,19722 877,19664 935,19664
Lindwerder|(Tegeler See)	F:I -53,18930 25,18875 22,18822 -12,18814 -97,18863 -95,18913
Valentinswerder	F:I -1366,17621 -1226,17494 -1196,17475 -1102,17447 -1068,17450 -1058,17463 -943,17478 -868,17516 -830,17549 -777,17511 -769,17457 -776,17435 -850,17364 -887,17358 -924,17372 -952,17342 -1019,17345 -993,17383 -1027,17367 -1137,17279 -1399,17253 -1495,17271 -1514,17246 -1567,17276 -1563,17341 -1542,17398 -1559,17462 -1543,17514 -1460,17548 -1390,17613
Baumwerder	F:I -530,17445 -549,17398 -660,17413 -727,17451 -713,17599 -651,17674 -595,17685 -563,17669 -447,17647 -387,17517 -443,17477 -518,17448
Maienwerder	F:I -958,17056 -988,17055 -1022,17074 -1081,17075 -1182,17063 -1209,17082 -1167,17160 -1147,17180 -1148,17199 -1112,17225 -1099,17220 -1051,17256 -1029,17266 -1012,17262 -976,17280 -877,17272 -867,17260 -815,17239 -812,17217 -846,17186 -868,17179 -877,17154 -942,17081
Reiswerder	F:I 29,17610 -11,17587 -80,17687 -62,17766 -91,17859 -57,17860 0,17889 57,17890 79,17871 83,17826 50,17774 58,17734 76,17705 27,17684 10,17664 19,17630
Tegeler Hafen	F:W 1168,20264 1346,20358 1532,20431 1620,20406 1700,20411 1733,20409 1852,20432 1762,20505 1698,20517 1662,20583 1721,20603 1756,20702 1733,20711 1700,20676 1697,20623 1639,20604 1590,20524 1165,20316 1094,20264
	F:I 1703,20473 1765,20463 1770,20434 1701,20428 1613,20435 1627,20461
Heiligensee	F:W -2969,21571 -2963,21553 -2916,21534 -2761,21421 -2695,21428 -2510,21678 -2433,21834 -2341,21959 -2387,22180 -2512,22295 -2540,22335 -2571,22339 -2602,22228 -2657,22127 -2721,22051 -2734,21976 -2921,21876 -2953,21817 -2974,21660 -2958,21586
Teufelsseekanal	F:W -3040,18867 -3053,18881 -3033,18897 -2420,18883 -2392,18842
Aalemannkanal	F:W -2710,18351 -2709,18388 -1982,18361 -2125,18324
Maselakekanal	F:W -2022,16990 -2051,17082 -2140,17134 -2453,17189 -2563,17197 -2560,17248 -2505,17228 -2122,17164 -2045,17118 -2008,17067 -1989,16980 -2034,16939
Maselake	F:W -2484,16404 -2484,16539 -2507,16579 -2534,16596 -2582,16607 -2566,16724 -2576,16747 -2597,16754 -2594,16767 -2555,16751 -2526,16725 -2521,16650 -2450,16584 -2401,16578 -2398,16547 -2374,16521 -2357,16366 -2473,16348
Nordhafen Spandau	F:W -2446,16301 -2459,16309 -2670,16309 -2690,16267 -2862,16284 -2868,16321 -2984,16368 -2981,16393 -2778,16321 -2551,16346 -2473,16348
Havel	F:W1 -2909,14625 -2939,14728 -2990,14729 -3034,14703 -3043,14712 -3040,14726 -2989,14774 -2988,14812 -2975,14847 -2995,14895 -2995,14962 -2964,15029 -2914,15075 -2869,15085 -2842,15125 -2785,15284 -2725,15381 -2681,15506 -2642,15629 -2595,15718 -2504,16010 -2496,16114 -2446,16301 -2473,16348 -2357,16366 -2284,16345 -2256,16414 -2192,16531 -2114,16621 -2136,16708 -2114,16835 -2034,16939 -1989,16980 -1960,16987 -1985,17107 -1973,17132 -1861,17176 -1852,17209 -1897,17213 -1897,17236 -1850,17228 -1810,17326 -1875,17375 -1886,17400 -1865,17462 -1835,17484 -1826,17525 -1828,17553 -1816,17584 -1765,17612 -1751,17636 -1756,17660 -1810,17725 -1823,17794 -1835,17834 -1867,17892 -1889,17914 -1980,17978 -2032,18082 -2048,18114 -2086,18125 -2125,18151 -2137,18172 -2138,18208 -2139,18268 -2125,18324 -1982,18361 -2002,18424 -2033,18461 -2067,18485 -2146,18528 -2235,18613 -2266,18672 -2283,18704 -2368,18776 -2392,18842 -2420,18883 -2463,18949 -2457,18978 -2463,19040 -2469,18991 -2463,19052 -2442,19087 -2450,19139 -2473,19175 -2476,19200 -2512,19258 -2532,19263 -2567,19319 -2607,19345 -2717,19412 -2728,19471 -2729,19520 -2744,19532 -2771,19534 -2804,19587 -2809,19696 -2800,19726 -2744,19771 -2742,19774 -2675,19825 -2635,19828 -2651,19958 -2654,19985 -2689,20087 -2667,20117 -2663,20166 -2634,20204 -2632,20231 -2695,20264 -2724,20316 -2725,20377 -2715,20471 -2682,20511 -2687,20548 -2709,20585 -2693,20625 -2698,20639 -2778,20709 -2824,20775 -2823,20829 -2824,20844 -2853,20846 -2898,20857 -2971,20900 -2991,20925 -3131,20974 -3198,21012 -3273,21064 -3378,21124 -3419,21182 -3441,21211 -3510,21269 -3528,21315 -3532,21382 -3534,21411 -3593,21447 -3629,21515 -3622,21597 -3636,21663 -3698,21717 -3708,21756 -3706,21825 -3678,21896 -3685,21950 -3682,22010 -3671,22088 -3658,22138 -3447,22125 -3479,22118 -3473,21991 -3384,21852 -3316,21828 -3218,21813 -3186,21821 -3056,21689 -3018,21561 -2969,21571 -2963,21553 -3022,21522 -3004,21453 -2988,21447 -2980,21423 -2992,21414 -2934,21349 -2907,21345 -2873,21316 -2798,21282 -2755,21220 -2740,21161 -2747,21139 -2706,21004 -2669,21011 -2614,20987 -2529,20845 -2364,20819 -2277,20771 -2221,20751 -2091,20532 -2166,20351 -2215,20156 -2227,20082 -2228,19996 -2259,19852 -2265,19792 -2277,19693 -2291,19503 -2251,19296 -2288,19131 -2300,18976 -2202,18778 -2116,18695 -2069,18659 -1979,18592 -1887,18515 -1839,18415 -1757,18277 -1671,18134 -1670,18041 -1692,17921 -1706,17839 -1700,17828 -1698,17757 -1650,17689 -1604,17619 -1599,17503 -1637,17376 -1644,17319 -1602,17239 -1493,17073 -1485,17016 -1550,17018 -1607,17025 -1714,17009 -1784,16976 -1720,16935 -1782,16885 -1842,16909 -1875,16892 -1900,16857 -1887,16817 -1949,16425 -1953,16358 -1944,16296 -1953,16274 -1946,16183 -1971,16180 -1970,16167 -1931,16168 -1943,16059 -1970,16042 -1974,15999 -1959,15886 -1931,15840 -1930,15793 -1908,15680 -1937,15562 -1955,15529 -1944,15462 -1976,15444 -1981,15486 -2008,15463 -1991,15446 -2001,15424 -2031,15442 -2054,15411 -2041,15378 -2057,15358 -2033,15321 -1991,15302 -1994,15284 -2030,15281 -2057,15263 -2073,15192 -2051,15182 -2073,15158 -2072,15105 -2110,15070 -2100,14983 -2130,14985 -2145,14951 -2124,14825 -2188,14859 -2250,14879 -2299,14855 -2400,14794 -2482,14839 -2491,14821 -2433,14726 -2427,14697 -2430,14678 -2454,14670 -2595,14662 -2631,14653 -2663,14639 -2678,14684 -2689,14680 -2675,14630 -2809,14572 -2831,14589 -2819,14731 -2828,14775 -2845,14818 -2878,14897 -2882,14935 -2824,14956 -2715,14948 -2634,14990 -2656,15030 -2678,15061 -2710,15090 -2751,15056 -2730,15012 -2802,15000 -2839,14998 -2874,15007 -2917,14973 -2925,14917 -2885,14692
Großer Wall	F:I -1709,17230 -1678,17190 -1700,17132 -1739,17135 -1739,17172
Kleiner Wall	F:I -2169,16325 -2181,16297 -2169,16255 -2151,16291
Pinoierinsel	F:I -2081,15813 -2038,15853 -2065,15877 -2117,15877 -2108,15837
Eiswerder	F:I -2435,15454 -2430,15575 -2401,15706 -2380,15731 -2378,15768 -2348,15858 -2349,15865 -2322,15898 -2252,15934 -2222,15922 -2203,15918 -2179,15862 -2158,15778 -2138,15779 -2065,15674 -2056,15628 -2092,15597 -2118,15565 -2150,15463 -2269,15396 -2330,15397 -2375,15406 -2409,15398 -2437,15432
Zitadelle	F:I -2785,14721 -2790,14626 -2694,14669 -2697,14697 -2582,14723 -2572,14697 -2476,14702 -2527,14793 -2552,14789 -2578,14881 -2544,14887 -2544,15002 -2642,14952 -2647,14920 -2733,14903 -2753,14923 -2851,14916 -2811,14824 -2784,14822 -2764,14733
Havel	F:W1 -2885,14692 -2860,14612 -2842,14536 -2854,14496 -2819,14544 -2913,14312 -2909,14240 -3004,14184 -3306,13937 -3430,13748 -3443,13545 -3405,13388 -3159,12962 -3119,12883 -3075,12774 -3048,12644 -3032,12449 -3057,12288 -3062,12257 -3112,12071 -3181,11791 -3221,11555 -3271,11309 -3262,11296 -3246,11311 -3240,11351 -3196,11401 -3194,11447 -3169,11433 -3210,11324 -3243,11262 -3275,11265 -3280,11252 -3354,11151 -3341,11232 -3321,11285 -3328,11297 -3312,11360 -3303,11407 -3312,11425 -3299,11478 -3285,11494 -3274,11581 -3288,11589 -3284,11618 -3265,11624 -3263,11665 -3249,11705 -3246,11771 -3169,12099 -3144,12130 -3121,12264 -3128,12286 -3153,12298 -3153,12319 -3144,12323 -3177,12430 -3158,12503 -3143,12513 -3119,12509 -3138,12441 -3135,12369 -3109,12343 -3102,12413 -3108,12574 -3152,12639 -3199,12807 -3194,12886 -3210,12913 -3315,13071 -3471,13359 -3525,13474 -3525,13585 -3491,13699 -3449,13828 -3337,13990 -3294,14032 -3161,14121 -3117,14166 -2988,14326 -2916,14477 -2910,14498 -2909,14625
Stößensee	F:W -2335,11534 -2360,11425 -2404,11320 -2416,11290 -2468,11223 -2513,11170 -2545,11071 -2565,10979 -2582,10949 -2633,10935 -2724,10832 -2728,10800 -2693,10660 -2661,10555 -2658,10506 -2681,10443 -2729,10391 -2755,10370 -2792,10360 -3023,10515 -2951,10578 -2898,10614 -2877,10639 -2909,10663 -2928,10734 -2891,10826 -2848,10985 -2843,11005 -2874,11061 -2863,11130 -2803,11270 -2784,11295 -2707,11279 -2641,11261 -2586,11232 -2539,11221 -2481,11240 -2464,11255 -2438,11295 -2448,11332 -2518,11357 -2562,11361 -2703,11410 -2706,11425 -2658,11502 -2556,11623 -2491,11597 -2478,11553 -2479,11506 -2464,11479 -2416,11520 -2377,11569
Scharfe Lanke	F:W -4203,10942 -4164,11081 -4150,11200 -4201,11283 -4188,11367 -4167,11422 -4085,11480 -3995,11499 -3926,11494 -3838,11471 -3785,11428 -3751,11342 -3719,11318 -3690,11237 -3669,11191 -3640,11115 -3652,10987 -3682,10914 -3757,10863 -3784,10836 -3788,10816 -4029,10754 -4070,10795 -4101,10760 -4135,10754 -4173,10805 -4207,10908
Pichelssee	F:W1 -3365,10850 -3372,10850 -3436,10858 -3461,10868 -3463,11065 -3483,11084 -3450,11142 -3406,11177 -3354,11151 -3280,11252 -3252,11230 -3260,11209 -3284,11210 -3283,11147 -3242,11067 -3268,11008 -3276,10956 -3323,10866 -3346,10878 -3350,10853
Pichelsdorfer Gemünd	F:W1 -3436,10858 -3372,10850 -3390,10798 -3439,10562 -3517,10541 -3472,10719 -3436,10858
Jürgenlanke	F:W -3478,9718 -3557,9630 -3594,9538 -3605,9481 -3659,9469 -3703,9468 -3683,9528 -3707,9616 -3670,9728 -3627,9786
Klare Lanke	F:W -4630,4534 -4700,4491 -4739,4453 -4790,4338 -4844,4221 -4877,4161 -4928,4125 -4950,4122 -4964,4100 -4979,4114 -4974,4127 -5026,4138 -5135,4187 -5207,4242 -5235,4286 -5242,4360 -5207,4457 -5206,4524 -5227,4578 -5285,4729
Sacrower Lanke	F:W -9683,2182 -9702,2147 -9729,2120 -9858,2090 -9897,2074 -9915,2032 -9932,1994 -9990,1978 -10081,1979 -10152,1989 -10167,2009 -10163,2043 -10115,2081 -10105,2165 -10099,2230 -10061,2366 -9979,2514 -9905,2621 -9881,2632 -9834,2598 -9767,2590 -9714,2603
Havel	F:W1 -4406,9512 -4393,9584 -4505,9798 -4539,9961 -4486,10011 -4241,10478 -4046,10712 -4029,10754 -3788,10816 -3762,10760 -3742,10716 -3589,10593 -3517,10541 -3439,10562 -3427,10582 -3341,10552 -3337,10508 -3023,10515 -2792,10360 -3016,10216 -3006,10204 -3029,10135 -3074,10144 -3090,10104 -3132,10012 -3233,9913 -3478,9718 -3627,9786 -3628,9803 -3709,9846 -3758,9820 -3762,9793 -3809,9676 -3822,9619 -3819,9491 -3806,9358 -3832,9313 -3917,9259 -3981,9191 -4007,9114 -4003,8968 -4026,8869 -4019,8781 -3871,8547 -3763,8342 -3748,8303 -3746,8212 -3828,8065 -3893,7918 -3963,7736 -3990,7624 -3954,7450 -3876,7156 -3816,7002 -3734,6957 -3684,7000 -3596,7009 -3538,6944 -3534,6904 -3599,6861 -3651,6734 -3656,6648 -3669,6573 -3627,6453 -3655,6371 -3683,6329 -3726,6288 -4003,6154 -4009,6092 -3999,5971 -4017,5919 -4078,5474 -4113,5286 -4115,5184 -4133,5095 -4144,5053 -4128,4977 -4103,4953 -4101,4990 -4132,5031 -4113,5098 -4069,5099 -4068,5050 -4063,5015 -4067,4991 -4100,4950 -4068,4922 -3986,4889 -3983,4844 -4003,4770 -4029,4725 -4048,4591 -4055,4569 -4098,4529 -4161,4503 -4228,4521 -4422,4519 -4446,4513 -4490,4517 -4576,4538 -4630,4534 -5285,4729 -5302,4739 -5321,4701 -5343,4693 -5409,4702 -5461,4730 -5512,4685 -5571,4604 -5585,4547 -5592,4434 -5573,4234 -6172,3407 -6233,3415 -6292,3417 -6328,3460 -6384,3471 -6442,3512 -6450,3470 -6472,3447 -6525,3426 -6616,3414 -6656,3364 -6779,3245 -6937,3082 -7042,2958 -7127,2816 -7203,2684 -7236,2648 -7287,2615 -7417,2617 -7460,2591 -7565,2446 -7700,2367 -7783,2313 -7826,2297 -7927,2278 -8000,2281 -8041,2332 -8100,2264 -8124,2236 -8197,2205 -8292,2191 -8359,2204 -8415,2176 -8494,2189 -8548,2232 -8564,2276 -8574,2271 -8649,2350 -8571,2369 -8473,2364 -8406,2343 -8345,2342 -8293,2425 -8247,2453 -8169,2457 -8149,2477 -8136,2515 -7975,2582 -7908,2626 -7766,2661 -7739,2659 -7708,2699 -7702,2739 -7692,2848 -7680,2880 -7686,2905 -7663,2996 -7725,3210 -7735,3214 -7774,3310 -7789,3322 -7798,3403 -7762,3446 -7755,3451 -7739,3518 -7757,3542 -7767,3542 -7812,3509 -7877,3431 -7896,3403 -7933,3405 -7973,3434 -8027,3442 -8035,3462 -8103,3468 -8144,3430 -8193,3402 -8232,3403 -8294,3454 -8331,3460 -8353,3425 -8375,3351 -8347,3270 -8336,3236 -8313,3209 -8285,3150 -8260,3129 -8252,3198 -8221,3265 -8180,3274 -8132,3203 -8135,3146 -8195,3096 -8239,3082 -8239,3053 -8264,2988 -8293,2960 -8414,2896 -8545,2809 -8590,2764 -8619,2751 -8657,2705 -8678,2624 -8752,2531 -8775,2491 -8795,2401 -8791,2330 -8758,2286 -8716,2285 -8678,2320 -8649,2350 -8574,2271 -8588,2246 -8619,2186 -8630,2134 -8685,2083 -8781,1995 -8814,1947 -8876,1854 -8931,1814 -8963,1798 -9034,1802 -9093,1818 -9184,1820 -9238,1827 -9287,1826 -9361,1841 -9430,1864 -9464,1846 -9475,1794 -9514,1749 -9582,1730 -9633,1702 -9668,1644 -9691,1567 -9676,1469 -9649,1460 -9644,1440 -9670,1415 -9717,1409 -9730,1441 -9725,1456 -9768,1516 -9835,1562 -9873,1583 -9968,1586 -9989,1605 -10003,1595 -10055,1628 -10064,1668 -10098,1549 -10156,1409 -10186,1322 -10220,1228 -10229,1183 -10262,1138 -10308,1078 -10419,903 -10490,787 -10530,732 -10561,697 -10546,658 -10579,608 -10590,573 -10624,543 -10650,500 -10661,460 -10767,482 -10780,519 -10978,606 -11045,616 -11065,651 -11050,689 -10859,1092 -10610,1643 -10408,1630 -10423,1654 -10310,1668 -10286,1808 -10174,1882 -10093,1882 -9972,1818 -9863,1824 -9689,1916 -9595,2052 -9566,2107 -9584,2143 -9649,2179 -9683,2182 -9714,2603 -9690,2626 -9682,2720 -9665,2836 -9639,2879 -9539,2923 -9484,2952 -9456,3017 -9458,3128 -9457,3160 -9401,3206 -9273,3290 -9201,3346 -9038,3406 -9004,3442 -9004,3486 -8946,3544 -8801,3604 -8751,3536 -8658,3571 -8577,3590 -8458,3647 -8442,3667 -8321,3668 -8194,3670 -8057,3710 -7999,3727 -7942,3819 -7853,4011 -7807,4108 -7751,4159 -7705,4170 -7556,4167 -7268,4173 -7195,4162 -7097,4185 -6939,4523 -6906,4612 -6842,4744 -6823,4764 -6763,4805 -6689,4794 -6652,4790 -6604,4806 -6377,4959 -6258,5053 -6048,5193 -5989,5261 -5913,5389 -5857,5516 -5822,5586 -5650,5678 -5537,5691 -5396,5733 -5354,5722 -5332,5742 -5257,5758 -5164,5790 -5145,5788 -5130,5803 -5036,5850 -4915,5921 -4813,5973 -4796,5988 -4781,5984 -4766,5954 -4752,5982 -4718,6024 -4694,6232 -4695,6277 -4732,6409 -4729,6471 -4659,6625 -4650,6677 -4649,6746 -4606,6799 -4532,6897 -4492,6942 -4497,6967 -4447,7035 -4407,7198 -4405,7243 -4460,7283 -4482,7362 -4454,7432 -4452,7454 -4495,7510 -4493,7537 -4516,7588 -4496,7759 -4483,7833 -4446,7964 -4426,8032 -4327,8229 -4317,8332 -4326,8379 -4314,8397 -4330,8438 -4372,8457 -4436,8581 -4465,8657 -4510,8728 -4554,8808 -4594,8973 -4606,9032 -4581,9042 -4554,9121 -4501,9187 -4456,9351 -4439,9366 -4416,9445 -4406,9512
Imchen	F:I -6654,4722 -6675,4649 -6727,4576 -6627,4552 -6569,4597 -6544,4661 -6547,4704 -6587,4695 -6608,4737
Kälberwerder	F:I -7202,3625 -7221,3583 -7358,3540 -7343,3583 -7279,3619
Scharfenberg	F:I -332,18742 -280,18704 -246,18628 -224,18515 -243,18505 -329,18500 -385,18470 -413,18442 -425,18390 -410,18284 -368,18159 -369,18127 -378,18090 -375,18048 -361,17992 -368,17937 -379,17890 -379,17796 -457,17790 -519,17793 -580,17807 -579,17856 -594,17868 -614,17860 -603,17818 -620,17806 -685,17784 -705,17787 -740,17828 -742,17884 -752,17906 -755,17938 -736,17968 -683,17979 -649,18025 -606,18151 -629,18227 -625,18272 -588,18337 -554,18468 -518,18501 -490,18558 -458,18574 -431,18580 -374,18645 -365,18702 -359,18729 -344,18739
Lindwerder|(Havel)	F:I -3822,6506 -3869,6524 -3998,6605 -4039,6649 -4032,6689 -3981,6709 -3909,6686 -3876,6616 -3799,6578 -3793,6543
Rummelsburger See	F:W 15354,9934 15306,10028 15303,10056 15332,10109 15293,10157 15235,10201 15121,10262 15064,10310 14956,10379 14876,10452 14892,10506 14907,10499 14919,10522 14909,10531 14910,10573 14937,10591 14969,10572 14994,10573 15095,10629 15168,10586 15292,10500 15439,10397 15443,10348 15512,10204 15524,10209 15602,10142 15640,10089 15653,10045 15728,10004 15736,9958 15808,9841 15829,9858 15911,9843 15995,9783 15991,9773 16082,9659 16162,9582 16206,9593 16283,9541 16312,9556 16317,9544 16303,9526 16310,9514 16332,9527 16348,9502 16338,9490 16016,9426 16001,9433 15977,9415 15974,9405 15776,9300 15808,9317 15801,9367 15827,9433 15801,9485 15766,9550 15754,9556 15746,9596 15683,9606 15606,9692 15636,9709 15566,9818 15481,9865
Dämeritzsee	F:W1 34118,2653 34050,2606 34056,2593 34021,2578 34012,2587 33959,2575 33903,2575 33887,2506 33900,2471 33871,2487 33709,2478 33671,2440 33646,2446 33581,2528 33565,2590 33534,2628 33475,2637 33362,2696 33265,2706 33156,2715 33140,2671 33118,2725 33084,2731 33021,2684 32878,2643 32778,2631 32637,2603 32534,2521 32437,2359 32443,2128 32445,2046 32446,2017 32444,1989 32478,1842 32546,1692 32628,1685 32687,1743 32740,1784 32784,1943 32821,1946 32862,1971 32850,2021 32893,1987 32953,1962 32953,1943 32862,1893 32825,1843 32846,1812 32915,1875 32946,1856 32946,1818 32906,1778 32909,1725 32981,1725 33053,1709 33121,1728 33159,1762 33231,1756 33284,1818 33300,1815 33412,2003 33462,2034 33471,2075 33515,2106 33543,2165 33584,2150 33634,2168 33590,2175 33578,2206 33603,2234 33609,2275 33703,2287 33678,2256 33721,2262 33740,2287 33768,2300 33793,2321 33825,2318 33868,2328 33884,2343 33921,2340 33968,2325 34003,2328 34050,2362 34100,2359 34121,2475 34125,2581 34150,2612
Seddinsee	F:W1 30833,-394 30866,-408 30879,-452 30931,-471 30975,-477 30980,-492 30973,-512 31016,-565 31081,-589 31126,-625 31219,-635 31253,-624 31286,-564 31223,-504 31230,-494 31250,-506 31315,-564 31318,-586 31352,-553 31370,-491 31385,-503 31364,-560 31305,-630 31290,-621 31261,-639 31271,-648 31277,-685 31289,-700 31316,-702 31332,-756 31362,-762 31365,-780 31323,-780 31201,-932 31150,-959 31082,-993 30977,-1008 30900,-1069 30783,-1195 30761,-1202 30765,-1163 30712,-1184 30700,-1219 30681,-1239 30679,-1256 30615,-1401 30621,-1408 30562,-1488 30515,-1506 30461,-1599 30353,-1715 30315,-1750 30152,-1878 30090,-1933 30105,-1900 30052,-1845 30025,-1813 30009,-1772 30007,-1804 29952,-1842 29950,-1872 29923,-1882 29917,-1937 29896,-1981 29875,-2041 29881,-2076 29869,-2096 29830,-2114 29807,-2161 29766,-2184 29656,-2209 29510,-2259 29491,-2291 29469,-2309 29441,-2364 29439,-2384 29417,-2389 29399,-2437 29353,-2492 29262,-2563 29146,-2632 29112,-2658 29102,-2747 28989,-2754 28884,-2766 28722,-2790 28688,-2768 28637,-2799 28585,-2798 28533,-2784 28468,-2830 28379,-2896 28271,-2985 28169,-3024 28100,-3016 28095,-3023 27949,-2970 27949,-2960 27931,-2943 27887,-2936 27859,-2764 27866,-2757 27865,-2732 27938,-2476 27984,-2396 28097,-2342 28128,-2327 28166,-2267 28168,-2249 28141,-2228 28127,-2152 28136,-2096 28165,-2038 28203,-2084 28283,-2198 28334,-2271 28442,-2319 28526,-2349 28566,-2351 28626,-2329 28701,-2300 28773,-2277 28799,-2260 28881,-2046 28909,-1990 28929,-1936 28983,-1935 28995,-1925 28989,-1908 28967,-1894 28950,-1892 28946,-1845 28981,-1864 29058,-1798 29136,-1774 29199,-1765 29253,-1752 29295,-1746 29249,-1683 29259,-1677 29229,-1574 29226,-1515 29288,-1423 29335,-1350 29429,-1304 29480,-1290 29514,-1245 29550,-1155 29588,-1086 29634,-1043 29662,-1033 29708,-1015 29776,-994 29877,-956 29997,-919 30006,-908 30080,-904 30104,-909 30180,-870 30196,-843 30181,-845 30221,-738 30275,-651 30340,-595 30400,-527 30460,-486 30506,-453 30535,-421 30550,-430 30579,-412 30606,-412 30652,-388 30686,-388 30728,-404 30807,-412 30821,-399
Seddinwall	F:I 29552,-1688 29415,-1605 29404,-1563 29446,-1521 29624,-1540 29571,-1616
Berg	F:I 30928,-890 30871,-833 30840,-658 30970,-617 31004,-769
Dommelwall	F:I 30778,-907 30705,-852 30679,-789 30736,-750 30835,-782 30818,-886
Nixenwall	F:I 30578,-1109 30470,-978 30523,-1010 30635,-922 30658,-932 30658,-997
Große Krampe	F:W 27367,-1660 27371,-1606 27385,-1566 27438,-1535 27508,-1571 27522,-1578 27600,-1559 27617,-1534 27600,-1532 27586,-1483 27595,-1433 27594,-1394 27572,-1370 27570,-1308 27577,-1268 27587,-1187 27607,-1102 27587,-1071 27586,-1014 27613,-937 27634,-885 27611,-848 27607,-779 27603,-710 27624,-670 27625,-609 27629,-554 27652,-485 27688,-435 27751,-399 27824,-387 27855,-354 27863,-295 27887,-262 27965,-226 28018,-181 28071,-160 28093,-130 28096,-80 28105,-43 28104,35 28133,134 28116,141 28120,159 28108,176 28105,304 28124,339 28113,353 28141,445 28199,493 28311,518 28352,541 28339,578 28333,627 28312,678 28305,750 28327,785 28358,803 28403,767 28482,630 28496,574 28476,500 28470,433 28437,378 28383,352 28350,368 28291,371 28297,259 28259,159 28246,137 28245,65 28238,24 28217,-6 28202,-95 28192,-193 28190,-261 28170,-303 28112,-324 28071,-350 28047,-365 28003,-383 27972,-470 27944,-503 27914,-560 27858,-639 27833,-671 27818,-678 27786,-741 27776,-857 27765,-936 27754,-993 27731,-1045 27720,-1077 27737,-1136 27760,-1217 27758,-1276 27754,-1319 27752,-1341 27754,-1369 27754,-1429 27756,-1654 27734,-1836 27708,-2024 27688,-2160 27372,-1959 27386,-1956 27397,-1904 27385,-1879 27398,-1822 27434,-1799 27437,-1792 27390,-1778 27369,-1737 27365,-1685
Langer See|(Dahme)	F:W1 27711,-2293 27719,-2307 27745,-2347 27832,-2384 27885,-2418 27915,-2455 27938,-2476 27865,-2732 27827,-2681 27821,-2713 27831,-2748 27859,-2764 27887,-2936 27843,-2962 27841,-2969 27834,-2977 27792,-3059 27760,-3085 27729,-3098 27712,-3118 27653,-3092 27679,-3062 27707,-3012 27697,-2973 27662,-2944 27641,-2905 27640,-2865 27607,-2817 27604,-2772 27572,-2778 27552,-2759 27564,-2746 27570,-2694 27611,-2575 27613,-2518 27604,-2476 27385,-2538 27343,-2539 27316,-2520 27285,-2567 27303,-2611 27316,-2631 27341,-2650 27341,-2660 27372,-2726 27309,-2762 27207,-2683 27163,-2701 27150,-2676 27236,-2581 27216,-2549 27240,-2531 27265,-2543 27293,-2501 27248,-2460 27210,-2404 27195,-2404 27195,-2384 27089,-2263 26944,-2114 26933,-2092 26866,-2034 26826,-1917 26809,-1794 26849,-1640 26908,-1527 26939,-1468 26941,-1448 26868,-1400 26808,-1332 26778,-1185 26776,-1131 26786,-1111 26755,-1042 26703,-1034 26654,-1030 26575,-1002 26532,-946 26523,-900 26560,-874 26519,-816 26509,-789 26474,-763 26290,-762 26243,-763 25997,-615 25987,-593 25860,-512 25786,-393 25765,-344 25771,-270 25797,-250 25799,-225 25759,-194 25687,-126 25643,-61 25631,-46 25601,95 25604,174 25621,291 25611,372 25559,390 25542,420 25528,493 25510,498 25445,479 25344,482 25264,443 25167,396 25008,373 24839,372 24782,383 24737,407 24702,453 24664,521 24622,540 24590,541 24475,625 24379,621 24202,661 24052,798 23968,824 23948,828 23874,836 23726,868 23640,878 23520,870 23410,856 23277,870 23163,924 23076,969 23214,1172 23284,1127 23287,1109 23338,1116 23351,1091 23427,1083 23479,1077 23527,1098 23651,1172 23779,1224 23877,1253 23940,1274 24029,1257 24078,1236 24224,1177 24244,1160 24358,1035 24388,996 24406,954 24435,967 24492,959 24761,846 24829,811 24875,809 24933,792 25003,785 25040,796 25163,793 25192,799 25329,812 25354,798 25383,821 25448,849 25565,862 25666,847 25743,824 25809,796 25845,765 25866,735 25897,673 25928,619 25963,576 26007,484 26026,414 25998,258 26032,208 26080,138 26111,82 26145,44 26178,49 26277,-81 26340,-169 26402,-214 26451,-193 26586,-314 26595,-387 26594,-456 26596,-525 26616,-500 26619,-437 26678,-383 26668,-354 26691,-354 26740,-465 26802,-535 26904,-618 26938,-683 26945,-756 27110,-792 27149,-814 27166,-885 27212,-1000 27216,-1054 27233,-1133 27298,-1191 27325,-1212 27358,-1364 27354,-1515 27336,-1575 27320,-1642 27308,-1728 27311,-1780 27322,-1824 27320,-1861 27332,-1918 27372,-1959 27688,-2160
Kleiner Rohrwall	F:I 26803,-916 26730,-922 26709,-886 26797,-854
Großer Rohrwall	F:I 26110,-415 26036,-373 26004,-280 26041,-274 26129,-385
Dahme	F:W1 23214,1172 23076,969 23007,1000 22880,1086 22842,1154 22858,1203 22852,1248 22831,1297 22809,1301 22786,1355 22773,1458 22772,1520 22746,1564 22742,1640 22757,1645 22756,1690 22740,1731 22679,1824 22636,1902 22614,2002 22590,2076 22574,2154 22550,2208 22557,2245 22566,2273 22548,2299 22543,2294 22495,2362 22497,2370 22464,2421 22382,2498 22304,2570 22236,2643 22226,2637 22197,2659 22150,2675 22093,2684 22064,2678 22058,2700 22102,2736 22144,2791 22144,2808 22127,2899 22123,2995 22096,2995 22105,3012 22040,3082 22006,3175 21997,3247 21986,3286 21989,3385 22028,3469 22100,3574 22133,3605 22159,3640 22160,3704 22150,3724 22090,3777 22063,3798 22054,3845 21978,3971 21900,4132 21874,4196 21866,4364 21862,4400 21839,4447 21849,4548 21881,4638 21883,4675 21927,4802 21940,4859 21935,4878 22151,4863 22086,4719 22047,4585 22029,4525 22018,4471 21994,4421 21981,4349 21972,4307 21976,4245 22031,4224 22065,4225 22205,4208 22232,4132 22239,4110 22233,4073 22241,4036 22258,4032 22274,4000 22329,3945 22424,3873 22428,3784 22430,3690 22421,3668 22421,3579 22368,3516 22304,3441 22257,3351 22241,3279 22252,3144 22277,3009 22301,3009 22312,2987 22290,2984 22312,2854 22351,2756 22418,2738 22514,2728 22581,2697 22656,2617 22684,2588 22723,2572 22744,2535 22786,2507 22827,2352 22778,2346 22786,2297 22825,2303 22836,2266 22855,2264 22854,2212 22824,2145 22824,2128 22852,2109 22890,2053 22935,2009 23020,1922 23054,1852 23071,1753 23068,1637 23057,1516 23050,1467 23027,1427 23007,1416 23014,1348 23054,1302 23089,1258 23134,1239 23161,1230 23179,1198 23192,1181
Frauentog	F:W 22065,4225 22092,4319 22123,4387 22136,4434 22109,4450 22111,4463 22163,4449 22173,4442 22163,4434 22229,4441 22249,4444 22250,4417 22205,4416 22253,4385 22229,4342 22227,4310 22216,4258 22205,4208
Kietzer Graben	F:W 22578,4651 22479,4584 22392,4511 22281,4449 22249,4444 22229,4441 22326,4497 22382,4530 22510,4625 22543,4652
Spree	F:W1 22538,4892 22545,4904 22530,5022 22496,5105 22471,5152 22349,5233 22267,5241 22172,5231 22136,5193 22148,5110 22161,5063 22189,5027 22162,5009 22134,5070 22071,5155 22063,5170 22094,5227 22137,5265 22210,5281 22291,5293 22349,5307 22504,5199 22576,5142 22599,5110 22641,5084 22637,5057 22586,5041 22576,4942 22580,4885 22593,4861 22640,4820 22672,4800 22711,4809 22779,4862 22894,4971 22905,5016 23011,5114 23086,5150 23221,5149 23420,5150 23466,5171 23481,5169 23473,5201 23484,5202 23512,5207 23522,5190 23588,5194 23684,5181 23792,5166 23836,5182 23974,5173 24067,5155 24189,5074 24271,5031 24411,5017 24417,5002 24511,4950 24561,4924 24602,4925 24672,4872 24752,4805 24795,4772 24821,4775 24907,4721 25049,4649 25098,4613 25224,4673 25316,4704 25446,4712 25564,4700 25646,4667 25646,4635 25664,4608 25692,4579 25602,4543 25577,4557 25473,4542 25447,4521 25330,4529 25260,4471 25187,4437 25129,4421 25053,4432 24972,4509 24915,4557 24858,4581 24719,4647 24572,4757 24510,4780 24472,4819 24440,4838 24402,4866 24281,4911 24207,4921 24096,4978 23991,5045 23886,5047 23775,5047 23625,5097 23468,5084 23219,5028 23073,5000 22974,4914 22917,4838 22892,4764 22839,4711 22788,4695 22808,4653 22853,4615 22846,4600 22791,4638 22763,4694 22710,4671 22693,4636 22751,4595 22833,4523 22911,4431 22897,4419 22819,4516 22721,4587 22681,4621 22632,4623 22578,4651 22543,4652 22522,4711 22499,4777 22499,4864
Spree	F:W1 22189,5027 22162,5009 22117,4978 22163,4873 22182,4889 22189,5027
Katzengraben	F:W1 22499,4864 22425,4901 22326,4926 22182,4889 22189,5027 22439,4936 22538,4892
Spree	F:W1 32445,2046 32446,2017 32378,2011 32293,2014 32224,2032 32160,2058 32100,2093 32059,2128 31886,2327 31776,2497 31700,2568 31636,2589 31586,2597 31492,2585 31285,2566 31260,2570 31175,2592 31169,2581 31156,2589 31077,2620 30995,2634 30908,2638 30892,2619 30879,2625 30878,2638 30811,2672 30703,2778 30668,2814 30670,2783 30652,2745 30695,2699 30694,2700 30687,2687 30664,2696 30639,2728 30642,2758 30655,2785 30653,2824 30623,2873 30582,2910 30520,2951 30415,2986 30272,3010 30201,3024 30207,3010 30193,3011 30178,3028 30092,3032 30039,3027 29939,2982 29895,2981 29813,2939 29690,2934 29619,2930 29577,2946 29535,2958 29520,2966 29564,3005 29635,2985 29675,2973 29787,2976 29805,2990 29826,3004 29914,3005 29984,3053 30056,3133 30101,3128 30110,3141 30100,3168 30117,3169 30159,3117 30184,3100 30205,3122 30243,3148 30311,3209 30321,3200 30247,3132 30212,3115 30195,3092 30363,3028 30444,3015 30444,3026 30460,3034 30510,3043 30546,3022 30535,3010 30506,3021 30499,3030 30467,3017 30478,3003 30563,2968 30571,2985 30588,2973 30581,2951 30600,2962 30616,2945 30609,2931 30681,2857 30776,2748 30855,2693 30929,2668 31050,2662 31117,2640 31261,2607 31375,2604 31482,2621 31402,2823 31432,2799 31456,2740 31510,2635 31546,2625 31639,2640 31683,2625 31727,2588 31810,2510 31916,2335 31967,2263 32043,2182 32101,2125 32157,2089 32234,2053 32292,2040 32391,2037
Schilfwall	F:I 30019,3061 30179,3061 30182,3078 30150,3103 30121,3121 30076,3117 30047,3109 30016,3075
Gosener Kanal	F:W 32573,1733 32628,1685 32567,1659 32468,1600 32300,1537 32128,1464 32004,1382 31800,1220 31675,1089 31532,886 31340,514 31058,-41 30865,-401 30866,-408 30833,-394 30845,-379 31066,49 31502,917 31616,1078 31760,1234 31938,1376 32073,1470 32258,1558 32394,1604 32458,1621 32466,1624 32470,1636 32506,1657 32532,1659 32546,1692 32573,1733
Insel der Jugend	F:I 15698,9076 15666,9078 15584,9118 15548,9181 15574,9216 15639,9230 15727,9188 15755,9178 15758,9124 15744,9102
Liebesinsel	F:I 15886,9524 15823,9498 15817,9523 15839,9553 15863,9556 15886,9539
Spree	F:W1 22117,4978 22163,4873 22151,4863 21935,4878 21865,4921 21783,4964 21703,5058 21570,5302 21526,5399 21453,5464 21347,5492 21247,5460 21090,5461 21007,5435 20907,5437 20788,5460 20678,5460 20545,5508 20460,5543 20327,5590 20213,5642 20043,5677 19851,5703 19667,5696 19621,5693 19506,5572 19373,5477 19327,5452 19239,5420 19110,5373 19005,5358 18907,5373 18697,5458 18605,5500 18520,5575 18473,5645 18439,5720 18433,5824 18353,5897 18276,5933 18192,5940 18101,5957 17970,6028 17770,6182 17583,6296 17412,6379 17287,6487 17205,6556 17078,6825 16974,7089 16946,7160 16895,7230 16830,7271 16742,7355 16688,7468 16657,7566 16639,7686 16631,7817 16695,8124 16709,8176 16686,8362 16662,8560 16595,8743 16560,8851 16469,9022 16360,9165 16291,9185 16219,9204 16085,9191 15966,9131 15891,9068 15814,9017 15782,9014 15738,9012 15657,9021 15666,9078 15698,9076 15758,9124 15755,9178 15727,9188 15776,9300 15808,9317 15827,9433 15974,9405 15985,9393 16014,9399 16021,9414 16016,9426 16338,9490 16582,9239 16578,9204 16676,9063 16686,9064 17037,9293 17049,9276 17043,9244 16690,9007 16681,8989 16751,8791 16786,8572 16774,8547 16870,8411 16904,8328 16894,8321 16869,8140 16784,7901 16758,7844 16778,7714 16890,7428 16911,7381 16979,7311 17067,7200 17129,7075 17211,6803 17284,6645 17397,6524 17524,6435 17749,6339 17950,6230 18108,6100 18234,6051 18339,6069 18549,5924 18596,5853 18627,5737 18797,5566 18874,5528 18950,5520 19038,5527 19178,5540 19180,5530 19272,5591 19397,5697 19537,5797 19571,5815 19689,5827 19811,5845 19926,5847 20007,5849 20147,5820 20242,5778 20343,5763 20528,5673 20724,5613 20878,5607 20997,5585 21141,5603 21250,5655 21323,5671 21424,5649 21475,5620 21509,5604 21553,5583 21622,5468 21680,5391 21740,5234 21806,5152 21893,5104 21940,5095 21999,5067 22062,5004 22117,4978
Spree	F:W1 15776,9300 15755,9178 15727,9188 15639,9230 15574,9216 15548,9181 15584,9118 15666,9078 15657,9021 15608,9048 15532,9110 15515,9160 15436,9327 15324,9452 15219,9537 15151,9580 14917,9646 14770,9719 14634,9783 14524,9846 14471,9925 14514,9996 14431,10061 14407,10056 14367,10075 14276,10110 14204,10155 14063,10202 13900,10252 13846,10268 13794,10267 13776,10291 13728,10354 13688,10398 13648,10414 13624,10404 13609,10413 13585,10401 13576,10406 13565,10420 13554,10452 13512,10480 13343,10570 13266,10625 12937,10870 12795,10945 12680,11022 12595,11111 12533,11162 12420,11250 12233,11397 12128,11483 12013,11569 11890,11678 11700,11841 11648,11872 11554,11914 11553,11934 11375,12029 11268,12093 11142,12108 11067,12071 10939,11997 10866,11963 10846,11980 10831,11992 10843,12024 10822,12051 10736,12064 10684,12097 10581,12107 10558,12119 10580,12139 10755,12109 10902,12095 10938,12125 11149,12157 11300,12165 11457,12058 11684,11927 11823,11846 12138,11575 12310,11455 12452,11360 12667,11179 12788,11068 13168,10851 13307,10777 13525,10673 13931,10480 14189,10352 14460,10210 14456,10168 14481,10142 14549,10055 14741,9955 15021,9789 15074,9763 15274,9701 15386,9675 15472,9603 15500,9555 15613,9422 15651,9378 15724,9323
Groß-Glienicker See	F:W -9197,5759 -9178,5695 -9314,5548 -9489,5579 -9490,5580 -9720,5429 -9757,5478 -9614,5726 -9594,5833 -9640,6148 -9534,6374 -9529,6459 -9480,6514 -9473,6568 -9388,6676 -9391,6743 -9435,6769 -9425,6837 -9151,7007 -9120,7062 -9140,7162 -9067,7230 -8973,7211 -8905,7108 -8907,7108 -8947,7002 -9037,6915 -9024,6848 -9072,6791 -9022,6698 -9060,6456 -9177,6483 -9232,6450 -9297,6304 -9137,6163 -9177,5798
Der Weiße See	F:W 14228,16695 14296,16734 14357,16738 14438,16739 14493,16701 14516,16652 14510,16610 14485,16612 14472,16570 14451,16513 14486,16494 14486,16479 14439,16404 14400,16393 14261,16457 14226,16481 14200,16532 14209,16567 14199,16591 14217,16656 14224,16685
Orankesee	F:W 15587,16055 15506,16060 15489,16057 15495,16001 15566,15886 15610,15895 15655,15955 15679,15985 15704,15993 15717,15959 15758,15957 15773,15985 15761,16061 15736,16073 15738,16105 15691,16123 15662,16098 15614,16065
Tegeler Fließ	W 1700,20676 1633,20621 1579,20545 1188,20330 1165,20316
Tegeler Fließ	W 1756,20702 1787,20716 1838,20865 1842,20892 1874,20910 1890,20967 1916,20975 1951,21087 1903,21222 2098,21305 2145,21291 2172,21297 2178,21316 2131,21352 2138,21362 2183,21351 2212,21364 2216,21401 2254,21456 2341,21517 2387,21523 2443,21549 2420,21601 2432,21608 2466,21602 2556,21655 2603,21726 2600,21740 2536,21746 2524,21761 2536,21776 2570,21782 2554,21835 2586,21844 2618,21837 2633,21822 2674,21848 2676,21873 2646,21879 2648,21907 2684,21927 2683,21986 2710,21984 2711,21955 2727,21982 2784,21969 2793,21994 2788,22016 2818,22004 2827,22019 2809,22063 2826,22076 2841,22042 2863,22042 2924,22076 2936,22098 2993,22141 3023,22125 3088,22157 3149,22187 3206,22158 3253,22145 3266,22125 3272,22098 3289,22091 3287,22064 3302,22040 3332,22038 3337,22008 3345,21984 3358,21984 3362,22019 3389,22002 3441,22072 3475,22110 3499,22120 3499,22138 3459,22174 3468,22199 3508,22167 3535,22166 3522,22195 3526,22220 3585,22246 3583,22310 3622,22311 3656,22356 3688,22320 3695,22347 3717,22332 3734,22353 3751,22360 3778,22349 3829,22370 3850,22419 3850,22451 3902,22544 3930,22577 3964,22602 3990,22637 4084,22698 4152,22729 4190,22792 4232,22884 4313,22898 4357,22875 4358,22865 4380,22870 4419,22859 4453,22877 4549,22903 4620,22920 4729,22917 4797,22949
Tegeler Fließ	W 5150,23492 5129,23553 5137,23647 5170,23685 5260,23719 5378,23822 5411,23890 5434,23942 5507,23981 5563,24007 5585,24002 5601,24035 5658,24038 5694,24061 5711,24057 5740,24097 5765,24075 5796,24105 5843,24079 5914,24108 5999,24110 6132,24123 6144,24101 6166,24104 6199,24085 6189,24060 6195,24045 6219,24056 6288,24028 6318,24001 6336,23994 6355,24017 6389,24000 6421,24021 6422,23994 6446,23999 6473,24007 6479,24037 6507,24028 6545,24058 6555,24043 6572,24068 6599,24062 6613,24094 6647,24105 6663,24070 6679,24115 6818,24158 6961,24102 7039,24126 7061,24114 7075,24151 7110,24127 7146,24192 7199,24191 7339,24284 7413,24309 7437,24290 7440,24307 7476,24311 7465,24326 7527,24347 7556,24352 7580,24370 7622,24358 7614,24425 7666,24465 7720,24445 7781,24486 7826,24578 7868,24616 8059,24669 8092,24677 8208,24811 8251,24832 8266,24875 8148,25059 8176,25080 8196,25054 8228,25070 8292,25191 8336,25237 8328,25280 8366,25354 8525,25489 8557,25511 8586,25592 8631,25621 8685,25638 8805,25621 8919,25668 9018,25714 9119,25843 9124,25906 9162,26008 9166,26127 9151,26197 9160,26255 9195,26325 9284,26467 9353,26621 9427,26732 9476,26859 9480,26896 9502,26877 9541,26863 9589,26858 9666,26927 9719,26950 9774,26956 9863,27019 9929,27084
Nordgraben	W 1762,20505 1815,20566 1921,20655 1964,20707 2501,20825 2541,20842 3017,20940 3059,20938 3102,20914 3165,20866 3208,20851 3251,20840 3321,20803 3440,20738 3535,20656 3609,20569 3773,20455 3918,20361 4118,20277 4276,20214 4476,20156 4692,20149 4881,20141 5190,20133 5396,20132 5604,20162 5836,20216 6069,20308 6254,20393 6451,20467 6655,20526 6893,20546 7189,20579 7292,20591 7547,20688 7671,20733 7942,20798 8127,20844 8180,20868 8401,20976 8532,21053 8616,21127 8838,21277 9025,21395 9186,21497 9423,21650 9559,21710 9732,21785 9897,21843 10131,21898 10232,21905 10463,21851 10833,21761 10910,21740 11021,21684 11093,21632 11167,21544 11278,21376 11384,21285 11689,21119 11927,21013 12054,20939 12164,20858 12306,20735 12366,20687 12406,20676
Panke	W 7758,14429 7748,14482 7869,14519 8133,14769 8235,14843 8238,15022 8252,15146 8279,15303 8312,15402 8334,15430 8341,15469 8323,15498 8177,15613 8138,15702 8150,15850 8260,16058 8314,16168 8584,16429 8603,16477 8650,16518 8699,16583 8758,16717 8821,16878 8881,17056 9003,17285 9035,17389 9074,17508 9090,17563 9096,17622 9152,17828 9165,17910 9323,18093 9469,18269 9852,18325 9963,18418 10081,18523 10307,18712 10428,18807 10495,18855 10524,18892 10538,18927 10536,18981 10576,19091 10658,19152 10636,19230 10650,19265 10925,19375 10970,19334 11016,19332 11060,19358 11089,19356 11133,19367 11365,19427 11569,19522 11610,19565 11690,19579 11789,19633 11829,19624 11877,19648 11911,19685 11993,19749 12045,20021 12115,20311 12177,20362 12202,20370 12217,20375 12270,20483 12320,20549 12367,20640 12406,20676 12464,20704 12554,20748 12643,20797 12776,20884 12885,21069 12901,21123 12938,21210
Panke	W 13282,22597 13337,22729 13413,22950 13540,23094 13629,23172 13801,23358 13921,23470 14088,23584 14232,23706 14366,23855 14466,23990 14576,24138 14674,24229 14848,24356 15016,24448 15271,24560 15387,24573 15456,24574 15509,24598 15582,24656 15715,24817 15865,25030 15955,25160 15993,25207 16145,25439 16226,25529 16235,25596 16285,25664 16312,25738 16349,25842 16384,25942 16389,25971 16462,26025 16560,26069 16584,26070 16642,26108 16724,26181 16909,26329 16941,26339 16994,26392 17120,26471 17289,26576 17482,26699 17577,26745 17655,26772 17742,26796 17822,26862 17955,26929 18134,26910 18315,27044 18427,27128 18519,27199 18636,27276 18722,27472 18810,27727 18790,28001 18705,28064 18664,28359 18932,29072 19567,28991 20021,28825 20256,28635 20453,28578 20662,28718 20765,28909 20831,29031 21628,29593 21909,29731 22437,29806 22628,29721 23013,29901 23150,30153
Plötzensee|(Berlin-Wedding)	F:W 5457,15020 5326,15163 5278,15238 5265,15238 5114,15410 5103,15481 5102,15520 5089,15560 5078,15589 5123,15570 5186,15505 5193,15490 5299,15377 5368,15344 5376,15329 5401,15315 5414,15278 5437,15257 5454,15250 5467,15198 5508,15147 5521,15108 5551,15084 5554,15064 5569,15037 5575,15018 5516,15019 5469,15018
Westhafen	F:W1 5087,14551 5101,14524 5100,14519 5130,14524 5154,14483 5642,14383 5725,14389 5731,14411 5317,14503 5340,14600 5989,14458 5997,14511 5401,14635 5395,14651 5606,14840 5704,14852 5737,14856 5749,14891 5613,14952 5547,14958 5402,14955 5285,14937 5191,14940 5164,14957 5138,14938 5118,14921 5146,14873 5138,14794 5181,14743 5254,14774 5285,14723 5333,14744 5298,14797 5287,14826 5269,14851 5271,14885 5376,14900 5513,14910 5560,14911 5575,14902 5571,14886 5470,14817 5355,14707 5333,14744 5285,14723 5302,14694 5303,14680 5252,14628 5134,14567
Wuhle	W 21475,5620 21592,5714 21768,5841 21887,5881 22083,5893 22127,5906 22153,5936 22241,6200 22247,6247 22222,6278 22156,6351 22103,6431 21977,6806 21946,6869 21903,6922 21590,7199 21560,7228 21549,7267 21557,7337 21599,7518 21582,7626 21564,7698 21558,7754 21599,7858 21615,7927 21590,8043 21560,8099 21437,8205 21364,8282 21303,8360 21289,8453 21245,8676 21302,8964 21345,9014 21443,9221 21466,9313 21495,9506 21517,9539 21571,9636 21601,9738 21650,9830 21660,9936 21661,10003 21617,10096 21600,10201 21592,10289 21619,10388 21646,10449 21706,10533 21797,10603 21849,10673 21899,10734 21962,10757 22061,10769 22143,10786 22215,10854 22241,10993 22268,11107 22279,11191 22289,11305 22282,11342 22106,11572 22075,11621 22033,11649 21951,11773 21902,11905 21920,12015 21982,12192 21984,12294 22023,12367 22117,12710 22201,13028 22161,13325 22171,13416 22194,13481 22274,13535 22399,13673 22490,13801 22623,13935 22723,14044 22819,14136 22807,14328 22827,14486 22778,14645 22685,14830 22560,15027 22434,15091 22394,15141 22372,15250 22365,15423 22398,15511 22487,15607 22528,15761 22654,16078 22697,16141 22714,16181 22727,16228 22727,16270 22710,16339 22730,16480 22772,16590 22759,16778 22751,16885 22693,17060 22563,17310 22541,17443 22493,17691 22500,17807 22476,17895 22439,18027 22445,18012 22443,18259 22411,18399 22335,18604 22146,19085 22036,19355 21739,19691 21654,20157 21594,21025 21574,21300 21574,21448
Spree	W1 10938,12125 10577,12159 10393,12371 10261,12569 10136,12758 10031,12854 9882,12906 9615,12952 9533,12945 9321,12928 9241,12877 9112,12736 8913,12623 8750,12582 8606,12606 8558,12635 8530,12674 8479,12835 8440,12896 8392,12950 8316,12983 8235,12998 8169,12998 8053,12960 7941,12792 7777,12642 7554,12548 7334,12388 7230,12349 7141,12344 7026,12374 6804,12561 6636,12774 6464,12906 6285,12946 6152,12933 6048,12878 5989,12774 5941,12633 5790,12413 5673,12290 5588,12270 5458,12307 5383,12359 5334,12446 5329,12601 5340,12677 5338,12768 5311,12856 5272,12929 5132,13047 4946,13122 4718,13102 4605,13008 4572,12842 4553,12713 4491,12623 4484,12618 4477,12613 4342,12600 4127,12663 3765,12644 3656,12700 3510,12763 3354,12771 3165,12821 3096,13024 3011,13538 2894,13743 2754,13752 2507,13694 2271,13590 2003,13683 1846,13651 1666,13572 1511,13542 1145,13563 843,13516 481,13369 -3,13343 -442,13559 -846,13846 -1057,13948 -1441,14095 -1571,14125 -1706,14150 -2191,14237 -2664,14339 -2913,14312
Hafen Tempelhof	F:W 9307,5369 9295,5391 9246,5385 9220,5454 9370,5514 9398,5463 9348,5412 9354,5390
Hafen Mariendorf	F:W 7908,4378 7951,4195 7892,4198 7864,4338
Hafen Steglitz	F:W 5204,4000 5268,3967 5331,3988 5389,4029 5393,4076 5370,4103 5308,4047 5286,4064
Hafen Lichterfelde	F:W 4040,2117 4132,2149 4263,2428 4220,2523
Zehlendorfer Stichkanal	F:W 2131,-108 2123,53 2114,149 2176,295 2358,506 2468,627 2651,739 2563,838 2470,748 2466,693 2221,456 2079,241 2084,41 2098,-131
Teltowkanal	W1 22059,2696 21209,2528 20512,2335 20242,2306 19857,2332 19577,2355 19291,2370 18986,2391 18462,2432 18050,2479 17635,2654 17393,2838 16305,3643 15796,4032 14700,4883 14521,5096 14229,5726 14120,5898 13958,6008 13756,6048 13516,6028 13069,5929 12700,5872 12444,5792 12130,5686 11925,5645 11581,5684 11193,5816 10934,5864 10628,5855 10117,5701 9514,5458 8887,5183 8614,5036 8349,4810 7994,4460 7908,4378 7864,4338 7701,4182 7525,4045 7295,4017 6920,4132 6446,4253 5942,4296 5783,4302 5500,4212 5332,4100 5211,4018 5090,3828 4871,3423 4729,3203 4533,2972 4278,2667 4112,2281 3886,1793 3699,1362 3580,1206 3295,998 3004,750 2131,-108 2098,-131 1918,-252 1687,-329 1465,-338 1184,-347 880,-185 568,-180 249,-265 -77,-512 -418,-720 -966,-951 -1444,-1065
Teltowkanal	W1 -2012,-1229 -2948,-1462 -3376,-1357 -3997,-1084 -4296,-1008 -4483,-971 -4859,-1054 -5253,-1226 -5546,-1268 -5765,-1303 -6081,-1346 -6284,-1337 -6618,-1253 -6800,-1212 -7033,-1078 -7339,-890
Teltowkanal	F:W1 -9776,-179 -9860,-127 -9966,-107 -10031,-79 -10034,-59 -9962,-89 -9858,-107 -9757,-134
Flutgraben	W 13776,10291 13688,10282 13594,10226 13484,10102 13392,9960 13241,9949
Landwehrkanal	W1 13576,10406 13339,10097 13241,9949 13163,9858 12973,9615 12891,9537 12838,9493 12750,9496 12626,9550 12088,9807 11584,10045 11493,10058 11398,10046 11319,9997 11248,9970 11184,9967 11056,9967 10999,9967
Urbanhafen	F:W1 11056,9967 10928,9946 10528,10068 10499,10100 10542,10105 11056,9967
Landwehrkanal	W1 10525,10089 10499,10100 10307,10118 10170,10140 9974,10209 9841,10243 9707,10218 9604,10206 9523,10202 9405,10226 9261,10277 9138,10324 9059,10344 8944,10329 8858,10332 8769,10358 8685,10400 8616,10512 8577,10600 8509,10687 8419,10759 8368,10820 8307,10927 8153,11037 8002,11098 7864,11102 7703,11081 7642,11058 7595,11057 7477,11076 7306,11149 7232,11167 7147,11126 6914,11039 6765,11125 6543,11263 6377,11355 6198,11443 6000,11544 5811,11649 5633,11716 5507,11760 5469,11794 5413,11886 5360,11944 5273,12015 5223,12092 5139,12181 5047,12256 4837,12364 4586,12549 4484,12618
Landwehrkanal	W1 6000,11544 5864,11706 5742,11780 5587,11809 5469,11794
Charlottenburger Verbindungskanal	W1 4491,12623 4456,12793 4206,13826 4096,14288
Hohenzollernkanal	W1 -1485,17016 -890,16559 -248,16050 19,15876 213,15792 717,15741 908,15750 1209,15762 1813,15741 2902,15740 3405,15729 4456,15681 4793,15301 5020,15015 5138,14938
Westhafenkanal	W1 5101,14524 4881,14470 4096,14288 3354,14090 2856,13939 2731,13889 2003,13683
Schleusenkanal	W1 2507,13694 2599,13776 2731,13889 2833,13863 2918,13799 3011,13538
Alter Berlin-Spandauer Schiffahrtskanal	W1 908,15750 184,15631 -184,15578 -734,15497 -863,15484 -967,15529 -1021,15619 -1036,15727 -987,15955 -905,16344 -903,16568
Berlin-Spandauer Schiffahrtskanal	W1 5737,14856 5879,14795 6204,14724 6485,14676 6595,14678 6946,14787 7079,14750 7374,14634 7452,14588
Berlin-Spandauer Schiffahrtskanal	W1 7758,14429 7845,14316 8008,14041 8149,13770 8291,13556 8328,13458 8292,13390
Nordhafen	F:W1 7758,14429 7652,14408 7616,14453 7561,14463 7480,14514 7452,14588 7510,14627 7725,14519 7748,14482
Humboldthafen	F:W1 8235,12998 8235,13192 8285,13246 8292,13390 8128,13384 8123,13232 8168,13185 8169,12998
Neuköllner Schiffahrtskanal	W1 12838,9493 12874,9329 12909,9194 12943,9091 13036,9002 13301,8786 13573,8560 13841,8342 14046,8164 14148,8070 14172,7991 14145,7692 14112,7405 14091,7247 14004,7085 13900,6821 13841,6716 13812,6599 13817,6479 13897,6320 13984,6198 14036,6075 14057,6031
Teltowkanal	F:W 14057,6031 13756,6048 13958,6008 14120,5898
Oberhafen	W1 13841,6716 13765,7021
Hafen Britz-Ost	F:W 14036,6075 13868,6079 13843,6134 13984,6198
Britzer Verbindungskanal	W1 13756,6048 14057,6031 14583,6020 15337,5985 15719,5976 16065,6080 16271,6213 16469,6444 16650,6778 16834,7113 16895,7230
#: alias: südlicher Abschnitt auch "Schleusengraben", nördlicher Abschnitt auch "Kupfergraben"
Spreekanal	W1 10846,11980 10740,11894 10551,11789 10463,11764 10360,11772 10274,11911 10123,12179 9990,12509 9936,12616 9816,12715 9687,12880 9637,12925 9533,12945
Alter Spreearm	F:W 32160,2058 32100,2093 32126,2046 32125,1847 32159,1795 32207,1771 32266,1749 32305,1717 32344,1648 32392,1613 32394,1604 32458,1621 32466,1624 32458,1621 32447,1640 32421,1643 32389,1657 32364,1689 32344,1728 32291,1767 32237,1785 32181,1815 32155,1879
Malchower See	F:W 16091,18809 16102,18738 16073,18700 15998,18688 15946,18687 15890,18693 15794,18674 15794,18679 15872,18713 15852,18818 15901,18948 15954,18996 16015,18997 16094,18979 16116,18861 16095,18816
Der Obersee	F:W 16257,15909 16257,15944 16234,15953 16222,15948 16034,15931 15977,15940 15959,15962 15932,15971 15920,15958 15905,15965 15900,15997 15962,16053 16048,16060 16085,16051 16122,16034 16285,16003 16302,15979 16289,15937
Der Faule See	F:W 16331,16777 16336,16755 16353,16750 16362,16711 16360,16688 16340,16683 16318,16700 16306,16687 16300,16640 16310,16599 16306,16574 16348,16570 16360,16575 16377,16566 16389,16571 16395,16558 16407,16566 16406,16613 16414,16670 16426,16680 16430,16722 16418,16737 16393,16729 16362,16792
Baggersee Biesdorf	F:W 20382,10892 20368,10872 20227,10815 20158,10818 20140,10833 20133,10854 20167,11004 20202,11107 20212,11177 20216,11226 20232,11237 20228,11260 20241,11265 20251,11244 20330,11232 20354,11165 20338,11015
Springpfuhl	F:W 19663,13923 19621,13919 19585,13886 19556,13891 19533,13907 19509,13892 19507,13867 19535,13853 19564,13866 19616,13840 19658,13819 19670,13807 19685,13807 19698,13869 19668,13915 19677,13940 19691,13985 19676,14002 19657,13989 19655,13967 19667,13945
Badesee Arkenberge	F:W 11032,25621 11025,25596 10804,25490 10701,25416 10671,25428 10474,25682 10410,25671 10397,25717 10427,25785 10546,25958 10575,25975 10595,25964 10634,25883 10755,25817
Grimnitzsee	F:W -3581,11717 -3459,11662 -3376,11811 -3371,11866 -3348,11938 -3326,11952 -3320,11961 -3307,11992 -3335,12073 -3415,12081 -3452,11968
Südhafen	F:W -3032,12449 -3057,12288 -3025,12359 -2931,12472 -2850,12574 -2815,12669 -2808,12776 -2826,12864 -2903,12975 -2980,13038 -2966,12960 -2900,12881 -2865,12800 -2858,12718 -2873,12640 -2913,12570 -3019,12448
Ruhlebener Altarm	F:W -1575,14054 -1548,14013 -1889,13985 -2185,14007 -2329,14038 -2364,14073 -2510,14131 -2870,14246 -2909,14240 -2913,14312 -2664,14339 -2191,14237 -2371,14260 -2620,14263 -2598,14229 -2481,14187 -2382,14171 -2348,14111 -2147,14057 -1950,14040 -1812,14039 -1594,14059
#: alias: Alte Spree
Unterspree	F:W -1057,13948 -1023,14174 -795,14276 -659,14366 -565,14346 -586,14390 -688,14404 -786,14328 -1441,14095
Barssee	F:W -2335,7661 -2360,7663 -2361,7720 -2352,7759 -2332,7755 -2334,7715
Pechsee	F:W -2543,8170 -2568,8174 -2581,8208 -2567,8255 -2521,8279 -2484,8282 -2466,8253 -2480,8208 -2511,8185 -2533,8172
Karpfenteich	F:W 15098,8710 15080,8710 15021,8740 14974,8744 14981,8769 14982,8813 14933,8817 14933,8832 14905,8856 14885,8903 14879,8925 14899,8930 14953,8912 14959,8887 15030,8886 15072,8845 15114,8841 15133,8876 15165,8896 15182,8877 15204,8870 15195,8858 15173,8852 15171,8837 15183,8823 15208,8833 15228,8814 15221,8782 15183,8751 15180,8739 15170,8744 15156,8733 15156,8721 15142,8713 15126,8735 15100,8735
Fennsee	F:W 4695,8528 4661,8527 4585,8516 4480,8516 4414,8512 4360,8508 4337,8525 4293,8524 4271,8516 4247,8523 4193,8512 4144,8523 4056,8511 4041,8516 4038,8538 4074,8549 4138,8545 4231,8562 4268,8558 4303,8537 4345,8533 4371,8545 4437,8559 4457,8547 4491,8563 4528,8559 4560,8564 4587,8560 4687,8572 4702,8563
Ziegeleisee	F:W 5642,23421 5466,23328 5449,23308 5373,23282 5318,23333 5297,23401 5297,23423 5352,23481 5398,23485 5459,23513 5521,23480 5632,23460
Hermsdorfer See	F:W 5172,23495 5195,23485 5207,23463 5205,23412 5224,23259 5224,23158 5160,23073 5227,23025 5201,23004 5145,23070 5104,23044 5084,23061 4910,22958 4805,22931 4797,22949 4797,22963 4848,22997 4918,23013 4976,23051 5096,23175 5105,23232 5147,23302 5124,23341 5168,23364 5169,23423 5151,23447 5150,23492
Zeuthener See	F:W1 27266,-2962 27267,-3032 27460,-3245 27524,-3287 27653,-3092 27712,-3118 27567,-3389 27439,-3528 27437,-3883 27510,-4047 27469,-4192 27280,-4402 27134,-4654 27111,-4771 27033,-4861 26992,-5073 27035,-5274 27116,-5834 27071,-5991 26884,-6005 26794,-6064 26668,-6342 26499,-6430 26415,-6129 26396,-5660 26355,-5208 26375,-4844 26460,-4502 26609,-4373 26797,-4162 26987,-4034 27097,-3565 27118,-3309 27118,-3096 27096,-2904 27124,-2831
Krossinsee	F:W 30625,-3518 30509,-3665 30421,-4025 30243,-4081 30213,-4186 30425,-4166 30537,-4251 30431,-4422 30085,-4443 29896,-4356 29684,-4440 29557,-4460 29411,-4352 29261,-4523 29259,-4781 29110,-4995 28856,-5229 28790,-5422 28685,-5379 28645,-5143 28624,-5078 28605,-4949 28542,-4776 28608,-4433 28821,-4177 29020,-3902 29297,-3753 29489,-3624 29705,-3717 30006,-3927 30384,-3896 30407,-3686 30556,-3462
Großer Zug	F:W 28605,-4949 28645,-5143 28476,-5141 28412,-5334 28304,-5527 28288,-5874 28051,-6185 27991,-6376 28178,-6402 28293,-6586 27953,-6910 27830,-7142 27929,-7327 27759,-7390 27583,-7351 27520,-7242 27458,-7292 27244,-7335 27362,-7052 27521,-6875 27676,-6567 27745,-6378 27906,-6160 27982,-5716 28109,-5632 28126,-5556 28298,-5439 28349,-5248 28523,-4990
Dahme	F:W1 27244,-7335 27362,-7052 27215,-7021 27195,-6968 27071,-6432 27122,-6333 27062,-6250 26887,-6450 26750,-6520 26668,-6342 26499,-6430 26520,-6709 26669,-6860 26732,-7097 26838,-7463 26880,-7764 26966,-8058 27010,-8510 26947,-8791 26968,-8973 27139,-9188 27179,-9325 27074,-9623 26990,-9879 27118,-10093 27204,-10179 27416,-9923 27308,-9645 27329,-9325 27481,-9029 27585,-8598 27670,-8361 27478,-8360 27351,-8339 27181,-8554 27309,-8770 27310,-8942 27160,-8975 27096,-8813 27117,-8619 27137,-8381 27094,-8101 27221,-7907 27306,-7692 27244,-7593 27073,-7421 26945,-7312 26818,-7140 26860,-7055 27031,-7162 27244,-7335
Fennpfuhl	F:W 15142,13973 15154,13948 15179,13936 15180,13897 15196,13833 15175,13778 15110,13755 15074,13710 15088,13658 15129,13664 15165,13707 15181,13749 15244,13765 15260,13820 15255,13849 15200,13900 15194,13919 15215,13967 15202,13994 15169,13973
Wuhlebecken	F:W 21302,8964 21288,8939 21210,8885 21189,8764 21199,8722 21188,8594 21211,8461 21278,8394 21303,8360 21290,8636 21322,8723 21326,8871
Butzer See	F:W 23328,10787 23247,10662 23128,10517 23063,10552 23020,10613 23114,10921 23160,10932 23299,10881
Habermannsee	F:W 23427,10094 23424,10025 23515,10002 23550,9981 23493,9676 23245,9678 23246,9769 23175,9753 23127,9796 23109,9855 23233,10085 23547,10225 23557,10183 23427,10094
(Insel im Habermannsee)	F:I 23366,9950 23356,9878 23276,9832 23274,9916
Elsensee	F:W 23840,10890 23723,10444 23752,10373 23794,10349 23841,10444 23934,10658 23983,10864
Jungfernheideteich	F:W 1877,15086 1877,15096 1832,15100 1834,15142 1849,15142 1847,15219 1830,15223 1831,15280 1872,15286 1874,15303 1759,15301 1763,15259 1655,15246 1596,15238 1567,15217 1576,15168 1608,15139 1776,15106 1781,15089
Jungfernheideteich	F:W 1884,15306 1887,15291 2012,15289 2018,15264 2050,15240 2050,15152 2018,15131 2016,15102 1894,15094 1894,15086 2046,15092 2051,15110 2095,15113 2121,15151 2150,15166 2168,15221 2123,15247 2101,15281 2046,15287 2034,15307
Steinbergsee	F:W 3676,21152 3701,21128 3767,21154 3773,21199 3838,21240 3827,21287 3805,21284 3711,21215
Herrnholzbecken	F:W 5340,22065 5301,22064 5264,22073 5263,22083 5317,22089
Seggeluchbecken	F:W 6334,21806 6296,21857 6303,21899 6332,21905 6376,21893 6385,21847 6366,21829 6399,21768 6448,21754 6495,21768 6517,21761 6494,21676 6453,21651 6426,21670
Klötzbecken	F:W 6103,22593 6172,22592 6221,22576 6270,22574 6269,22611 6243,22662 6210,22714 6099,22674 6087,22649
Mittelfeldbecken	F:W 6962,21814 7004,21829 7070,21835 7047,21889 6957,21881 6952,21837
Neuer See|(Tiergarten)	F:W 5890,11833 5895,11722 5959,11706 5953,11662 5993,11618 6077,11613 6092,11596 6056,11568 6071,11556 6102,11566 6137,11567 6139,11592 6173,11600 6187,11625 6202,11601 6266,11577 6262,11545 6246,11520 6252,11473 6266,11471 6275,11523 6309,11554 6341,11547 6355,11577 6325,11603 6283,11615 6282,11637 6346,11648 6413,11625 6414,11650 6365,11681 6364,11693 6317,11726 6186,11775 6113,11747 5981,11736 5939,11755
Wilhelmsruher See	F:W 7946,19765 7867,19800 7900,19876 7976,19842
Engelbecken	F:W 11359,11203 11329,11128 11343,11098 11378,11084 11412,11096 11448,11171
Kynastteich	F:W 8553,8284 8565,8268 8637,8295 8640,8335
Klarensee	F:W 9035,6334 9038,6308 9069,6284 9113,6302 9113,6351 9120,6354 9123,6349 9164,6376 9183,6373 9195,6387 9154,6397 9118,6370 9117,6362 9082,6349 9067,6338 9059,6343
Wilhelmsteich	F:W 9030,6488 9031,6481 9079,6441 9098,6450
Regenbecken	F:W 10590,8788 10569,8607 10447,8658 10545,8798
Rixdorfer Teich	F:W 10965,8538 11002,8497 11061,8481 11063,8499 11026,8518 11010,8554 10982,8566
Südparkteich	F:W -3727,11729 -3783,11746 -3790,11761 -3853,11770 -3900,11819 -3956,11874 -3987,11943 -4018,11960 -4039,11978 -4024,12017 -4024,12078 -4070,12138 -4037,12129 -4006,12093 -3997,12007 -3960,11986 -3897,11931 -3890,11913 -3845,11892 -3851,11828 -3790,11800 -3746,11773
Großer Spektesee	F:W -5819,15039 -5913,15051 -5941,15097 -5965,15100 -6011,15088 -6078,15143 -6072,15216 -6032,15265 -5913,15262 -5895,15292 -5761,15258 -5740,15219 -5798,15149 -5795,15079
Spektelake	F:W -6869,15350 -6867,15327 -6895,15313 -7169,15390 -7232,15467 -7211,15502 -7216,15517 -7278,15501 -7340,15620 -7369,15825 -7381,15846 -7348,15861 -7254,15830 -7217,15752 -7221,15721 -7190,15686 -7184,15542 -7191,15513 -7158,15493 -7118,15463 -7113,15432
Britzer Kirchteich	F:W 12718,4735 12692,4671 12782,4607 12810,4665 12748,4704
Großer Eckerpfuhl	F:W 12535,4798 12543,4785 12555,4789
Kienpfuhl	F:W 12244,4397 12221,4399 12228,4410 12237,4405 12236,4398
Fennpfuhl|(Britz)	F:W 13260,5140 13233,5017 13185,4985 13215,4969 13247,4991 13281,5138
Rückertteich	F:W 3809,6059 3787,6040 3800,6028 3821,6034
Thielparkteich	F:W 2091,5354 2091,5330 2185,5322 2189,5346
Hauptsee|(Britzer Garten)	F:W 11395,3042 11356,3137 11348,3254 11323,3325 11362,3345 11376,3306 11414,3317 11431,3295 11407,3253 11439,3206 11503,3265 11553,3278 11614,3240 11610,3190 11634,3159 11604,3093 11564,3068 11515,3068 11475,3087 11475,3051 11445,3040 11421,3051
Östlicher See|(Britzer Garten)	F:W 11553,3278 11573,3339 11621,3368 11687,3356 11745,3456 11748,3418 11760,3376 11692,3310 11732,3271 11682,3206 11642,3206 11614,3240
Südlicher See|(Britzer Garten)	F:W 11445,3040 11454,3017 11456,2962 11501,2934 11498,2881 11539,2829 11612,2846 11610,2925 11560,2985 11528,2987 11489,3021 11475,3051
Irissee	F:W 11232,3121 11209,3067 11165,3075 11168,3114 11203,3134
Kopfweidenpfuhl	F:W 11623,2810 11607,2770 11664,2739 11696,2764 11643,2782
Dreipfuhl	F:W 1630,4571 1633,4537 1619,4505 1590,4487 1588,4460 1601,4428 1617,4421 1641,4444 1656,4492 1654,4518 1664,4547 1675,4574 1667,4595 1646,4598
Pücklerteich	F:W 1633,6586 1638,6565 1659,6553 1678,6558 1706,6603 1704,6630 1689,6644 1662,6641
Altarm|(Spree)	W1 3510,12763 3557,12847
Murellenteich	F:W -539,12856 -487,12826 -540,12778 -566,12786
2. Karpfenteich	F:W 14312,25782 14045,25497 14177,25401 14394,25728
1. Karpfenteich	F:W 14442,26205 14352,25917 14470,25886 14558,26171
Bogensee	F:W 14668,26589 14549,26518 14448,26247 14576,26193 14699,26394 14783,26510
Karpfenteich	F:W 5493,748 5537,669 5573,665 5587,679 5586,715 5537,767 5503,766
Bäketeich	F:W 5143,4236 5209,4238 5282,4217 5278,4171 5259,4181
Teufelssee|(Köpenick)	F:W 25962,1738 26010,1788 26011,1847 25982,1878 25944,1878 25914,1815 25907,1777 25930,1750
	F:W -6125,13581 -6148,13592 -6215,13570 -6212,13540 -6194,13523 -6139,13561
	F:W -6907,13388 -6913,13414 -6997,13420 -7000,13392
ehem. Tongruben	F:W 4698,23295 4677,23310 4652,23308 4709,23347 4744,23343 4737,23321
ehem. Tongruben	F:W 4762,23289 4786,23316 4818,23331 4858,23316 4920,23330 4910,23275 4788,23263
Köppchensee	F:W 7684,24388 7684,24387 7699,24349 7726,24332 7747,24340 7770,24324 7773,24294 7796,24229 7830,24205 7831,24205 7855,24224 7856,24224 7792,24371 7839,24395 7839,24394 7924,24342 7928,24357 7860,24441 8037,24561 8036,24593 7996,24589 7865,24513 7819,24462 7749,24403
Rückhaltebecken	F:W 30016,4805 30034,4774 30016,4730 29967,4727 29914,4677 29884,4666 29899,4735 29939,4768 29968,4771 29994,4805
Hubertussee (Frohnau)	F:W 3376,27825 3556,27853 3570,27870 3487,27913 3438,27906 3373,27965 3395,27860
Zingergraben	W0 10081,18523 10020,18668 9764,18823 9640,18834 9468,18904 9359,19001 9181,19075 9126,19221 9049,19480 8997,19614 8932,19762 8823,20223 9071,20517 9284,21187 9025,21395 8779,21564 8854,21876
Iderfenngraben	W0 9126,19221 8498,19495 8395,19689
Kreuzgraben	W0 10428,18807 10382,18939 10242,18985 10142,19148 10184,19171 10057,19598 10023,19976 10112,20006 10171,20098 10554,20379
Grimnitzsee - Havel	F:W0 -3263,11665 -3289,11699 -3313,11769 -3284,11840 -3279,11925 -3326,11952 -3320,11961 -3267,11927 -3270,11838 -3300,11767 -3280,11705 -3249,11705
Kleiner Jürgengraben	W0 -2932,12472 -2922,12459 -2921,12377 -2962,12284 -2972,12217 -2956,12187 -2872,12180 -2834,12192 -2818,12225
Großer Jürgengraben	W0 -2824,12862 -2778,12871 -2703,12847 -2687,12774 -2675,12738 -2704,12644 -2714,12593 -2719,12506 -2714,12464 -2684,12392 -2688,12372
Hauptgraben	W0 -2377,11569 -2374,11618 -2421,11762 -2397,11876 -2414,11925 -2489,11946 -2512,11994 -2655,12148 -2725,12176 -2755,12250
Hauptgraben	F:W0 -2688,12372 -2742,12288 -2771,12302 -2818,12225 -2800,12228 -2793,12244 -2755,12250 -2740,12258 -2716,12298 -2675,12263 -2650,12334 -2669,12349 -2678,12366 -2688,12372
Heidekampgraben	W0 15532,9110 15469,9101 15261,8958 15233,8918 15204,8870
Heidekampgraben	W0 15080,8710 15087,8621 15058,8524 14994,7894 14931,7628 15059,7402 15153,7231 15359,6952 15559,6675 15569,6547 15467,6308 15384,6183 15335,6051 15337,5985 15353,5696
Fasaneriegraben	W0 6887,21542 7003,21540 7161,21491 7508,21521 7723,21474 7743,21344 7795,21296
Packereigraben	W0 6887,21542 6762,21547 6494,21676
Packereigraben	W0 6332,21905 6324,21946 6144,22134 5866,22421 5805,22421 5764,22403 5740,22382 5721,22340 5678,22305 5659,22275 5646,22213 5603,22155 5482,22086 5340,22065
Packereigraben	W0 5263,22083 5232,22082 5172,22126 5069,22096 5006,22082 4838,22135 4771,22146 4554,21998 4503,21960 4462,21952 4350,21905 4327,21835 4220,21813 4201,21761 3996,21628 3992,21594 4085,21507 4145,21355 4110,21266 4020,21244 3911,21259 3838,21240
Packereigraben	W0 3676,21152 3614,21082 3565,21074 3563,21046 3517,21026 3373,20899 3265,20862 3251,20840
Bruchstückengraben	W0 6144,22134 6253,22210 6349,22253 6587,22338 6671,22352 7391,22320
	W0 5805,22421 5974,22541 6103,22593
	W0 6243,22662 6342,22758 6488,22811 6681,23030 6690,23097 6779,23158 6808,23400 6868,23441 6953,23613 7001,23639
	F:I 5986,11709 5962,11677 5985,11645 6062,11637 6080,11674 6072,11714
	F:I 6084,11635 6100,11685 6091,11726 6113,11727 6149,11691 6132,11656 6136,11609 6104,11611
	F:I 6187,11721 6227,11705 6231,11737 6199,11739
	F:I 6340,11673 6272,11647 6260,11663 6281,11676 6281,11701 6298,11711 6325,11699
Fauler See|(Tiergarten)	F:W 6225,11986 6183,11987 6200,12030 6219,12040 6254,12028 6247,12011
(See im Tiergarten)	F:W 6383,11723 6429,11751 6451,11850 6412,11852 6387,11866 6350,11895 6210,11899 6359,11922 6404,11886 6468,11898 6484,11930 6518,11931 6512,11881 6483,11858 6461,11762 6459,11778 6440,11727 6406,11709
(See im Tiergarten)	F:W 6788,11517 6791,11493 6744,11494 6737,11501 6668,11517 6642,11556 6632,11558 6596,11535 6552,11532 6497,11558 6469,11604 6479,11609 6511,11588 6507,11573 6561,11554 6605,11575 6664,11569 6674,11549 6735,11556 6755,11549 6751,11531
(See im Tiergarten)	F:W 7812,12083 7819,12002 7807,11984 7813,11960 7794,11905 7803,11861 7804,11811 7774,11734 7745,11699 7691,11690 7660,11665 7561,11695 7528,11753 7503,11787 7402,11807 7363,11799 7316,11815 7227,11826 7181,11896 7129,11917 7059,11972 7025,11996 6985,11993 7028,11957 7060,11943 7075,11921 7110,11902 7170,11871 7200,11810 7184,11788 7202,11751 7198,11697 7174,11662 7121,11636 7070,11608 7066,11578 7030,11560 7011,11535 6988,11534 6972,11519 6952,11521 6923,11508 6952,11506 6977,11507 7001,11525 7025,11537 7040,11555 7071,11571 7085,11588 7129,11589 7160,11634 7189,11652 7208,11690 7214,11754 7297,11770 7356,11754 7358,11769 7412,11785 7484,11762 7524,11694 7628,11657 7651,11623 7686,11604 7704,11575 7733,11566 7799,11582 7798,11616 7746,11662 7765,11677 7774,11712 7800,11762 7814,11779 7818,11851 7807,11903 7825,11950 7822,11979 7834,11992 7817,12090
Luiseninsel	F:I 7769,11603 7752,11591 7745,11603 7718,11597 7690,11631 7663,11636 7677,11675 7694,11681 7706,11669 7731,11654 7747,11625
Rousseauinsel	F:I 7241,11769 7211,11764 7204,11781 7216,11796
Goldfischteich	F:W 8181,12115 8159,12021 8153,11971 8140,11971 8131,12031 8153,12112
Tränkegraben	W0 18121,10566 17845,10624 17671,10605 17521,10631 17414,10698 17345,10714 17262,10704 17185,10648 17169,10579 17171,10498 17132,10381 17117,10289 17130,10142 17111,10104 17068,10064 17033,10006 16987,9973
Kraatzgraben	W0 16987,9973 16896,9976 16813,10063 16655,10210 16496,10360
Mühlengraben	W0 -3294,14032 -3340,14111 -3441,14235 -3464,14310 -3462,14390 -3436,14465 -3408,14522 -3342,14591 -3263,14652 -3170,14682 -3065,14701 -3043,14712
Spektegraben	W0 -6867,15327 -6817,15316 -6665,15312 -6558,15339 -6479,15327 -6410,15298 -6247,15251 -6182,15199 -6163,15173 -6118,15153 -6078,15143
Zitadellengraben	W0 -2845,14490 -2819,14544 -2681,14560 -2595,14592 -2482,14599 -2351,14607 -2350,14722 -2196,14735 -2188,14859
Zitadellengraben	W0 -2454,14670 -2482,14599
Neue Wuhle	W0 19268,17431 19828,17262 20034,17890 20146,18009 20634,17787 20940,17784 20987,17759 21018,17603 21309,17525 21784,17484 21925,17515 22106,17490 22403,17284 22615,17178 22693,17060
Bäke	W0 4869,4585 4952,4436 4996,4350 5064,4289 5143,4236 5259,4181 5332,4100
Bullengraben	W0 -3861,13503 -4023,13458 -4299,13401 -4398,13406 -4657,13499 -4873,13642 -5050,13676 -5178,13686 -5609,13595 -5952,13590 -5976,13621 -6045,13613 -6125,13581
Bullengraben	W0 -6212,13540 -6250,13482 -6368,13430 -6567,13395 -6723,13371 -6881,13359 -6907,13388
Bullengraben	W0 -7000,13392 -7237,13468 -7413,13601 -7535,13648 -7749,13706
#: alias: Erpe
Neuenhagener Mühlenfließ	W0 23484,5202 23472,5256 23479,5359 23530,5423 23471,5537 23441,5618 23471,5672 23584,5707 23724,5714 23807,5704 23887,5739 23887,5738 23932,5805 23961,5835 24006,5841 24089,5853 24142,5899 24223,5909 24316,5931 24400,5908 24453,5857 24493,5843 24532,5867 24567,5911 24635,5969 24646,6083 24675,6139 24722,6184 24783,6212 24857,6225 24950,6269 25180,6268 25241,6290 25240,6290 25288,6365 25291,6432 25280,6548 25293,6624 25282,6720 25298,6790 25336,6833 25335,6833 25415,6897 25415,6895 25432,6940 25412,6990 25385,7046 25374,7156 25384,7297 25416,7439 25394,7586 25367,7642 25380,7816 25671,8009 25728,8012 25881,8036 26092,8135 26129,8176 26138,8228 26149,8320 26180,8388 26289,8491 26301,8663 26342,8754 26420,8833 26500,8873 26565,8899 26690,9006 26708,9095 26742,9135 26753,9183 26728,9212 26720,9300 26832,9339 26871,9390 26893,9401 26910,9426 26933,9432 26940,9455 26958,9461 26976,9476 27008,9481 27023,9525 27080,9594 27100,9652 27126,9661 27137,9693 27162,9722 27157,9746 27179,9816 27182,9893 27214,9991 27219,10080 27233,10129 27232,10153 27269,10264 27245,10378 27234,10490 27234,10488 27207,10736 27271,10810 27201,10989 27259,11136 27242,11158 27366,11259 27558,11419 27755,11534 27957,11543 28340,11507 28680,11613 28840,11813 29288,12386 29493,12556 29832,12736 30114,12725 30478,12877 30478,12878 30514,12979 30695,13058 30952,13057 30950,13057 31027,13036 31127,13064 31311,13211 31550,13258 31603,13347 31587,13383 31551,13392 31539,13442 31539,13441 31514,13472 31587,13591 31734,13970 31732,14082 31787,14109 31754,14158 31864,14321 31900,14406 31900,14502 31927,14618 31939,14814 31884,14835 31892,14886 31785,15329 31823,15604 31795,15825 31933,16083 31935,16181 32007,16198 32005,16198 31947,16458 31810,16547 31774,16664 31703,16699 31685,16735 31661,16746 31620,16828 31636,16966 31634,17085 31653,17137 31447,17320 31469,17434 31801,18300 31696,18033 31882,18617 32068,18730 32057,18807 32142,18925 32365,18989 32429,19131 32418,19162 32434,19203
Fredersdorfer Mühlenfließ	W0 39312,17419 39057,17443 39008,17518 38794,17492 38686,17346 38722,17180 38765,17155 38748,16928 38789,16689 38708,16366 38514,16202 38426,15768 38494,15697 38496,15533 38223,15389 37871,15474 37553,15692 37573,15936 37409,16049 37409,16048 37112,16013 36848,16146 36726,16321 36322,16609 36252,16896 35937,16940 35627,16824 35401,16669 35481,16415 35541,16093 35540,16093 35613,15780 35528,15664 35447,15494 35322,15387 35322,15386 35164,15300 34962,15165 34950,15104 34912,15071 34880,14976 34792,14880 34737,14712 34788,14637 34804,14564 34871,14544 34934,14429 35033,14415 35047,14369 35018,14306 35076,14157 35152,14106 35152,14105 35203,14014 35114,13942 35040,13842 34933,13793 34952,13728 35071,13626 35085,13520 35037,13383 34913,13356 34737,13185 34677,13196 34516,13081 34332,13045 34330,13045 34338,12995 34296,12939 34198,12925 34128,12792 34006,12721 33972,12628 33927,12556 33912,12459 33801,12248 33801,12246 33776,12167 33729,12121 33728,12121 33735,12050 33699,12016 33606,11977 33495,11853 33497,11814 33405,11786 33249,11755 33158,11587 33144,11405 33064,11341 32999,11236 32720,11066 32387,10913 32059,10800 32040,10746 31883,10695 31885,10695 31690,10519 31651,10470 31371,10279 31332,10233 31352,10113 31368,10077 31330,9999 31348,9957 31396,9916 31419,9855 31365,9627 31293,9601 31261,9502 31345,9426 31343,9306 31296,9283 31163,9337 31028,9278 30988,9224 30836,9105 30707,9116 30637,8998 30578,8833 30469,8505 30410,8458 30313,8126 30325,7935 30415,7792 30306,7571 30351,7271 30352,7264 30387,6942 30425,6691 30425,6690 30487,6591 30511,6433 30469,6399 30473,6238 30475,6074 30412,5946 30383,5851 30448,5696 30467,5563 30401,5479 30278,5417 30245,5305 30102,5232 29996,5061 29993,4902 30025,4842 30015,4806
Fredersdorfer Mühlenfließ	W0 29912,4675 29907,4650 29845,4564 29823,4488 29702,4416 29641,4398 29642,4398 29628,4363 29630,4307 29569,4241 29452,4188 29419,4154 29395,4092 29331,4013 29230,3973
Plumpengraben	W0 19577,2355 19566,2279 19601,2261 19614,2235 19588,2192
Plumpengraben	W0 20182,2103 20269,2094 20287,2074 20316,2036 20345,1981 20427,1843 20446,1824 20478,1816 20516,1816 20570,1833 20593,1828 20642,1779 20695,1745 20742,1734 20800,1721 20815,1707 20817,1694 20815,1673 20824,1641 20841,1609 20858,1596 20936,1594 21059,1531 21108,1476
Rudower Fließ	W0 16443,1646 16570,1501 16583,1461 16629,1403 16632,1334 16607,1285 16555,1153 16575,1128 16525,1033 16465,1023 16391,962 16364,887 16345,824 16248,637 16166,479 16129,397 16038,274 15913,109 15800,-14 15654,-151
Grützmachergraben	W0 -1490,15416 -1487,15356 -1401,15216 -1415,15090 -1374,14975 -1408,14843 -1475,14684 -1498,14538 -1503,14453 -1571,14125
