#: #: -*- coding: utf-8 -*-
#:encoding: utf-8
#:date: 20080810220007
#:
# Converted from openstreetmap data using ./miscsrc/osm2bbd
# DO NOT EDIT THIS FILE! Edit the original openstreetmap data!
#
Skåne Boulevard	1 -10621,6497 -10651,6628 -10703,6698 -10775,6744 -10839,6766 -10860,6773
Skåne Boulevard	1 -11338,6774 -11275,6787 -11208,6817 -11164,6818 -10859,6816 -10767,6817 -10661,6801 -10589,6799
Roskildevej	1 -10488,8462 -10282,8503 -10071,8541 -9494,8607 -9291,8630 -9192,8642 -8753,8732 -8433,8779 -8192,8814 -8167,8818 -7437,8936 -6966,9001 -6238,9113 -5914,9161 -5190,9274 -4703,9354 -4413,9396 -3955,9467 -3354,9559 -3282,9566 -3066,9584 -2866,9605
Roskildevej	1 -10511,8414 -10531,8415 -10549,8427 -10559,8451 -10530,8478 -10506,8477 -10488,8462 -10484,8442 -10511,8414
Hveen Boulevard	1 -10640,9207 -10585,9066 -10547,8893 -10543,8882 -10523,8749 -10506,8477
Hveen Boulevard	1 -10530,8478 -10532,8600 -10545,8787 -10561,8887 -10562,8892 -10588,9010 -10633,9156 -10658,9205
Roskildevej	1 -2872,9592 -3065,9572 -3282,9553 -3341,9547 -3353,9545 -3951,9456 -4257,9407 -4409,9382 -4703,9343 -5187,9263 -5912,9151 -6238,9099 -6972,8982 -7426,8923 -8162,8806 -8265,8788 -8425,8761 -8461,8755 -8746,8711 -9192,8629 -9495,8593 -10070,8530 -10281,8494 -10484,8442
Roskildevej	1 -13490,8007 -13386,8023 -13168,8055 -12955,8080 -12676,8113 -12580,8127 -12350,8160 -12121,8197 -11857,8252 -11592,8299 -11446,8316 -11271,8332 -11062,8356 -10912,8376 -10724,8410 -10559,8451
Roskildevej	1 -10549,8427 -10710,8399 -10894,8364 -11067,8338 -11266,8316 -11452,8299 -11591,8285 -11848,8242 -11856,8240 -12122,8183 -12346,8149 -12575,8116 -12590,8114 -12665,8104 -12950,8069 -13162,8044 -13363,8015 -13382,8013 -13479,7997
Sengeløsevej	1 -10831,9510 -10928,9637
Sengeløsevej	1 -10928,9637 -10821,9516
Hveen Boulevard	1 -10738,9371 -10831,9510
Hveen Boulevard	1 -10658,9205 -10738,9371
Hveen Boulevard	1 -10729,9380 -10640,9207
Hveen Boulevard	1 -10821,9516 -10729,9380
Greve Centervej	1 -9880,726 -9843,674 -9690,522 -9515,388
Greve Centervej	1 -9894,714 -9880,726
Greve Centervej	1 -9521,376 -9697,512 -9857,664 -9894,714
Greve Centervej	1 -9515,388 -9501,393 -9487,389 -9478,372 -9487,357 -9498,353 -9507,356 -9513,358 -9521,376 -9515,388
Greve Centervej	1 -8928,-88 -9056,39 -9199,153 -9244,188 -9379,291 -9487,357
Greve Centervej	1 -9478,372 -9370,298 -9236,197 -9189,160 -9048,51 -8915,-78
Høje Taastrup Vej	1 -9616,7285 -9613,7293 -9604,7297 -9596,7294 -9592,7288 -9597,7280 -9602,7278 -9606,7277 -9613,7280 -9616,7285
Ishøj Parkvej	1 -7024,3389 -6903,3494 -6444,3883 -6439,3885 -6217,4084 -6095,4209
Ishøj Parkvej	1 -6075,4197 -6208,4076 -6431,3879 -6435,3874 -6897,3480 -7024,3389
Kongsholm Alle	1 -6971,8198 -5875,8418 -5805,8432
Kongsholm Alle	1 -5801,8417 -5871,8404 -6968,8186
Skrædderpladsen	1 -6439,3885 -6431,3879 -6402,3849 -6388,3844 -6324,3784 -6339,3772 -6435,3874 -6444,3883
Åvænget	1 -6732,15624 -6732,15580 -6723,15553 -6694,15508 -6659,15451 -6630,15406 -6615,15383
Sydvænget	1 -6615,15383 -6604,15379 -6545,15380 -6423,15382
Ishøj Boulevard	1 -5934,3774 -5868,3869 -5854,3886 -5764,4006 -5757,4018
Ishøj Boulevard	1 -5742,4011 -5750,3997 -5840,3875 -5850,3861 -5934,3774
Stenbjerggårds Alle	1 -5338,3550 -5359,3558 -5850,3861 -5868,3869
Stenbjerggårds Alle	1 -5854,3886 -5840,3875 -5350,3572 -5327,3562
Nordmarks Alle	1 -5805,8432 -5161,8560 -5022,8587
Nordmarks Alle	1 -5012,8573 -5801,8417
Anemonevænget	1 -6356,15627 -6340,15595 -6331,15573 -6326,15517 -6317,15449 -6311,15402 -6314,15390
Sydvænget	1 -6314,15390 -6322,15384 -6339,15384 -6382,15383 -6423,15382
Vejlebrovej	1 -5391,3496 -5359,3558 -5350,3572 -5310,3628 -5239,3698 -5152,3776 -5110,3827 -5054,3875
Ishøj Strandvej	1 -4938,3522 -4898,3559 -4803,3640 -4647,3748 -4432,3881 -4187,4038 -4132,4080
Vejlebrovej	1 -5054,3875 -5083,3818 -5131,3762 -5224,3681 -5283,3614 -5327,3562 -5338,3550 -5391,3496
Ishøj Strandvej	1 -4093,4066 -4424,3880 -4488,3838 -4499,3830 -4571,3784 -4644,3738 -4789,3631 -4938,3522
Voldens Kvarter	1 -5490,17615 -5504,17613 -5513,17614 -5522,17616 -5527,17624 -5526,17633 -5511,17639 -5494,17637 -5484,17625 -5490,17615
Skovvej	1 -5265,17366 -5239,17552 -5226,17635 -5217,17678 -5196,17735 -5167,17793 -5131,17851 -5103,17893 -5038,17991 -4991,18082 -4967,18176
Skovvej	1 -4967,18176 -4972,18109 -4976,18081 -5026,17982 -5119,17844 -5152,17794 -5182,17731 -5205,17675 -5217,17621 -5227,17549 -5241,17456 -5250,17365
	1 -4499,3830 -4496,3818 -4542,3779 -4552,3778 -4571,3784
Vallensbæk Torvevej	1 -4395,6904 -4360,6739 -4330,6583 -4305,6453
Vallensbæk Torvevej	1 -4305,6453 -4335,6580 -4373,6737 -4418,6905
Vallensbæk Torvevej	1 -4450,7094 -4443,7200
Vallensbæk Torvevej	1 -4443,7200 -4428,7099
Vallensbæk Torvevej	1 -4428,7099 -4420,7035 -4405,6943 -4395,6904
Vallensbæk Torvevej	1 -4418,6905 -4427,6942 -4448,7035 -4450,7094
Farum Stationstorv	1 -4739,25900 -4699,25918 -4545,25948
Gammel Køge Landevej	1 -3592,4266 -4071,4076 -4093,4066
Gammel Køge Landevej	1 -4132,4080 -4069,4129 -4021,4156 -3917,4191
Gammel Køge Landevej	1 -3917,4191 -3831,4212 -3734,4232 -3592,4266
Gammel Køge Landevej	1 -3570,4286 -3568,4274 -3580,4264 -3592,4266 -3599,4278 -3592,4290 -3583,4293 -3570,4286
Vallensbæk Torvevej	1 -2896,4323 -2910,4393 -2947,4463 -2987,4514 -3037,4575 -3100,4642 -3161,4712 -3189,4765 -3195,4799 -3211,4941 -3219,5006 -3230,5060 -3253,5100 -3280,5131 -3311,5157 -3609,5371
Vallensbæk Torvevej	1 -3590,5387 -3301,5183 -3286,5173 -3259,5147 -3228,5112 -3208,5067 -3195,5010 -3193,4941 -3176,4801 -3164,4769 -3146,4721 -3097,4661 -3013,4579 -2961,4520 -2920,4457 -2894,4402 -2870,4325
Vallensbæk Torvevej	1 -3748,5519 -3707,5485 -3610,5404 -3590,5387
Vallensbæk Torvevej	1 -3756,5501 -4034,5823 -4148,6014
Vallensbæk Torvevej	1 -4148,6014 -4021,5839 -3748,5519
Søndre Ringvej	1 -2427,6859 -2413,6770 -2419,6684 -2422,6613 -2424,6512 -2434,6416 -2460,6305 -2491,6220 -2534,6127 -2627,5989 -2714,5883 -2883,5666 -2943,5594 -3082,5430 -3136,5366 -3286,5173
Søndre Ringvej	1 -3301,5183 -3225,5276 -3095,5436 -2996,5568 -2914,5671 -2731,5890 -2640,5998 -2551,6128 -2510,6215 -2479,6298 -2453,6412 -2441,6509 -2438,6603 -2439,6669 -2441,6773 -2445,6858
Søndre Ringvej	1 -2456,7125 -2456,7133 -2456,7239 -2459,7372 -2472,7455 -2493,7540 -2532,7636 -2601,7773 -2812,8130 -2903,8291 -2982,8424 -3142,8705 -3207,8847 -3254,8989 -3282,9123
Søndre Ringvej	1 -3270,9131 -3241,8994 -3191,8850 -3128,8711 -2968,8432 -2889,8295 -2797,8136 -2586,7781 -2516,7639 -2475,7548 -2457,7460 -2442,7374 -2439,7276 -2438,7136 -2439,7122
Søndre Ringvej	1 -3321,9330 -3353,9545
Søndre Ringvej	1 -3282,9123 -3310,9270 -3321,9330
Søndre Ringvej	1 -3303,9331 -3293,9274 -3270,9131
Søndre Ringvej	1 -3341,9547 -3303,9331
Smedeland	1 -3257,11686 -3257,11690 -3257,11686 -3242,11691 -3261,11367 -3276,11109 -3299,10733
Smedeland	1 -3318,10741 -3293,11110 -3277,11369 -3257,11686
Søndre Ringvej	1 -2439,7122 -2427,6859
Søndre Ringvej	1 -2445,6858 -2456,7125
Søndre Ringvej	1 -2441,6773 -2445,6858
Hovedvejen	1 -1105,9889 -1198,9873 -1292,9854 -1468,9823 -1839,9756 -2069,9719 -2261,9689 -2527,9647 -2799,9603 -2872,9592
Hovedvejen	1 -2866,9605 -2527,9660 -1844,9773 -1467,9837 -1293,9865 -1211,9880 -1172,9889 -1104,9903
	1 -1813,4457 -1854,4457 -1856,4471 -1816,4471 -1813,4457
Gildhøj	1 -1523,7559 -1539,7560 -1543,7560 -1569,7560 -1582,7565 -1598,7572
Gildhøj	1 -1522,7569 -1539,7569 -1543,7569 -1566,7571 -1581,7576 -1593,7582
Brøndbyvester Boulevard	1 -1351,6760 -1376,6873 -1395,6966 -1403,6997 -1404,7058 -1413,7137 -1444,7233 -1476,7312 -1492,7351 -1509,7397 -1530,7464 -1538,7512 -1539,7560 -1539,7569 -1539,7577 -1534,7634 -1512,7709 -1472,7792 -1434,7879 -1412,7944 -1386,8074 -1368,8169
Brøndbyvester Boulevard	1 -1351,8170 -1351,8168 -1360,8127 -1387,7978 -1412,7896 -1463,7782 -1493,7718 -1511,7663 -1520,7612 -1522,7569 -1523,7561 -1523,7559 -1522,7529 -1517,7488 -1509,7453 -1495,7407 -1472,7357 -1460,7319 -1431,7237 -1397,7137 -1390,7058 -1392,7001 -1384,6969 -1360,6878 -1330,6764
Jyllingevej	1 2915,12547 2870,12525 2787,12507 2671,12491 2605,12488 2577,12487 2551,12487 2503,12491 2457,12495 2365,12505 2269,12515 2160,12527 2041,12539 1979,12546 1964,12547 1755,12566 1623,12579 1419,12600 714,12549 402,12523 125,12530 -136,12532 -144,12533 -158,12533 -229,12536 -400,12540 -622,12545 -631,12547 -1220,12565 -1305,12572 -2026,12700
Jyllingevej	1 -2016,12714 -1303,12584 -1222,12577 -816,12564 -631,12558 -622,12558 -400,12552 -158,12545 -144,12544 -135,12544 -40,12546 399,12534 712,12563 1418,12609 1598,12592
	1 -1982,14976 -1986,14992 -1973,15001 -1969,14984 -1982,14976
Brøndbyvester Boulevard	1 -952,4312 -955,4309 -911,4506 -900,4545 -886,4595
Brøndbyvester Boulevard	1 -858,4592 -870,4541 -931,4316
Strandporten	1 -931,4316 -947,4273
Strandporten	1 -947,4273 -952,4312
Brøndbyvester Boulevard	1 -846,4732 -834,4784 -823,4859 -812,4945 -803,5021 -783,5152 -786,5235
Brøndbyvester Boulevard	1 -886,4595 -846,4732
Brøndbyvester Boulevard	1 -827,4720 -858,4592
Brøndbyvester Boulevard	1 -766,5233 -771,5025 -781,4944 -803,4860 -815,4781 -821,4742 -827,4720
Strandesplanaden	1 -258,4811 -514,4828 -655,4840 -803,4860 -823,4859
Strandesplanaden	1 -812,4945 -781,4944 -266,4898 -254,4888 -258,4811
	1 -990,4580 -994,4589 -990,4609 -898,4599 -904,4580 -982,4587 -990,4580
Brøndbyvester Boulevard	1 -818,5687 -794,5603 -771,5492 -762,5375 -762,5281 -765,5265
Brøndbyvester Boulevard	1 -824,5676 -865,5792
Brøndbyvester Boulevard	1 -782,5265 -778,5278 -778,5371 -790,5490 -803,5602 -824,5676
Brøndbyvester Boulevard	1 -857,5792 -818,5687
Brøndbyvester Boulevard	1 -1330,6764 -1300,6649 -1232,6522 -1129,6319 -982,6027 -909,5890 -857,5792
Brøndbyvester Boulevard	1 -865,5792 -913,5881 -995,6033 -1141,6322 -1243,6518 -1310,6648 -1351,6760
Roskildevej	1 -1041,9906 -1105,9889
Roskildevej	1 -1104,9903 -1043,9918
Roskildevej	1 2371,10449 2161,10417 2057,10401 2021,10395 1692,10343 1582,10324 1247,10266 1237,10264 902,10212 498,10148 160,10088 -142,10038 -528,9973 -799,9953 -870,9947 -920,9935 -926,9933 -1041,9906
Roskildevej	1 -1043,9918 -928,9949 -922,9950 -880,9960 -798,9967 -528,9989 -146,10056 157,10100 498,10161 888,10222 1027,10244 1186,10269 1234,10277 1244,10279 1536,10330 1629,10346 1721,10361 1822,10378 1919,10394 2051,10415 2132,10427 2256,10444 2364,10460
Nordre Ringvej	1 -940,14187 -1003,14105 -890,14012
Nordre RIngvej	1 -756,14214 -850,14272 -940,14187
Stamholmen	1 417,4267 427,4256 475,4158 517,4074 538,4035 566,3997 619,3947 660,3924 704,3905 764,3892 905,3879 1204,3852 1430,3833 1497,3829 1564,3834 1643,3846 1959,3920 2204,3979 2256,3987 2329,3987 2468,3975 2585,3962 2644,3954
Stamholmen	1 2645,3941 2580,3948 2490,3958 2379,3967 2305,3972 2257,3970 2192,3961 1961,3907 1649,3833 1585,3819 1523,3812 1433,3815 1203,3837 902,3868 802,3876 748,3882 709,3891 658,3910 615,3934 574,3968 554,3991 519,4033 502,4069 413,4252 417,4267
Dybenskærvej	1 1606,5470 1576,5455 1459,5452 1363,5452 1227,5455 1080,5457 1013,5459 893,5461 830,5462 710,5464 648,5465 525,5467 476,5468 466,5474 461,5481 461,5492
Dybenskærvej	1 461,5492 469,5482 490,5479 523,5478 649,5477 709,5476 832,5474 891,5474 1015,5473 1360,5471 1439,5471 1571,5468 1606,5470
Vestre Gade	1 332,8575 285,8562 233,8563 184,8587 164,8618 53,8790 23,9012
Brøndbyøstervej	1 23,9012 97,8919 167,8879 192,8810 264,8681 332,8575
	1 473,7903 297,7917 299,7952 439,7942 450,7937 448,7912 473,7909
Nygårds Plads	1 152,9654 145,9619 75,9621 68,9651
Brøndbyøster Torv	1 145,9516 146,9466 147,9433 149,9279
Brøndbyøster Torv	1 66,9490 48,9491 5,9494 -2,9498 -4,9505 -3,9515 3,9516 66,9513
Brøndbyøster Torv	1 65,9423 2,9429 -8,9433 -11,9441 -8,9450 6,9454 46,9452 65,9451
Brøndbyøster Torv	1 147,9433 162,9425 196,9425 220,9428 230,9433 232,9441 228,9457 222,9463 211,9467 191,9467 159,9467 146,9466
	1 235,15952 216,15914
	1 216,15914 227,15955
Tornerosevej	1 248,16472 178,16493
Baneløkken	1 160,15874 158,15814 154,15754 150,15692 147,15642
Søndervangen	1 -146,28931 -152,28924 -164,28924 -189,28932 -220,28935 -253,28941 -284,28951 -318,28970 -340,28986 -356,29000 -360,29016
Gammel Køge Landevej	1 2490,5167 2470,5159 2362,5108 2221,5024 1992,4891 1710,4717 1661,4688 1495,4597 1442,4570 1326,4514 1167,4454 1038,4412 899,4374 779,4341 708,4329
Gammel Køge Landevej	1 643,4310 1032,4423 1166,4463 1320,4525 1437,4580 1655,4700 1835,4808 1986,4903 2431,5160 2463,5178 2480,5188
Egevolden	1 1431,5177 1399,5170 1327,5150 1317,5154 1312,5169 1306,5187 1253,5172 1248,5163 1252,5153 1258,5132 1270,5126 1330,5143 1402,5163 1431,5177
Engvænget	1 842,4964 861,4931 885,4888 877,4884 867,4879 843,4921 824,4955
Engvænget	1 861,4931 843,4921
Egevolden	1 1252,5153 1312,5169
Avedøre Havnevej	1 1439,7837 1422,7883 1242,8335 1202,8442 1168,8556 1147,8653 1130,8799 1119,8906 1120,8997 1138,9223 1157,9403 1168,9508 1223,9995 1239,10167 1239,10183 1237,10264 1234,10277
Avedøre Havnevej	1 1247,10266 1249,10181 1216,9854 1200,9586 1172,9401 1152,9221 1141,9091 1136,8897 1149,8801 1162,8693 1188,8561 1442,7887 1459,7844
Rebæk Søpark	1 1172,9401 1179,9345 1207,9333 1173,9308 1152,9221
Lindeager	1 1138,9223 1137,9280 1129,9297 1112,9304 1086,9308 1076,9317 1124,9327 1144,9338 1157,9403
Valhøjs Alle	1 834,10490 833,10484 826,10481 818,10484 817,10487 818,10493 825,10497 832,10493 834,10490
Dybenskærvej	1 1926,5550 1925,5560 1934,5567 1945,5567 1952,5557 1952,5549 1945,5543 1934,5543 1926,5550
	1 1990,4740 2008,4690 1963,4674 1932,4741
Egevolden	1 1330,5143 1327,5150
Egevolden	1 1306,5187 1367,5201 1378,5196 1376,5186 1312,5169
Avedøre Havnevej	1 1489,7772 1633,7405 1862,6832 1879,6789 1885,6774 2058,6268 2294,5706 2316,5655 2321,5634 2395,5411 2480,5188 2490,5167 2528,5050 2699,4493 2711,4418 2714,4358 2709,4264 2706,4235
Avedøre Havnevej	1 1459,7844 1489,7772
Avedøre Havnevej	1 1466,7765 1439,7837
Avedøre Havnevej	1 2693,4234 2696,4263 2702,4375 2698,4427 2687,4493 2628,4691 2520,5030 2470,5159 2463,5178 2455,5200 2418,5297 2392,5367 2306,5630 2297,5649 2078,6193 2045,6264 1882,6749 1765,7037 1614,7401 1563,7528 1551,7557 1466,7765
	1 1489,7772 1466,7765
Kettegård Alle	1 1696,7710 1674,7786 1682,7793 1784,7819 1804,7746 1800,7736 1696,7710
	1 1730,7568 1720,7584 1701,7658 1834,7689
	1 1834,7689 2260,7787 2263,7775
Bibliotekvej	1 1892,6816 1883,6806 1879,6789
Bibliotekvej	1 1862,6832 1875,6821 1892,6816
Kettegård Alle	1 1633,7405 1653,7415 1745,7438 1755,7444 1756,7454 1730,7556 1730,7568
Kettegård Alle	1 1730,7568 1741,7558 1767,7460 1767,7443 1755,7427 1657,7401 1633,7405
	1 1439,7837 1459,7844
Damhus Boulevard	1 1453,9661 1501,9702 1546,9740 1650,9827 1762,9920 1861,10002 1972,10095 2075,10181 2366,10425
Damhus Boulevard	1 2376,10421 2085,10174 1872,9993 1772,9908 1663,9816 1560,9728 1509,9684 1468,9652
Rødovre Stationscenter	1 1468,9652 1456,9646 1419,9643 1393,9643 1281,9639
Rødovre Stationscenter	1 1483,9632 1490,9614 1476,9603 1440,9602 1427,9607 1420,9629 1419,9643
Rødovre Stationscenter	1 1286,9651 1316,9651 1391,9655 1429,9657 1453,9661
Rødovrevej	1 1712,10764 1721,10775 1732,10765 1723,10755 1712,10764
Jyllingevej	1 1598,12592 1753,12577 1954,12556 2033,12548 2145,12536 2231,12527 2268,12523 2461,12503 2551,12493 2623,12495 2673,12498 2704,12502 2786,12512 2868,12531 2915,12547
Treppe	0:30 1316,18594 1306,18592 1301,18587 1299,18581
Kongevejen	1 2996,23371 3009,23395 3013,23420 3010,23480 3001,23546 2979,23601 2938,23697 2887,23820 2829,23961 2680,24309 2587,24520 2559,24593 2519,24683 2024,25844 2019,25856 1960,26007 1929,26080 1867,26230 1810,26366 1681,26645 1597,26826 1587,26850 1488,27087 1452,27129 1433,27150 1400,27186 1341,27257 1414,27195 1446,27163 1468,27141 1509,27087 1533,27033 1574,26941 1614,26850 1768,26506 1824,26381 1828,26371 1873,26263 1949,26080 2037,25868 2044,25856 2535,24708 2593,24573 2703,24317 2838,23993 2875,23903 2954,23703 2992,23610 3016,23549 3024,23525 3037,23482 3101,23288
	1 2585,3962 2641,3967 2659,3985 2675,4012 2686,3979 2706,3959 2732,3949
	1 2660,3868 2651,3919 2634,3935 2612,3938 2580,3948
Egevolden	1 2418,5297 2391,5324 2370,5333
Egevolden	1 2370,5333 2386,5342 2392,5367
Dybenskærvej	1 2321,5634 2306,5630 2291,5626 2261,5632
Dybenskærvej	1 2261,5632 2287,5647 2297,5649 2316,5655
	1 2263,7775 2283,7699
Hvidovre Torv	1 2524,8705 2502,8703 2411,8690
Hvidovregade	1 2524,8705 2534,8702 2556,8697 2570,8690 2576,8675 2585,8646 2598,8614 2605,8602 2619,8580 2636,8556 2658,8537 2683,8504 2694,8486 2705,8453 2714,8420 2725,8402 2735,8387 2745,8376 2748,8363
Roskildevej	1 2364,10460 2453,10472 2572,10479 2999,10480 3222,10479 3431,10476 3645,10474 3738,10476 4082,10472 4392,10465 4491,10463 4634,10461 4651,10462 4654,10462 4732,10460 5202,10451 5370,10451 5445,10444 5790,10393 5908,10374 6325,10336
Roskildevej	1 6323,10325 5908,10366 5836,10377 5457,10430 5440,10433 5368,10443 5203,10444 4654,10449 4638,10449 4553,10453 4499,10454 4399,10453 4273,10455 4246,10457 4085,10461 3892,10461 3702,10463 3431,10464 3217,10465 2993,10467 2974,10468 2914,10468 2841,10468 2570,10468 2454,10461 2371,10449
Tybjergvej	1 2447,12697 2498,12647 2542,12603 2585,12564 2613,12547
Gislingevej	1 2038,14356 2086,14265
Gislingevej	1 2038,14356 1945,14519 1880,14634
Holte Stationsvej	1 1927,25784 1885,25762 1866,25743 1858,25721 1823,25436 1804,25429 1782,25437 1835,25727 1851,25753 1878,25779 1917,25801
Holte Stationsvej	1 2019,25856 2037,25868
Holte Stationsvej	1 2024,25844 1948,25796 1942,25792
Holte Stationsvej	1 2044,25856 2024,25844
Holte Stationsvej	1 1930,25809 1936,25812 2019,25856
Stamholmen	1 2671,3971 2689,3963 2695,3953 2696,3938 2687,3928 2666,3922 2650,3931 2645,3941 2644,3954 2652,3966 2671,3971
Stamholmen	1 2695,3953 2732,3949 2963,3927 3220,3906 3461,3883 3704,3858 4093,3821 4123,3811
Stamholmen	1 4123,3811 4098,3808 3702,3844 3460,3866 3218,3891 2961,3913 2696,3938
Avedøre Havnevej	1 2683,4101 2686,4163 2693,4234
	1 3109,5231 3145,5230 3148,5294 3149,5307 3112,5307
Neergaards Alle	1 2854,6714 2871,6713
	1 2645,7781 2652,7765
Engdals Alle	1 2765,9120 2803,8863
	1 3068,8160 3058,8161 3036,8209 3044,8212 3068,8160
	1 2969,8154 2955,8187 2895,8177 2899,8161
Herlufsholmsvej	1 2671,12491 2683,12474 2808,12400 2894,12359 2915,12356 3003,12321 3054,12309 3082,12303 3146,12285 3206,12269 3256,12250 3357,12227
Selsøvej	1 2613,12547 2623,12495
Slotherrensvej; Slotsherrensvej	1 3143,13212 3119,13226 3093,13241 3039,13273 3022,13276 2839,13268 2830,13267 2722,13262 2650,13261 2615,13261
Slotsherrensvej	1 3143,13212 3093,13236 3036,13268 3028,13270 3020,13271 2839,13263 2723,13257 2615,13261
Øverødvej	1 2226,25967 2204,25969 2211,25987 2231,25985 2226,25967
Stamholmen	1 3461,3883 3460,3866
Søstjernevej	1 3379,4342 3391,4342 3404,4336 3407,4326 3406,4317 3403,4310 3391,4307 3376,4311 3370,4326 3372,4336 3379,4342
Strandmarksvej	1 3335,5221 3335,5304
Stillidsvej	1 3516,5878 3420,5937
	1 3287,6004 3292,5965 3312,5995
Dansborg Alle	1 3659,6103 3640,6106 3510,6106
Folehaven	1 3336,8261 3455,8267 3536,8266 3589,8260 3714,8249 3767,8243 3833,8235 3953,8215 4076,8183 4193,8150 4288,8126 4400,8105 4464,8096 4509,8090 4582,8080 4655,8070 4661,8069 4712,8067 4761,8065 4794,8064
Søndervangs Alle	1 3781,8381 3784,8378 3787,8375 3789,8370 3789,8365 3787,8358 3786,8355 3781,8350 3775,8348 3770,8347 3763,8348 3757,8350 3753,8353 3750,8355 3748,8361 3748,8367 3751,8373 3755,8378 3761,8383 3768,8384 3776,8383 3781,8381
Søndervangs Alle	1 3544,8281 3565,8291 3574,8296 3604,8307 3669,8333 3720,8355 3748,8367
Søndervangs Alle	1 3753,8353 3726,8346 3675,8324 3611,8297 3582,8283 3575,8281 3544,8281
Søndervangs Alle	1 4054,8471 4036,8469 3928,8425 3799,8372 3787,8358
Søndervangs Alle	1 3776,8383 3797,8383 3924,8434 4033,8480 4047,8487
Folehaven	1 4788,8047 4662,8058 4589,8067 4526,8077 4462,8085 4397,8095 4306,8112 4285,8116 4214,8133 4149,8150 4093,8165 3959,8201 3839,8221 3715,8239 3582,8251 3537,8255 3462,8252 3338,8248
Danshøjvej	1 3990,9051 3961,9074 3873,9124 3822,9131
Vinkelager	1 3271,11249 3208,11205 3204,11194 3215,11193 3274,11237
Vinkelager	1 3264,11275 3200,11241 3195,11232 3206,11229 3267,11265
Vinkelager	1 3256,11307 3183,11275 3180,11265 3190,11260 3259,11295
Vinkelager	1 3249,11336 3181,11310 3179,11302 3187,11299 3251,11325
Herlufsholmsvej	1 3461,12205 3403,12218 3357,12227
Buddingevej	1 3582,18264 3586,18276 3597,18285 3608,18290 3618,18290 3633,18285 3640,18278 3648,18267 3653,18257 3648,18245 3633,18233 3616,18229 3600,18232 3586,18241 3579,18251 3582,18264
Automatikvej	1 3659,17920 3663,17926 3672,17928 3679,17925 3681,17916 3678,17910 3669,17908 3661,17912 3659,17920
Blommestien	1 4634,7956 4636,7944 4632,7934 4623,7917 4608,7883 4597,7861 4581,7826 4567,7797 4568,7783 4572,7762 4577,7742
Søndervangs Alle	1 4062,8505 4067,8506 4074,8505 4082,8501 4088,8495 4090,8490 4090,8481 4086,8474 4073,8465 4068,8465 4054,8471 4051,8474 4048,8478 4047,8487 4051,8498 4057,8503 4062,8505
Søndervangs Alle	1 4233,8542 4133,8503 4103,8490 4090,8481
Søndervangs Alle	1 4082,8501 4100,8502 4130,8515 4228,8556
Folehaven	1 4598,8193 4582,8080
Folehaven	1 4524,8203 4509,8090
Blankavej	1 4542,9895 4603,9902 4673,9911
Nørretofte Alle	1 4554,10117 4550,10086 4538,10030 4542,9895
Cæciliavej	1 4678,10099 4606,10091 4550,10086
Troels Lunds Vej	1 4438,10785 4243,10766 4172,10760 4074,10752
Troels Lunds Vej	1 4074,10752 4066,10765 4174,10775 4283,10784 4435,10799
Troels Lunds Vej	1 4438,10790 4481,10796
C.F. Richs Vej	1 4264,12215 4299,12171
Dybendalsvej	1 4110,12996 4119,12975 4209,12840 4292,12719
Krabbesholmsvej	1 4063,14025 4075,13958 4078,13942 4074,13897 4045,13869 3986,13821
Brønshøjvej	1 3986,13821 3983,13884 3978,13990 3977,14022 3988,14034 4014,14041
Gaunøvej	1 4019,13463 3946,13481
Broenshoej Kirkevej	1 4016,14084 4035,14062 4063,14025
Søborg Parkalle	1 4365,17457 4375,17452 4378,17443 4370,17434 4363,17432 4353,17438 4351,17445 4354,17452 4365,17457
Gustav Wieds Vej	1 4150,17317 4163,17281 4189,17199 4197,17163 4212,17132 4237,17110 4278,17094 4404,17075 4454,17066 4492,17052 4520,17022 4530,16996 4534,16971 4528,16940 4517,16892
Nordahl Griegs Vej	1 4264,17373 4300,17325 4346,17268 4384,17217 4409,17169 4411,17132 4404,17075
Jernbanepladsen	1 4356,21113 4343,21089 4203,21173 4108,21231 4201,21190 4268,21171 4356,21113
	1 4333,20349 4333,20345 4333,20331 4323,20326 4317,20322 4305,20328 4300,20331 4300,20348 4304,20351 4316,20357 4322,20354 4333,20349
Gammel Køge Landevej	1 4656,8001 4732,7971 4704,7915 4675,7856 4648,7799 4617,7732
Ellebjergvej	1 6172,8020 5923,8018 5789,8017 5722,8016 5674,8017 5543,8021 5463,8024 5267,8030 5123,8035 5068,8038 4981,8041 4882,8045 4788,8047
Gammel Køge Landevej	1 4761,8065 4826,8143
	1 4712,8067 4713,8073 4722,8079 4735,8087 4746,8150 4793,8147 4826,8143
Folehaven	1 4671,8183 4655,8070
Ellebjergvej	1 4794,8064 4947,8054 5127,8045 5268,8040 5316,8039 5455,8035
	1 4882,8045 4788,8047
Pilestykket	1 5229,8153 5320,8150
Ellestykket	1 5127,8045 5131,8056 5132,8080 5134,8119 5135,8146 5143,8156 5229,8153
Lyshøj Alle	1 4927,9361 4995,9365 5062,9371 5134,9378 5203,9386 5272,9394 5348,9401
Ourestrupvej	1 5198,9479 5203,9386 5205,9371 5210,9269
Peder Hjorts Vej	1 5068,9477 5062,9371 5061,9354 5058,9252
Selveje Alle	1 4606,10091 4603,9902
Lyshøj Alle	1 5350,9387 5273,9380 5205,9371 5134,9363 5061,9354 4993,9349 4924,9343
Borgmester Fischers Vej	1 4654,10449 4672,10395 4638,10449
Azaleavej	1 5201,10354 5255,10355 5323,10355 5363,10345 5420,10348
Dalgas Boulevard	1 4813,11230 4818,11216 4816,11192 4792,11112 4777,11054 4762,11003 4722,10858 4698,10737 4677,10645 4657,10559 4642,10493 4651,10462 4654,10449
Joakim Larsens Vej	1 4771,10743 4785,10757 4794,10741 4771,10743
Jyllandsvej	1 4916,10874 4901,10798 4840,10709
Folkets Alle	1 4940,10969 5007,10958 5004,10945 4937,10956
Hattensens Alle	1 4566,11088 4561,11173
Hattensens Alle	1 4539,11173 4546,11086
Dalgas Boulevard	1 4638,10449 4634,10461 4632,10494 4638,10524 4637,10571 4652,10650 4671,10733 4690,10815 4700,10855 4734,11003 4759,11100 4786,11190 4793,11215 4813,11230
Tesdorpfsvej	1 5163,12059 5351,12121 5422,12143 5509,12170 5590,12196 5701,12245 5780,12286 5790,12309
Femte Juni Plads	1 5098,12238 5128,12160 5163,12059
Tesdorpfsvej	1 5800,12305 5793,12288 5783,12276 5707,12236 5598,12188 5512,12160 5425,12133 5355,12111 5168,12050
Frederiksgårds Alle	1 4618,12793 4641,12764 4684,12745 4708,12745 4771,12741 4859,12752 4926,12781 4976,12807
Hillerødgade	1 4921,13032 4992,13040
Hareskovvej	1 5193,14300 5172,14317 5137,14343 5111,14361 5061,14389 4982,14430 4908,14463 4861,14486 4815,14508 4792,14518 4740,14546 4720,14575
Hareskovvej	1 4720,14575 4748,14576 4806,14549 4848,14536 4873,14528 4905,14522 4945,14509 4983,14489 5024,14460 5065,14425 5119,14386 5139,14373 5173,14346 5202,14323 5228,14300
Treppe	0:30 4585,15797 4570,15855
Lyngbyvej	1 5010,20305 5062,20282 5098,20254
Lyngbyvej	1 4847,20514 4848,20486 4866,20416 4892,20372 4932,20336 4972,20320 5010,20305
Nørgaardsvej	1 4460,21301 4498,21248
Kanalvej	1 4583,21494 4406,21376 4400,21385 4561,21492 4577,21502
	1 4514,21455 4556,21483 4561,21492
Hammelstrupvej	1 5845,7517 5914,7594 5948,7630 5966,7649 6076,7761 6088,7773 6105,7789 6119,7792
	1 5903,7255 5855,7231
	1 5866,7188 5916,7216 6039,7276
	1 5855,7231 5866,7188 5889,7102 5936,7141 5916,7216 5903,7255
Spontinisvej	1 5914,7594 5857,7670 5812,7728
Ellebjergvej	1 5531,8033 5671,8030 5722,8030 6159,8031
Ellebjergvej	1 5455,8035 5531,8033
Ellebjergvej	1 5543,8021 5463,8024
Ellebjergvej	1 6172,8020 5923,8018 5789,8017 5722,8016 5674,8017 5543,8021
Pilestykket	1 5316,8039 5317,8074 5319,8112 5320,8150
Sjælør Boulevard	1 6147,8076 6134,8101 6105,8256 6104,8261 5881,9385
Årestrupvej	1 5289,9278 5273,9380 5272,9394 5263,9482
Kjeldsgårdsvej	1 5659,9343 5641,9494
Lillegade	1 5245,9820 5259,9756 5274,9732 5366,9699
Kirkevænget	1 5744,9683 5740,9671 5732,9661 5720,9671 5714,9681 5708,9741 5713,9753 5720,9764 5729,9752 5736,9743 5744,9683
Valhøj Alle	1 5521,9843 5470,9745 5578,9720
Sjælør Boulevard	1 5892,9388 6111,8257 6120,8215 6146,8081 6147,8076
Æblevej	1 5272,13129 5274,13143 5272,13212 5273,13230
Hareskovvej	1 5202,14323 5239,14312 5272,14307 5294,14299 5321,14285
Borups Allé	1 5403,13826 5344,13924 5306,14021 5278,14114 5264,14187
Borups Allé	1 5403,13826 5353,13877 5326,13930 5291,14010 5260,14092 5237,14172 5212,14255 5193,14300
Borups Allé	1 5453,13808 5471,13778 5517,13676
Frederikssundvej	1 5783,14172 5694,14201 5592,14234
Frederikssundsvej	1 5592,14234 5700,14215 5783,14172
Borups Allé	1 5228,14300 5279,14239 5316,14142 5400,13949 5422,13891 5453,13808
Borups Allé	1 5264,14187 5309,14115 5353,14008 5395,13899 5453,13808
Borups Allé	1 5517,13676 5462,13758 5403,13826
Præstelængen	1 5717,14816 5715,14671 5706,14659 5695,14670 5697,14816 5705,14832 5717,14816
Degnestavnen	1 5811,14605 5791,14757 5781,14846
Treppe	0:30 5121,18253 5108,18208
Treppe	0:30 5531,19595 5541,19599
Lyngbyvej	1 5120,20226 5177,20102
Lyngbyvej	1 5142,20069 5132,20083 5095,20142
Lyngbyvej	1 5304,19756 5290,19813 5279,19865 5196,19994 5142,20069
Lyngbyvej	1 5302,19912 5337,19860
Lyngbyvej	1 5177,20102 5234,20015 5278,19949 5302,19912
Lyngbyvej	1 8080,15216 8047,15314 8003,15456 7979,15544 7937,15668 7935,15673 7930,15693 7886,15812 7815,16031 7789,16114 7753,16226 7742,16254 7715,16323 7656,16416 7618,16476 7591,16516 7539,16591 7528,16607 7519,16619 7475,16680 7463,16697 7445,16722 7416,16761 7362,16839 7340,16870 7311,16914 7249,17007 7189,17097 7123,17196 7063,17283 6938,17471 6904,17517 6854,17588 6814,17642 6774,17698 6734,17757 6704,17800 6652,17877 6608,17943 6550,18028 6410,18235 6376,18287 6370,18296 6361,18309 6325,18363 6312,18383 6256,18469 6195,18561 6166,18605 6094,18704 6087,18715 5968,18879 5911,18945 5843,19025 5794,19083 5770,19118 5712,19199 5586,19380 5560,19416 5554,19425 5528,19462 5521,19473 5434,19595 5372,19685 5304,19756
Lyngbyvej	1 5337,19860 5375,19813 5389,19798 5415,19771 5500,19709 5510,19692
Lyngbyvej	1 5510,19692 5524,19667 5526,19618 5531,19595 5534,19576 5576,19512 5590,19491 5625,19432 5709,19310 5797,19183 5897,19059 5944,18999 6087,18826 6174,18696 6202,18654 6375,18393 6405,18347 6459,18266 6467,18255 6542,18145 6595,18068 6647,17993 6704,17909 6740,17854 6773,17804 6819,17735 6913,17596 6964,17519 6974,17504 7066,17372 7102,17320 7112,17306 7184,17202 7230,17139 7389,16910 7415,16872 7461,16804 7484,16770 7567,16647 7614,16576 7684,16466 7713,16418 7751,16354 7780,16303
Lyngbyvej	1 5095,20142 5079,20201
	1 5517,20212 5526,20199 5516,20194
	1 5500,20225 5488,20238 5502,20244
Lyngbyvej	1 5098,20254 5120,20226
Firskovvej	1 5315,21284 5247,21302 5035,21358 5006,21386 5043,21371 5247,21320 5297,21305 5321,21300 5315,21284
Sjælør Boulevard	1 6197,7965 6228,7813
Mozarts Plads	1 6637,7885 6621,7865 6598,7853 6573,7852 6545,7874
Offenbachsvej	1 6320,7689 6294,7823
Straussvej	1 6394,7701 6367,7835
Schubertsvej	1 6440,7845 6467,7713
Beethovensvej	1 6538,7725 6510,7857
Glucksvej	1 6573,7852 6604,7734
Straussvej	1 6339,7974 6351,7905 6367,7835
Offenbachsvej	1 6294,7823 6261,7987
Buschvej	1 6704,7515 6656,7589 6623,7636
H/F Havebyen Mozart	1 6409,7374 6569,7416 6650,7440 6738,7466
	1 5970,7333 5983,7294
	1 5983,7294 6009,7306
	1 6144,6795 6130,6902 6095,7189 6077,7212 6042,7225
	1 6331,7177 6366,6919 6376,6816 6331,6812 6283,6807 6237,6803 6190,6799 6144,6795
H/F Havebyen Mozart	1 6656,7589 6571,7563 6557,7546 6558,7528 6552,7510 6558,7475 6569,7416
Sjælør Boulevard	1 6170,7839 6146,7957
Bavnehøj Alle	1 6488,8966 6500,8977 6514,8976 6574,8977 6593,8978 6906,8985
Bavnehøj Alle	1 6573,8966 6573,8972 6574,8977
Bavnehøj Alle	1 6900,8968 6817,8967 6742,8966 6670,8966 6637,8965 6573,8966 6518,8966 6488,8966
Gustav Bangs Gade	1 6723,8155 6678,8180 6556,8243
Sjælør Boulevard	1 6146,7957 6197,7965
Kammasvej	1 6339,10056 6347,10041 6346,10027 6333,10018 6288,10002 6278,10004
Jacobys Alle	1 6355,10503 6486,10481 6577,10468 6630,10465
Frederiksberg Bredegade	1 6441,11089 6404,11097 6252,11125
Frederiksberg Alle	1 6446,10759 6437,10756 6389,10759
Maglekildevej	1 6553,10842 6768,10807
Maglekildevej	1 6770,10815 6555,10851
Frederiksberg Alle	1 6392,10775 6438,10767 6446,10759
Sindshvilevej	1 6751,11876 6571,11944 6468,11984
Ærøvej	1 6237,12267 6197,12165
Bogøvej	1 6276,12137 6319,12238
Bentzonsvej	1 6243,12149 6162,11967 6149,11940
Guldborgsvej	1 6093,12201 6003,11993
Lollandsvej	1 6074,11968 6165,12176
Langelandsvej	1 6322,12121 6236,11936 6218,11902 6213,11887 6143,11721
Folkvarsvej	1 6589,11633 6342,11720
Helgesvej	1 6407,11850 6511,11809 6664,11750
Bjarkesvej	1 6218,11902 6303,11870 6333,11881 6407,11850
Guldborgsvej	1 5922,11796 6003,11993
Bentzonsvej	1 6063,11750 6138,11917 6149,11940
Holger Danskes Vej	1 6394,12209 6650,12121
Holger Danskes Vej	1 6394,12209 6319,12238 6237,12267 6097,12317
Dronning Olgas Vej	1 6794,12236 6470,12384 6330,12440
Vibevej	1 5945,13282 5867,13228
Bispeengbuen	1 5990,13160 6023,13156 6079,13149 6190,13136 6276,13127 6332,13116 6400,13100 6449,13078 6509,13029 6561,12968 6586,12912 6601,12848 6605,12791 6610,12721 6619,12683 6633,12643 6648,12613 6664,12570
Ågade	1 6510,13070 6552,13018 6584,12969 6609,12896 6624,12827 6627,12755 6635,12703 6672,12619 6700,12534
Bispeengbuen	1 6664,12570 6636,12603 6621,12631 6600,12677 6594,12717 6590,12792 6586,12847 6566,12920 6546,12964 6500,13019 6437,13069 6392,13090 6336,13104 6256,13118 6184,13125 6062,13143 6022,13148 5990,13160
Landsdommervej	1 6296,14542 6323,14533 6379,14527 6520,14526
Birkedommervej	1 6296,14542 6202,14543 6107,14542
Birkedommervej	1 6193,14509 6202,14543
Birkedommervej	1 6200,14578 6202,14543
Jacob Lindbergs Vej	1 6404,15232 6389,15229 6293,15206 6253,15196
Filosofvænget	1 6195,15492 6192,15485 6186,15477 6142,15565 6140,15570 6142,15575 6146,15577 6184,15577 6189,15574 6191,15568 6195,15506 6195,15492
Tagensvej	1 6498,15156 6494,15154 6486,15158 6481,15162 6469,15176 6455,15193 6451,15197 6455,15200 6460,15201 6479,15204 6485,15200 6490,15192 6498,15164 6498,15156
Jacob Lindbergs Vej	1 6416,15215 6471,15228 6518,15237
Bispebjerg Torv	1 6258,15421 6258,15405 6258,15383 6243,15371
Bispebjerg Parkallé	1 6233,15826 6454,15854 6573,15857 6669,15846 6775,15801 6855,15758 6864,15755 6883,15741
Bispebjerg Parkallé	1 6524,15804 6469,15800 6444,15798 6354,15789 6241,15774
Emdrup Torv	1 6131,16140 6128,16133 6123,16123 6116,16108 6112,16100 6115,16085 6116,16073 6110,16058 6100,16045
Kaninbuen	1 6352,16767 6343,16830 6341,16840 6345,16846 6379,16845 6384,16842 6387,16835 6399,16764
Treppe	0:30 6070,17698 6080,17708
Treppe	0:30 6307,18372 6312,18383
Fuglegårdsvej	1 6325,18363 6310,18362 6287,18361 6154,18351 6138,18356 6135,18360
Fuglegårdsvej	1 6135,18360 6138,18362 6154,18370 6286,18381 6308,18383 6312,18383
Tjørnestien	1 6233,19847 6243,19616
Jægersborg Allé	1 5715,20538 5748,20543 5790,20544 5885,20541 6007,20536 6091,20533 6135,20535 6211,20537 6282,20540 6335,20542
Jægersborg Allé	1 6335,20542 6283,20527 6245,20514 6202,20506 6136,20516 6092,20523 5791,20535 5750,20532 5722,20529
Vejporten	1 6229,24197 6219,24208
Vejporten	1 6293,24198 6249,24200 6229,24197
Vejporten	1 6219,24208 6248,24208 6293,24198
Sydhavnsgade	1 7450,7246 7360,7314 7278,7397 7191,7517 7148,7582 7127,7647 7004,8026 6972,8121 6931,8215 6890,8321 6876,8397
Borgmester Christiansens Gade	1 6758,7819 7084,7646 7127,7647 7141,7651
Sydhavnsgade	1 6876,8397 6910,8338 6971,8178 6987,8140 7023,8032 7141,7651 7165,7588 7205,7526 7287,7410 7364,7329 7463,7262
H/F Havebyen Mozart	1 6711,7502 6738,7466
Scandiagade	1 6972,8121 6971,8178 7127,8484
Vasbygade	1 7127,8484 7204,8617 7232,8646 7264,8672 7293,8687 7326,8702 7916,8854 7974,8876 8007,8888 8065,8936 8100,8992 8109,9045 8114,9158 8122,9247 8153,9315 8201,9373
Vasbygade	1 8214,9370 8189,9334 8168,9304 8142,9247 8131,9158 8129,9042 8125,9024 8118,8985 8077,8926 8014,8877 7919,8841 7403,8709 7317,8682 7281,8665 7254,8646 7231,8626 7209,8594 7137,8478
Scandiagade	1 7137,8478 6986,8183 6987,8140
Sønder Boulevard	1 7120,9575 7212,9600 7268,9616 7321,9635 7385,9658 7497,9708 7528,9723 7579,9751 7632,9782 7722,9837 7767,9865 7841,9926 7936,10005 8006,10057
Sønder Boulevard	1 7118,9546 7082,9538
Sønder Boulevard	1 7089,9567 7120,9575
Sønder Boulevard	1 8016,10045 7965,9998 7923,9961 7879,9924 7792,9858 7768,9837 7695,9787 7625,9748 7539,9701 7481,9671 7389,9634 7329,9611 7221,9574 7118,9546
Lindevej	1 7095,10936 7183,11155
Grundtvigsvej	1 6956,11134 6953,11143 6963,11144 6965,11136 6956,11134
Amicisvej	1 6843,11022 6827,10990 6813,10954 6799,10911
Nyvej	1 6924,10993 6845,10713 6842,10699
Mynstersvej	1 7181,10904 7107,10678 7103,10664
Holger Danskes Vej	1 6685,11988 6731,12094 6861,12042
Holger Danskes Vej	1 6633,12092 6650,12121 6731,12094
Dronning Olgas Vej	1 6794,12236 6946,12166
Jægersborggade	1 7264,12653 7100,12824 7020,12915
Farumgade	1 7058,13395 7024,13365 7001,13338 6991,13314 6989,13291
Nordbanegade	1 7024,13365 7074,13308 7073,13255 7073,13244 7073,13190 7082,13052 7100,13045
Sorgenfrigade	1 7196,13081 7285,13155
Holtegade	1 7330,13113 7233,13046 7187,13005
Asminderødgade	1 6822,13256 6821,13345 6822,13416
Julius Bloms Gade	1 7117,13072 7130,13059
Humlebækgade	1 7056,12456 7014,12391
Nordbanegade	1 7082,13052 7086,13020
Ole Jørgensens Gade	1 6877,13579 6941,13681
Hothers Plads	1 6962,13815 6941,13747 6916,13752 6934,13822
Bispebjerg Parkallé	1 6524,15804 6565,15804 6607,15800 6640,15793 6694,15777 6741,15760 6801,15728 6850,15702
Banebrinken	1 6818,15976 6860,15876 6895,15816 6898,15809 6899,15803 6897,15796 6855,15758
Treppe	0:30 6779,16152 6790,16112
Treppe	0:30 6433,18396 6440,18378
Treppe	0:30 6436,19919 6440,19906
Treppe	0:30 6814,20443 6813,20429
Treppe	0:30 6427,21086 6450,21082
Treppe	0:30 6731,21180 6775,21201
Vejporten	1 6383,24155 6390,24163 6398,24164 6407,24157 6408,24149 6400,24142 6393,24141 6384,24148 6383,24155
Vejlands Allé	1 7957,6724 7984,6749 8047,6802 8119,6883 8229,6997 8296,7048 8329,7069
Vejlands Allé	1 7957,6724 7992,6821 7988,6885 7970,6939 7932,6988 7885,7022 7756,7074
Vejlands Allé	1 8329,7052 8236,6982 8130,6874 8072,6810 7961,6694
Vejlands Allé	1 7885,7051 7904,7036 7966,6986 7996,6932 8008,6843 7998,6780 7984,6749 7961,6694
Vejlands Allé	1 7885,7051 7962,7049 8012,7036 8115,7034 8215,7046 8329,7069 8396,7087 8500,7110 8582,7116 8608,7116 8702,7118 8813,7110 8936,7102 9041,7095 9159,7089 9279,7082 9437,7072 9435,7058 9286,7069 9157,7077 9040,7083 8925,7091 8810,7098 8705,7104 8589,7100 8506,7092 8405,7071 8329,7052
Sjællandsbroen	1 7756,7074 7632,7131 7590,7156 7537,7186 7450,7246
Sjællandsbroen	1 7463,7262 7549,7205 7642,7146 7763,7090
Vejlands Allé	1 8329,7052 8296,7048 8214,7032 8119,7022 8010,7024 7904,7036 7890,7036 7756,7074
Vejlands Allé	1 7763,7090 7885,7051
Skydebanegade	1 7877,10225 7882,10197 7936,10005
	1 7974,9231 7951,9216 7909,9189 7852,9163 7737,9135
Otto Busses Vej	1 7728,9169 7974,9231
Brosonsgade	1 7316,10527 7354,10447
Frederiksberg Alle	1 7360,10643 7373,10653 7377,10656 7405,10658 7425,10648 7433,10636 7434,10616 7433,10607 7418,10590 7405,10585 7389,10585 7368,10594 7354,10615 7353,10629 7360,10643
Hauchsvej	1 7332,10853 7272,10656 7271,10641
Sankt Thomas Alle	1 7405,10658 7406,10692 7409,10726 7436,10814
Eskildsgade	1 7883,10441 7911,10458 8031,10275 8116,10144
Absalonsgade	1 7965,10238 7891,10422 7883,10441
Henrik Rungs Gade	1 7321,12167 7338,12143 7344,12108 7336,12046 7328,11982
Gartnergade	1 7796,11957 7857,12033 7896,12081
Kapelvej	1 7871,12551 7784,12427 7776,12400 7755,12318 7740,12262 7722,12186 7709,12157 7653,12030
Julius Thomsens Gade	1 7847,11557 7857,11576
H. C. Ørsteds Vej	1 7487,11365 7472,11368
Tjørnegade	1 7755,12318 7870,12289
Stevnsgade	1 7764,12904 7737,12928 7706,12968 7683,13007 7672,13034 7662,13071 7656,13091 7655,13119 7686,13171 7687,13188 7679,13203 7665,13213 7645,13227
Heinesgade	1 7298,12984 7368,13072
Thorsgade	1 7448,13242 7347,13097
Meinungsgade	1 7769,12660 7831,12727 7939,12836
Peter Fabers Gade	1 7871,12551 8034,12722
Guldbergs Plads	1 7817,13354 7845,13338 7852,13324 7857,13278 7852,13230 7766,13234
Tibirkegade	1 7905,13028 7894,13056 7895,13072 7889,13093 7882,13110 7878,13126 7874,13141
Asnæsgade	1 7672,13034 7734,13045
Udbygade	1 7719,13103 7734,13045 7741,13028 7770,12983 7800,12941
Tibirkegade	1 7852,13230 7874,13141
Asnæsgade	1 7741,13028 7683,13007
Jagtvej	1 8415,14313 8386,14303 8352,14279 8315,14227 8277,14171 8230,14095 8143,13959 8134,13947 8073,13853 8013,13763 7907,13601 7840,13498 7811,13472
Jagtvej	1 7811,13472 7827,13509 7894,13611 8001,13769 8059,13862 8111,13942 8119,13956 8127,13969 8217,14104 8262,14178 8302,14236 8339,14285 8365,14316 8387,14323 8416,14334
Nannasgade	1 7439,13595 7523,13514
Emdrup Vænge	1 7901,15591 7736,15624 7659,15637 7586,15649
Lersø Park Allé	1 7708,14893 7818,14774
Emdrup Vænge	1 7880,15567 7725,15593 7647,15607 7575,15620
Emdrup Vænge	1 7594,15673 7668,15661 7747,15650
Emdrup Vænge	1 7858,15539 7713,15562 7635,15577 7563,15591
Emdrup Vænge	1 7914,15621 7747,15650
Emdrup Vænge	1 7668,15661 7659,15637 7647,15607 7635,15577 7628,15550
Bernstorffsvej	1 7742,16254 7784,16313 7810,16358
	1 7469,16583 7478,16596 7482,16610 7486,16625 7486,16641 7484,16657 7475,16680
Lyngbyvej	1 7780,16303 7808,16241 7871,16058
Spannecksvej	1 7424,19030 7442,19031
Spannecksvej	1 7441,19020 7424,19030
H. A. Clausens Vej	1 7133,19079 7152,19102
H. A. Clausens Vej	1 7152,19102 7162,19080
Vejlands Allé	1 8608,7116 8589,7100
Halmtorvet	1 8190,10215 8202,10204 8175,10179 8117,10130 8105,10117 8016,10045
Kalvebod Brygge	1 8201,9373 9110,10091
Halmtorvet	1 8006,10057 8029,10076 8116,10144 8190,10215
Kalvebod Brygge	1 8600,9668 8559,9620 8453,9542 8413,9511 8406,9504 8361,9469 8329,9435 8321,9429 8248,9371 8224,9352 8189,9334
Havneholmen	1 8240,9228 8232,9240 8236,9254 8250,9264 8267,9261 8277,9250 8273,9232 8259,9224 8240,9228
Kalvebod Brygge	1 9120,10078 8600,9668 8214,9370
Flæsketorvet	1 8284,10081 8270,10069 8198,10014
Flæsketorvet	1 8252,9927 8160,10026 8174,10038 8248,10091 8266,10100 8284,10081 8346,10016 8364,9996 8371,9991 8357,9982 8347,9990 8270,10069
Flæsketorvet	1 8174,10038 8198,10014 8265,9936 8252,9927
Havneholmen	1 8413,9511 8418,9506 8432,9507 8442,9497 8442,9482 8430,9474 8415,9477 8408,9485 8411,9499 8406,9504
Dybbølsbro	1 8403,9508 8387,9527 8383,9538
Dybbølsbro	1 8406,9504 8403,9508
Vester Søgade	1 8293,11495 8246,11141 8223,10961 8206,10855 8201,10821 8196,10789 8203,10746
Reverdilsgade	1 8465,10451 8558,10502
Vesterbrogade	1 7973,10595 7984,10529
Sankt Jørgens Alle	1 8203,10746 8252,10617
Nørre Voldgade	1 8594,11240 8661,11295 8902,11605 8983,11717 9062,11797 9162,11908 9371,12128
Halmtorvet	1 8413,10348 8407,10344 8396,10343 8392,10344 8384,10349 8380,10355 8380,10365 8383,10373 8388,10377 8395,10379 8401,10380 8407,10378 8412,10375 8418,10367 8418,10356 8413,10348
Nyropsgade	1 8376,11296 8346,11126 8319,10951
Nyropsgade	1 8295,10792 8306,10789
Nyropsgade	1 8294,10782 8295,10792
Halmtorvet	1 8380,10355 8313,10312 8266,10282 8193,10217
Vesterbrogade	1 7963,10637 7973,10595
Vesterbrogade	1 7953,10674 7963,10637
Slotsgade	1 8118,12366 8047,12265
Kjeld Langes Gade	1 8433,11767 8557,11706
Turesensgade	1 8465,11572 8357,11610
Turesensgade	1 8465,11572 8574,11509
Sankt Hans Gade	1 8316,12589 8471,12473
Læsøgade	1 8661,12503 8567,12574 8427,12688
Nørre Allé	1 8327,13133 8323,13206 8329,13283 8334,13347 8341,13444 8348,13604 8356,13757 8361,13883 8361,13897 8367,13984 8372,14115 8374,14179 8377,14227 8386,14303 8387,14323
Birkegade	1 8131,12470 8107,12602 8149,12647
Egegade	1 8208,12515 8126,12579 8107,12602
Sankt Hans Gade	1 8578,12395 8471,12473
Nørre Allé	1 8416,14334 8415,14313 8396,14226 8391,14179 8388,14116 8383,13987 8380,13897 8380,13884 8376,13761 8368,13613 8360,13452 8350,13335 8342,13197 8327,13133
Jagtvej	1 8416,14334 8538,14375 8607,14399 8721,14437 8781,14458 8838,14477 8896,14497 8954,14516 9048,14548 9108,14568 9343,14648 9386,14662
Universitetsparken	1 8380,13897 8434,13896
Universitetsparken	1 8380,13884 8361,13883 8259,13889 8239,13892 8210,13903 8134,13947 8119,13956
Lyngbyvej	1 8365,14420 8335,14418 8270,14604 8277,14656
Lyngbyvej	1 8055,15415 8153,15145 8183,15060 8196,14979 8236,14850 8279,14715 8363,14494 8416,14334
Lyngbyvej	1 8387,14323 8365,14420 8340,14489 8277,14656 8260,14708 8215,14844 8179,14945 8156,15050 8132,15135 8039,15414
Lersø Park Allé	1 7925,14575 7962,14473 7995,14314 8019,14203 8031,14147 8045,14082 8059,14029 8076,14003 8099,13986 8127,13969
Lersø Park Allé	1 8119,13956 8064,13995 8047,14023 8031,14088 8019,14145 8008,14200 7984,14313 7951,14464 7925,14575
Jagtvej	1 9382,14641 9323,14620 9288,14609 9183,14573 9115,14550 9092,14542 9054,14529 8969,14501 8904,14478 8727,14419 8544,14357 8415,14313
Universitetsparken	1 8440,13883 8402,13884 8380,13884
Universitetsparken	1 8127,13969 8143,13959 8222,13910 8258,13901 8361,13897 8380,13897
Lersø Park Allé	1 7986,14494 8019,14317 8042,14205 8065,14094 8084,14018 8099,13986
Lersø Park Allé	1 8000,14019 8021,14034 8003,14115 7982,14213 7965,14310 7935,14448 7915,14541 7881,14623
Teglværksgade	1 8302,14236 8225,14301 8183,14333
Ryparken	1 8111,15863 8125,15860 8179,15693
Ryparken	1 8151,15648 8095,15815 8082,15820
Ryparken	1 8057,15783 8069,15773 8120,15615 8132,15617
Ryparken	1 8091,15564 8040,15728 8028,15740
Emdrupvej	1 7926,15672 7935,15673 7983,15682
Emdrupvej	1 7985,15677 7937,15668 7926,15672
Sankt Kjelds Plads	1 8531,14834 8546,14831 8560,14816 8560,14802 8551,14789 8531,14783 8518,14787 8509,14796 8505,14813 8512,14825 8531,14834
Lyngbyvej	1 7871,16058 7916,15913 7948,15807 7974,15714 7983,15682 7985,15677 8029,15540 8050,15474 8088,15363 8129,15234 8153,15145
Lyngbyvej	1 8132,15135 8080,15216
Ryparken	1 8352,15972 8341,15954 8304,16080 8307,16093 8322,16069 8352,15972
Ryparken	1 8313,15908 8264,16059 8250,16069
Ryparken	1 8221,16026 8234,16024 8286,15865
Ryparken	1 8258,15821 8209,15976 8193,15985
Ryparken	1 8168,15948 8181,15939 8233,15780
Ryparken	1 8202,15730 8149,15897 8142,15910
Ryparken	1 8009,15824 8024,15780 8040,15758
Ryparken	1 8111,15863 8080,15872 8050,15852 8048,15835 8070,15802
Treppe	0:30 8462,17283 8457,17271
Treppe	0:30 8310,18063 8326,18061
Treppe	0:30 8373,18141 8380,18156
Ellevadsvej	1 8130,19332 8133,19320 8121,19323 8116,19335 8130,19332
Vilvordeparken	1 8176,20926 8181,20926 8183,20917 8179,20913 8175,20919 8176,20926
Kratvænget	1 8513,21106 8403,21073 8391,21073 8382,21075 8377,21081 8358,21120 8360,21128 8365,21134 8371,21136 8464,21157
Mitchellsgade	1 9177,10144 9057,10282
Nørre Voldgade	1 9193,11896 9166,11859 9132,11819 9097,11776 9039,11715 8999,11672 8870,11515 8788,11406 8682,11264 8612,11211
Lavendelstræde	1 8990,10916 9054,10981 9108,11029
Kompagnistræde	1 9172,10980 9246,11027 9290,11054 9318,11077
Larsbjørnsstræde	1 8960,11132 8899,11227
Anker Heegårds Gade	1 9280,10365 9239,10404 9125,10493
Knabrostræde	1 9391,11015 9368,11037 9318,11077 9265,11130 9213,11223 9175,11264
Brolæggerstræde	1 9265,11130 9206,11092
Larsbjørnsstræde	1 8899,11227 8861,11287
Store Kannikestræde	1 9173,11386 9213,11408 9254,11444
Rømersgade	1 8965,11991 8894,11895
Tornebuskegade	1 9166,11859 9242,11820
Åbenrå	1 9460,11710 9349,11765 9242,11820
Gammeltoftsgade	1 8916,12470 9124,12325
Ole Suhrs Gade	1 9155,12359 8950,12510
Rørholmsgade	1 9189,12398 8982,12549
Teglgårdsstræde	1 8861,11287 8788,11406
Krystalgade	1 9295,11559 9235,11522 9140,11483 9114,11475
Larslejsstræde	1 8870,11515 8940,11324
Store Kannikestræde	1 9342,11536 9254,11444
Frederik V's Vej	1 8734,13393 8670,13333 8775,13238 8837,13292
Blegdamsvej	1 8801,13035 8795,13042 8700,13138 8684,13126 8670,13140 8712,13177 8729,13163 8710,13145 8806,13052 8813,13045
Blegdamsvej	1 8669,12916 8673,12932 8732,12985 8795,13042 8806,13052 8839,13082 8950,13182 8957,13189 9020,13246 9152,13365 9263,13466 9306,13505 9334,13519
Blegdamsvej	1 9338,13522 9325,13495 9273,13448 9213,13394 9137,13326 9033,13232 8989,13192 8952,13157 8843,13060 8782,13006 8688,12920 8669,12916
Gunnar Nu Hansens Plads	1 9101,14156 9102,14177 9235,14186 9292,14190 9324,14169
Gunnar Nu Hansens Plads	1 9324,14169 9234,14163 9101,14156
Sankt Kjelds Gade	1 8603,14766 8593,14794
Tåsingegade	1 8704,14755 8603,14766
Treppe	0:30 8632,16657 8635,16676
	1 8604,16407 8586,16407
Treppe	0:30 8538,17258 8534,17244
Treppe	0:30 8713,17105 8715,17087 8716,17071
Treppe	0:30 8568,17080 8555,17098
Einar Holbølls Vej	1 8917,18948 8916,18956
Einar Holbølls Vej	1 8916,18956 8920,18953
Treppe	0:30 8505,18110 8505,18093
Treppe	0:30 8510,18713 8517,18725
Treppe	0:30 8471,18732 8476,18742
Treppe	0:30 8476,18742 8486,18769
Dronning Louises Vej	1 8920,18953 8922,18947
Dronning Louises Vej	1 8922,18947 8917,18948
Treppe	0:30 9004,19391 9020,19383
Treppe	0:30 9051,19484 9049,19471
Treppe	0:30 8932,19425 8943,19420
Chl. Stationsplads	1 8893,19361 8887,19354 8879,19353 8875,19358 8877,19368 8901,19409 8905,19415 8911,19416 8917,19405 8893,19361
Treppe	0:30 9004,19509 9006,19497
Trunnevangen	1 8685,19566 8739,19653
Jensløvstværvej	1 8701,19564 8837,19496 8842,19492 8844,19485 8840,19486 8834,19486 8697,19553 8693,19557 8691,19563 8696,19564 8701,19564
Gotfred Rodes Vej	1 8464,21157 8571,21187 8580,21186 8590,21177 8625,21114
Hegelsvej	1 8985,21001 8963,21017
Hegelsvej	1 8963,21017 8978,21028
Treppe	0:30 8529,20607 8530,20620
Vejlands Allé	1 10965,7254 10825,7247 10658,7243 10484,7239 10449,7235 10423,7229 10392,7218 10335,7193 10295,7174 10128,7098 10108,7089 10071,7074 9957,7034 9943,7035 9877,7034 9769,7041 9646,7048 9528,7053 9435,7058
Vejlands Allé	1 9437,7072 9529,7069 9647,7062 9763,7056 9873,7052 9936,7053 9960,7055 10076,7091 10130,7113 10236,7166 10303,7197 10333,7213 10409,7244 10434,7256 10487,7260 10782,7261 10964,7267
Ørestad Boulevard	1 9917,9055 9910,9061 9911,9073 9918,9078 9928,9079 9937,9072 9936,9059 9929,9054 9917,9055
Ved Langebro	1 9806,10186 9807,10177 9806,10165 9809,10154 9818,10147 9827,10139 9843,10125
Ved Langebro	1 9758,10173 9783,10170 9794,10170 9803,10176 9806,10186
Bremerholmen	1 9941,11100 9882,11172 9863,11204 9840,11252 9811,11328
Admiralgade	1 9839,11061 9787,11132 9767,11163 9729,11211 9706,11248 9701,11271 9702,11288 9693,11316
Nikolajgade	1 9785,11232 9760,11312 9759,11318 9750,11343
Store Kirkestræde	1 9619,11265 9702,11288
Læderstræde	1 9594,11246 9563,11233 9510,11199 9446,11168 9419,11155
Ved Stranden	1 9635,11160 9653,11153 9670,11145 9692,11133 9712,11118 9739,11092 9807,11044
Laksegade	1 9962,11279 9974,11240 9974,11228 9970,11215 9961,11207 9947,11199 9925,11189 9882,11172 9834,11152 9787,11132
Boldhusgade	1 9787,11132 9739,11092
Dybensgade	1 9767,11163 9811,11183 9863,11204 9909,11221
Hyskenstræde	1 9459,11088 9441,11109 9419,11155 9365,11246
Nikolaj Plads	1 9760,11312 9702,11288
Nikolajgade	1 9785,11232 9801,11202 9811,11183 9834,11152
Højbro Plads	1 9626,11173 9634,11167 9635,11160 9630,11155 9623,11154 9617,11157 9614,11163 9617,11170 9626,11173
Kompagnistræde	1 9419,11155 9400,11140 9375,11121
Kompagnistræde	1 9375,11121 9318,11077
Asylgade	1 9892,11266 9909,11221 9925,11189
Borgergade	1 9858,11626 9959,11837 9977,11873
Kongens Nytorv	1 9992,11387 9967,11450 9953,11512 9958,11522 9981,11569
Fredericiagade	1 9818,12275 9925,12232 9999,12202 10031,12189 10126,12148 10242,12100 10379,12040 10558,11970
Grønnegade	1 9871,11619 9842,11565 9833,11549 9816,11535 9744,11493
Ny Østergade	1 9859,11408 9834,11475 9816,11535 9776,11594
Olfert Fischers Gade	1 10260,12136 10143,12182 10047,12222 9998,12243 9942,12266 9836,12308
Pilestræde	1 9546,11550 9628,11505 9654,11471 9673,11428 9675,11421 9694,11377 9713,11324
Vognmagergade	1 9460,11710 9598,11624
Gammel Mønt	1 9733,11515 9707,11551 9700,11559 9646,11594 9598,11624
Kristen Bernikows Gade	1 9811,11328 9792,11368 9757,11469 9744,11493 9733,11515
Store Regnegade	1 9707,11551 9776,11594 9803,11649
Borgergade	1 9991,11867 9953,11788 9944,11769 9871,11619
Stokhusgade	1 9877,12382 9745,12441
Valkendorfsgade	1 9432,11359 9516,11454
Kronprinsensgade	1 9516,11454 9628,11505
Sværtegade	1 9707,11551 9628,11505
Sankt Pauls Gade	1 9856,12344 9958,12300
Hovedvagtsgade	1 9953,11512 9938,11507 9922,11503 9911,11499 9887,11491 9857,11482 9834,11475
Krusemyntegade	1 9877,12382 9977,12339
Zinnsgade	1 9373,13022 9483,12961
Collinsgade	1 9510,13011 9427,13064
Østerbrogade	1 9515,13353 9627,13395
Strandboulevarden	1 10285,13277 10295,13302 10298,13311 10296,13385 10280,13505 10266,13591 10258,13614 10236,13661 10209,13723 10182,13779 10139,13870 10109,13950 10096,14017 10084,14066 10065,14113 10039,14171 10018,14234 10000,14296 9972,14386 9954,14438 9926,14524 9899,14606 9893,14624 9887,14636 9873,14643 9851,14650 9773,14650 9712,14650 9651,14647 9529,14646 9459,14644 9382,14641
Koldinggade	1 9383,14379 9452,14381 9514,14382 9582,14384
Vordingborggade	1 9470,14515 9383,14513
Christiansmindevej	1 9251,14895 9380,14932
Strandboulevarden	1 9386,14662 9408,14662 9528,14666 9660,14668 9770,14671 9825,14671 9849,14672 9871,14667 9893,14658 9914,14640 9952,14525 9994,14390 10022,14300 10039,14251 10058,14195 10091,14118 10109,14070 10120,14021 10134,13956 10160,13881 10206,13784 10230,13731 10258,13674 10279,13625 10287,13601 10302,13514 10318,13396 10321,13309 10319,13297 10308,13281 10289,13267
Tuborg Boulevard	1 9265,16602 9356,16626 9512,16667
Tuborg Boulevard	1 9515,16654 9269,16588
Blidahpark	1 9258,18301 9264,18312 9272,18322 9282,18333 9298,18352 9311,18368 9324,18383 9336,18398 9348,18410 9358,18421 9366,18433 9374,18441 9381,18445 9390,18447 9398,18448 9405,18446 9413,18443 9419,18440 9428,18435 9438,18427 9448,18416 9451,18410 9454,18405 9455,18398 9455,18390 9451,18383 9445,18374 9436,18361 9428,18351 9421,18342 9411,18329 9405,18320 9398,18311 9390,18300 9380,18288 9372,18277 9362,18264 9352,18246 9340,18225
Treppe	0:30 9244,19876 9250,19873
Treppe	0:30 9250,19873 9253,19880
Treppe	0:30 9268,19865 9271,19864 9274,19863 9277,19862 9281,19862 9284,19862 9288,19859
Treppe	0:30 9277,19862 9279,19859 9280,19855
Treppe	0:30 9516,20311 9497,20323
Treppe	0:30 9646,20691 9680,20683
Treppe	0:30 9720,20675 9744,20670
Hvidørevej	1 9744,21240 9749,21255 9766,21261 9782,21254 9787,21243 9785,21232 9776,21226 9764,21224 9751,21226 9744,21240
Skovporten	1 9357,21939 9384,21872 9396,21845 9398,21827 9397,21804 9365,21605 9363,21590 9367,21579 9371,21571
	1 9371,21571 9362,21577 9358,21591 9358,21604 9390,21787 9393,21821 9390,21846 9379,21873 9359,21913 9351,21936
Dyrehavevej	1 9260,21924 9343,21950 9359,21950 9376,21943 9357,21939 9351,21936 9345,21936 9256,21907 9248,21913 9252,21919 9260,21924
Treppe	0:30 9562,24984 9572,24993
Treppe	0:30 9596,25015 9608,25026
Vestermarksvej	1 10959,7364 10781,7359 10778,7362 10562,7351 10486,7352 10405,7349 10394,7347
Ørestad Boulevard	1 10259,8637 10272,8646 10291,8640 10297,8622 10287,8608 10275,8604 10265,8606 10256,8622 10259,8637
Ørestad Boulevard	1 10161,8776 10170,8780 10184,8777 10189,8766 10184,8755 10175,8751 10164,8754 10157,8769 10161,8776
Herluf Trolles Gade	1 10193,11348 10354,11277 10469,11229
Peder Skrams Gade	1 10292,11067 10228,11212 10173,11334
Amagergade	1 10467,10340 10569,10443
Prinsessegade	1 10419,10381 10516,10486
Treppe	0:30 10077,10851 10076,10880
Bredgade	1 10482,12271 10485,12259 10379,12040 10332,11940 10243,11758 10207,11684 10201,11669 10154,11569 10123,11506
Store Kongensgade	1 9981,11569 10028,11668 10055,11725 10064,11742 10101,11820 10190,11998 10224,12065 10242,12100 10260,12136 10278,12170 10310,12236 10306,12253 10293,12286 10283,12321 10280,12333 10261,12388 10248,12429 10233,12474 10199,12576 10160,12694
Sankt Pauls Gade	1 10161,12218 10278,12170
Hindegade	1 10224,12065 10108,12112
Borgergade	1 9977,11873 9996,11890 9991,11867
Bornholmsgade	1 10330,12351 10351,12292 10360,12246
Hammerensgade	1 10283,12321 10307,12336 10330,12351 10358,12368 10393,12387
Kongens Nytorv	1 10123,11506 10103,11473 10059,11413 9992,11387
Kongens Nytorv	1 9981,11569 10123,11506
Borgergade	1 10244,12384 10229,12353 10212,12320 10196,12286 10178,12251 10161,12218 10143,12182 10126,12148 10108,12112 10089,12074 10053,12003
Sankt Pauls Gade	1 10161,12218 10091,12246 10064,12257 9997,12284 9958,12300
Kristianiagade	1 10258,13245 10266,13254 10285,13277
Trondhjems Plads	1 10182,12965 10136,13003
Kristianiagade	1 10289,13267 10258,13245
Vordingborggade	1 10145,14619 10226,14651
Århusgade	1 10310,14454 10224,14436
Gammel Kalkbrænderi Vej	1 10091,14118 10306,14156
Ordrup Jagtvej	1 9951,19935 9953,19949 9956,19953 9960,19955 10001,19949 10003,19943 10001,19906 9996,19904 9955,19906 9949,19912 9949,19926 9941,19930 9951,19935
Taarbæk Strandvej	1 10354,23454 10358,23460 10365,23456 10361,23449 10354,23454
Treppe	0:30 10132,23440 10132,23453 10132,23472
Englandsvej	1 11246,6192 11228,6193 11216,6207 11220,6225 11231,6233 11250,6232 11261,6218 11260,6203 11246,6192
Vejlands Allé	1 10964,7267 11049,7269 10965,7254
Prags Boulevard	1 11815,10005 11434,9876 11413,9868 11362,9852 11267,9820 11264,9805 11230,9793 11216,9783 11161,9762 11106,9741 11042,9720
Brysselsgade	1 11254,9410 11327,9454
Vermlandsgade	1 10744,10213 10757,10209 10778,10203 10810,10202 10858,10205
Fabriksmestervej	1 11190,11781 11066,11837 11083,11872 11202,11817 11197,11781
Orlogsværftsvej	1 11167,11738 11047,11789 11026,11747 11144,11694
Langelinie Alle	1 10954,13802 10959,13810 10965,13804 10963,13655 10958,13492 10937,13210 10929,13201 10921,13210 10944,13493 10947,13656 10954,13802
Østersøvej	1 11228,16241 11194,16175
Treppe	0:30 10567,20424 10612,20427
Treppe	0:30 10866,20277 10871,20264
Sigbrits Alle	1 11510,8984 11561,8898
Søren Norbys Alle	1 11561,8898 11618,8924
Parmagade	1 11829,8391 12102,8464 12182,8491
Rødegård	1 11770,9446 11771,9430 11785,9428 11785,9410 11821,9399 11844,9313
Prags Boulevard	1 11831,10043 12294,10218
Prags Boulevard	1 11787,10018 11428,9894
Prags Boulevard	1 12305,10195 12117,10125 12090,10115 12030,10094 11834,10021
Rødegård	1 11866,9236 11844,9313
Rødegård	1 11837,9225 11749,9371 11747,9388 11757,9401 11785,9410
Italiensvej	1 12582,8681 12672,8712 12763,8745 12848,8776 12919,8799 13042,8833 13164,8865
Italiensvej	1 13171,8848 13048,8815 12944,8785 12854,8756 12770,8728 12682,8695 12591,8663 12329,8569
Lufthavnsboulevarden	1 12994,5848 13006,5844 13011,5837 13010,5828 13004,5821 12991,5820 12982,5826 12980,5834 12984,5843 12994,5848
Greisvej	1 13279,7853 13122,7802 12985,7755
Greisvej	1 12798,7689 12985,7755
Italiensvej	1 13201,8873 13288,8892 13385,8915 13436,8927 13514,8948
Italiensvej	1 13523,8933 13505,8926 13443,8910 13366,8891 13288,8875 13207,8857
Øresund Parkvej	1 13047,9745 12959,9725 12887,9707 12874,9732 12949,9748 13032,9771
Sandløkken	1 13742,453 13744,450 13745,447 13743,443 13739,440 13734,441 13730,446 13731,450 13736,454 13742,453
Ellehammersvej	1 14007,5944 14014,5931 14011,5912 13996,5899 13984,5897 13969,5900 13958,5909 13954,5934 13966,5949 13978,5954 13994,5953 14007,5944
Kastrupvej	1 13570,6459 13593,6461
Rådhusvænget	1 13549,6656 13595,6667 13735,6711
Kastrupvej	1 13570,6459 13580,6410 13532,6403 13526,6413 13519,6433 13541,6456 13570,6459
Kastrupvej	1 13559,6502 13570,6459
Pallesvej	1 13460,8510 13459,8496 13568,8499 13566,8514
Flyvervej	1 14633,5817 14619,5915
Amager Strandvej	1 14596,6555 14617,6542 14647,6499 14647,6477
Amager Strandvej	1 14647,6477 14625,6489 14596,6532 14596,6555
Ved Stationen	1 14235,6611 14238,6597 14250,6542 14262,6496
Ellehammersvej	1 14894,5992 14890,6008 14893,6024 14902,6035 14912,6041 14927,6045 14940,6043 14954,6036 14963,6026 14967,6016 14967,6003 14963,5992 14959,5986 14949,5978 14934,5973 14917,5974 14903,5981 14894,5992
Vestgrønningen	1 15946,1514 15955,1557 15957,1586
Rønne Alle	1 15956,1653 15970,1653 16063,1640 16201,1625 16240,1618
Vestgrønningen	1 15957,1586 15956,1653 15956,1674 15957,1719 15958,1764 15962,1972
Vestgrønningen	1 15973,1973 15971,1878 15971,1673 15970,1653 15967,1585
Strandlinien	1 16240,1618 16207,1552
Strandlinien	1 16238,1949 16233,1988
Vestgrønningen	1 15967,1585 15965,1560 15955,1511 15947,1495 15921,1454
