#: #: -*- coding: utf-8 -*-
#:encoding: utf-8
#:date: 20080810220007
#:
# Converted from openstreetmap data using ./miscsrc/osm2bbd
# DO NOT EDIT THIS FILE! Edit the original openstreetmap data!
#
Høje Tåstrup Stien: Fußweg	q1 -10583,7835 -10517,7868
Høje Tåstrup Stien: Fußweg	q1 -10517,7868 -10504,7908 -10355,8024 -10226,8059 -10195,8057 -9975,8103 -9802,8109 -9766,8104 -9504,8106
Fußweg	q1 -9244,188 -9255,187 -9271,197 -9282,202 -9408,108 -9446,79 -9457,70 -9465,70 -9491,83 -9506,85 -9521,82 -9531,87 -9584,119 -9607,134 -9620,143 -9633,149 -9634,158 -9629,167 -9608,200 -9591,218 -9599,226 -9620,241 -9727,310 -9737,311 -9746,307 -9773,298 -9790,304 -9815,321 -9856,339
Fußweg	q1 -10051,927 -10043,916 -10054,908
Fußweg	q1 -9992,875 -9961,913 -9941,899
Fußweg	q1 -9955,831 -9929,866 -9901,855
Fußweg	q1 -9916,784 -9889,822 -9861,805
Fußweg	q1 -9729,81 -9609,15 -9521,82
Fußweg	q1 -9983,988 -9936,966
Fußweg	q1 -9906,1219 -9894,1211
Fußweg	q1 -9756,1346 -9712,1372 -9705,1390 -9707,1401 -9717,1403 -9734,1383 -9748,1364 -9756,1346 -9895,1236
Fußweg	q1 -9888,1128 -9905,1136 -9906,1142 -9899,1149 -9901,1158 -9903,1167 -9895,1171 -9889,1162 -9885,1157 -9863,1146 -9853,1139 -9857,1126 -9879,1134 -9888,1128 -9889,1122 -9890,1111 -9872,1105
Fußweg	q1 -9889,1162 -9872,1196
Fußweg	q1 -9837,1175 -9853,1139 -9828,1121
Fußweg	q1 -9889,1122 -9853,1116 -9835,1110 -9787,1089
Fußweg	q1 -9835,1110 -9828,1121 -9807,1156
Fußweg	q1 -10056,1341 -9885,1252
Fußweg	q1 -10170,16921 -10170,16934 -10171,16947 -10174,16962 -10178,16990 -10182,17016 -10185,17037 -10188,17052 -10194,17069 -10201,17088 -10204,17096
Fußweg	q1 -5970,25150 -6068,25122 -6118,25106 -6176,25085 -6180,25046 -6183,25041 -6200,25026 -6278,25005 -6365,24984 -6432,24973 -6530,24974 -6615,24956 -6693,24946 -6732,24908 -6772,24862 -6800,24837 -6802,24837 -6839,24821 -6893,24826 -6940,24821 -6961,24860 -6997,24877 -7031,24904 -7173,25010 -7258,25021 -7338,25063 -7399,25094 -7408,25240 -7409,25351 -7419,25399 -7439,25447 -7478,25503 -7539,25551 -7614,25595 -7690,25637 -7714,25650 -7818,25681 -7876,25733 -7930,25789 -7984,25819 -8053,25855 -8114,25852 -8202,25842 -8269,25868 -8367,25913 -8450,25939 -8612,26026 -8615,26041 -8654,26069 -8702,26101 -8739,26123 -8763,26142 -8783,26154 -8789,26193 -8796,26215
Fußweg	q1 -7590,681 -7599,695
Fußweg	q1 -7394,596 -7406,612 -7420,633 -7431,635
Fußweg	q1 -7431,635 -7444,639 -7451,654 -7457,664 -7454,670 -7449,674 -7445,674 -7441,681 -7441,687 -7446,695
Fußweg	q1 -7452,564 -7451,557 -7448,551 -7443,538 -7443,529 -7444,518 -7446,508 -7444,475 -7441,464 -7436,454
Fußweg	q1 -7391,812 -7386,794 -7388,791 -7388,788 -7385,779 -7383,772 -7383,768 -7385,761 -7390,752 -7398,746 -7405,738 -7412,732 -7419,723 -7420,715 -7419,723 -7423,724 -7432,721 -7439,717 -7444,712 -7446,708 -7442,700 -7446,708 -7451,712 -7454,717 -7460,726 -7466,734 -7473,743 -7481,763
Spurvestien: Fußweg	q1 -7271,801 -7268,795 -7266,789 -7261,782 -7259,779 -7254,769 -7245,758 -7236,742 -7221,719 -7214,712 -7210,708 -7201,703 -7193,694 -7183,676 -7180,675 -7177,674 -7163,674 -7155,673 -7145,672 -7140,667 -7136,659 -7133,649 -7129,642
Fußweg	q1 -6990,1002 -6991,1013 -6998,1029
Fußweg	q1 -7014,8383 -6990,8388 -6988,8401 -6979,8405 -6899,8422 -6865,8428 -6776,8446 -6694,8461 -6665,8465 -6658,8453 -6648,8447 -6599,8467 -6574,8470 -6561,8484 -6552,8490 -6359,8530 -5964,8608 -5947,8621 -5917,8624 -5868,8633
Spindestræde: Fußgängerzone	q4 -6324,3784 -6312,3781 -6297,3768 -6360,3721
Settergården: Fußgängerzone	q4 -6165,3590 -6253,3647 -6360,3721
Grantofteparken: Fußweg	q1 -6680,15975 -6669,16083 -6658,16175
Grantofteparken: Fußweg	q1 -6593,16067 -6594,16081 -6588,16168 -6620,16171 -6658,16175 -6693,16179 -6731,16183 -6765,16186 -6804,16190 -6839,16194 -6878,16198 -6913,16202 -6951,16206 -6986,16209 -7021,16213 -7037,16118 -7047,16004 -7036,16003 -7026,16004 -7011,16001 -6988,16001 -6972,15998 -6948,15997 -6936,15996 -6931,15996 -6911,15993 -6899,15991 -6889,15991 -6870,15990 -6864,15989 -6849,15988 -6825,15987 -6807,15985 -6789,15982 -6767,15980 -6754,15979 -6746,15979 -6736,15978 -6724,15976 -6712,15977 -6702,15976 -6680,15975 -6643,15972 -6622,15970
Grantofteparken: Fußweg	q1 -6972,15998 -6962,16112 -6951,16206
Grantofteparken: Fußweg	q1 -6899,15991 -6890,16105 -6878,16198
Grantofteparken: Fußweg	q1 -6825,15987 -6814,16098 -6804,16190
Grantofteparken: Fußweg	q1 -6754,15979 -6742,16089 -6731,16183
Grantofteparken: Fußweg	q1 -7009,16127 -7001,16203 -6986,16209 -6976,16198 -6983,16126 -7000,16116 -7009,16127
Grantofteparken: Fußweg	q1 -6924,16110 -6937,16123 -6928,16194 -6913,16202 -6901,16192 -6909,16121 -6924,16110
Grantofteparken: Fußweg	q1 -6854,16101 -6862,16117 -6854,16186 -6839,16194 -6828,16185 -6837,16111 -6854,16101
Grantofteparken: Fußweg	q1 -6780,16095 -6789,16107 -6780,16179 -6765,16186 -6755,16176 -6763,16104 -6780,16095
Grantofteparken: Fußweg	q1 -6706,16086 -6717,16100 -6710,16169 -6693,16179 -6682,16167 -6690,16099 -6706,16086
Grantofteparken: Fußweg	q1 -6632,16079 -6641,16092 -6633,16166 -6620,16171 -6608,16160 -6616,16092 -6632,16079
Grantofteparken: Fußweg	q1 -7000,16116 -7002,16098 -7012,16089 -7020,16024 -7011,16001 -6996,16022 -6988,16091 -7002,16098
Grantofteparken: Fußweg	q1 -6924,16110 -6926,16089 -6938,16083 -6947,16010 -6936,15996 -6923,16010 -6917,16084 -6926,16089
Grantofteparken: Fußweg	q1 -6854,16101 -6854,16080 -6867,16075 -6873,16006 -6864,15989 -6848,16004 -6841,16074 -6854,16080
Grantofteparken: Fußweg	q1 -6780,16095 -6780,16075 -6791,16067 -6799,16001 -6789,15982 -6776,16002 -6768,16068 -6780,16075
Grantofteparken: Fußweg	q1 -6706,16086 -6707,16066 -6718,16059 -6728,15992 -6712,15977 -6702,15991 -6696,16055 -6707,16066
Grantofteparken: Fußweg	q1 -6632,16079 -6633,16059 -6646,16052 -6653,15985 -6643,15972 -6627,15987 -6621,16046 -6633,16059
Fußweg	q1 -6174,25279 -6178,25277 -6186,25275 -6337,25267 -6341,25268 -6458,25257 -6519,25263 -6582,25274 -6691,25300 -6754,25317 -6802,25333
Ishøjstien: Fußweg	q1 -6069,3537 -6125,3569
Ishøjstien: Fußgängerzone	q4 -6125,3569 -6165,3590
Fußweg	q1 -6015,3496 -5800,3778
Fußweg	q1 -5667,3958 -5605,4033
Fußweg	q1 -5800,3778 -5744,3856
Fußweg	q1 -5744,3856 -5667,3958
Fußweg	q1 -5605,4033 -5597,4078 -5507,4058 -5315,3999 -5291,4055 -5241,4091 -5245,4111 -5234,4120 -5386,4276
Fußweg	q1 -5432,4321 -5709,4601 -5631,4646 -5509,4696 -5372,4765
Fußweg	q1 -5386,4276 -5432,4321
Fußweg	q1 -5372,4765 -5263,4704
Fußweg	q1 -5270,11704 -5298,11960 -5331,12069 -5332,12093 -5281,12169 -5264,12176 -5242,12178 -5199,12165 -5182,12164 -5159,12158 -5144,12139 -5135,12120 -5111,12118
Fußweg	q1 -5574,22286 -5528,22291 -5463,22301 -5397,22311 -5345,22321 -5289,22331 -5227,22342 -5189,22348 -5115,22363 -5078,22373 -5039,22384
Fußweg	q1 -5726,25156 -5729,25084 -5770,25077 -5806,25066 -5816,25065 -5840,25077 -5856,25106 -5878,25135 -5902,25150 -5916,25164 -5928,25178
Fußweg	q1 -5262,25292 -5477,25292 -5490,25292 -5505,25353 -5547,25359 -5560,25358
Fußweg	q1 -4942,16300 -4890,16296 -4831,16283 -4746,16268 -4696,16259 -4434,16218
Fußweg	q1 -4434,16218 -4431,16256
Fußweg	q1 -4431,16256 -4419,16379
Fußweg	q1 -4744,18081 -4742,18097 -4733,18128 -4735,18145 -4756,18179 -4766,18211 -4768,18232 -4779,18252
Sivstien: Fußweg	q1 -976,4135 -997,4135 -1269,4140 -1344,4151 -1395,4152 -1714,4159 -1784,4158 -1843,4168 -1930,4162 -2016,4163 -2091,4161 -2142,4158 -2222,4139 -2262,4121 -2283,4114 -2312,4106 -2344,4108 -2389,4102 -2476,4062 -2544,4043 -2671,3976 -2733,3956 -2764,3937 -2782,3912 -3006,3773 -3225,3719 -3466,3658 -3565,3641 -3597,3624 -3623,3583 -3656,3536 -3781,3376 -3936,3190
Fußweg	q1 -3832,18449 -3849,18472 -3866,18522 -3871,18537 -3880,18554 -3896,18621
Fußweg	q1 -4587,26237 -4558,26261 -4518,26272 -4463,26282 -4489,26432 -4508,26448 -4528,26583 -4519,26594 -4577,26966 -4578,26970
Svingelstien: Fußweg	q1 -2671,3976 -2502,3830 -2504,3812 -2517,3779 -2497,3771 -2543,3757 -2550,3764
Fußweg	q1 -2497,3771 -2447,3745 -2400,3751 -2361,3765 -2278,3782 -2063,3816 -1830,3833 -1777,3838 -1661,3848 -1572,3850 -1492,3842 -1409,3834 -1316,3846 -1251,3849 -1036,3838 -1006,3843 -991,3855 -963,3829 -717,3822 -418,3795 -394,3811 -381,3804 -351,3790 -241,3779 -191,3765 159,3718 210,3721 328,3701 409,3670 512,3672 579,3685
Jernbanevej: Fußweg	q1 -2756,9544 -2745,9550 -2695,9559 -2678,9555 -2661,9558 -2642,9448 -2662,9426 -2760,9407
Fußweg	q1 -2663,10352 -2674,10337 -2694,10330 -2722,10327 -2775,10330 -2783,10328 -2789,10317 -2790,10257 -2795,10215 -2820,10157 -2837,10117 -2835,10107 -2824,10102 -2803,10101 -2761,10087 -2727,10077 -2698,10082 -2670,10108 -2660,10138 -2666,10261 -2657,10306
Fußweg	q1 -2081,9707 -2083,9751
Fußweg	q1 -2020,15366 -2015,15383
Fußweg	q1 -1723,16229 -1719,16251 -1733,16275 -1735,16306
Fußweg	q1 -955,4309 -997,4135
Fußweg	q1 -990,3933 -991,3895
Fußweg	q1 -991,3895 -991,3855
Fußweg	q1 -1004,4105 -990,3933
Fußweg	q1 -997,4135 -1004,4105
Fußweg	q1 -970,9534 -1052,9534
Fußweg	q1 -1052,9534 -1091,9539 -1122,9546 -1129,9547 -1152,9524 -1171,9510 -1185,9507 -1209,9501
Fußweg	q1 -798,9559 -913,9555 -933,9550 -949,9542 -970,9534
Fußweg	q1 -1081,18790 -1082,18818 -1073,18832 -1068,18849 -1079,18875 -1088,18924 -1096,19028
Fußweg	q1 16,18525 -88,18498 -148,18479 -185,18473 -259,18457 -337,18452 -421,18452 -480,18451 -497,18452 -540,18453 -561,18446 -596,18443 -809,18438 -825,18439 -839,18449 -847,18460 -934,18817 -961,18963 -975,18977 -1002,18988 -1024,19005 -1043,19016 -1068,19022 -1079,19026
Fußweg	q1 -396,4308 -399,4249 -402,4116 -384,3953
Fußweg	q1 -384,3953 -384,3903
Fußweg	q1 -384,3903 -381,3804 -384,3754
Fußweg	q1 -755,4265 -758,4200
Fußweg	q1 -758,4200 -759,4125
Fußweg	q1 -17,9538 -40,9552 -75,9552 -117,9554 -145,9553 -196,9548 -246,9549 -282,9546 -330,9544 -376,9544 -403,9550 -430,9553 -522,9549
Fußgängerzone	q4 -780,16059 -790,16058
Fußweg	q1 -939,18670 -964,18686 -997,18693 -1044,18683
Prinsessestien: Fußweg	q1 -1081,21443 -1070,21460 -1041,21499 -984,21573 -964,21594 -931,21615 -903,21647 -863,21695 -829,21720 -803,21731 -765,21743 -711,21770 -657,21790 -617,21803 -574,21821 -515,21847 -461,21876 -406,21904 -388,21926 -385,21960 -385,21995 -381,22015 -369,22039 -368,22063 -356,22082 -340,22099 -318,22105 -291,22109 -260,22104 -225,22105 -181,22099 -139,22095 -106,22089 -79,22089 -57,22093 -32,22085 -8,22078 12,22076 24,22080 47,22088 68,22096 88,22109 111,22130 124,22153 129,22190 136,22207 153,22223 173,22246 204,22288 220,22305 234,22322 247,22333 271,22351 293,22370 312,22383 337,22394 351,22402 368,22404 380,22399 414,22380 448,22359 475,22341 498,22328 517,22319 541,22306 589,22277 614,22257 646,22235 675,22228 692,22215 716,22196 742,22185 768,22176 797,22174 825,22172 846,22177 870,22176 888,22176 898,22177 901,22181 903,22194 906,22216 900,22240 906,22248 911,22264 918,22284 922,22292 944,22298 976,22305 995,22296 1010,22294 1027,22287 1059,22282 1092,22283 1138,22294 1176,22299 1214,22302 1244,22294 1283,22299 1310,22302 1343,22290 1384,22271 1420,22257 1459,22241 1477,22236 1536,22240 1588,22246 1608,22247 1630,22250 1650,22258 1671,22265 1859,22276 1939,22285 2058,22294 2142,22308 2192,22317 2222,22315 2253,22307 2289,22299 2368,22314 2419,22321 2461,22320 2500,22317 2607,22296 2645,22293 2672,22295 2695,22300 2710,22306 2730,22307 2748,22297 2771,22286 2798,22270 2816,22260 2834,22253 2856,22252 2880,22256 2907,22267 2926,22277 2950,22286 2970,22289 2987,22287 3003,22280 3020,22272 3036,22264 3043,22258 3054,22239 3054,22239
Fußweg	q1 409,3670 446,3579
Fußweg	q1 170,3675 181,3688 213,3693 372,3670 409,3670
Fußweg	q1 460,3537 478,3517 477,3488
Fußweg	q1 446,3579 460,3537
Fußweg	q1 5,9524 -2,9532 -17,9538 -25,9527 -32,9494 -45,9479
Fußweg	q1 68,9651 62,9643 63,9633 57,9604 47,9600 8,9601 -25,9603 -33,9600 -41,9605 -59,9626 -70,9628
Fußweg	q1 413,9417 381,9418 360,9419 319,9418 309,9405 305,9394
Fußweg	q1 381,9418 369,9408 365,9394
Fußweg	q1 201,15628 203,15603 215,15591 211,15571 208,15554
Fußweg	q1 64,15671 75,15696 81,15757 89,15817 101,15876
Fußweg	q1 101,15876 102,15890 95,15901
Fußweg	q1 59,15602 58,15642 9,15664 -79,15698 -132,15687 -211,15654
Fußweg	q1 -139,15683 -135,15642
Fußgängerzone	q4 -58,15995 -47,16049
Fußweg	q1 142,16415 184,16408
Fußweg	q1 93,16417 131,16416 142,16415
Fußweg	q1 184,16408 240,16397
Fußgängerzone	q4 -47,16049 -63,16227 -64,16250 -54,16324 -55,16347 -39,16468
Bymuren: Fußgängerzone	q4 1079,5222 1137,5217 1242,5224
Fußweg	q1 980,5359 1065,5271 1137,5217 1176,5152
Fußweg	q1 572,9664 569,9685 559,9727
Fußweg	q1 881,10199 874,10230
Viemosevej: Fußweg	q1 480,15180 475,15185
Fußweg	q1 896,15129 861,14990 820,14991
Fußweg	q1 485,15972 410,15987
Fußweg	q1 692,16512 713,16542
Fußweg	q1 853,20058 847,20051
Fußweg	q1 464,25172 571,25211 732,25254 1004,25303 1189,25347 1220,25369 1200,25391 1189,25441 1148,25445 1140,25448
Fußweg	q1 1522,4261 1505,4286
Fußweg	q1 1586,4885 1575,4878
Fußweg	q1 1564,4969 1643,5006 1639,5034 1530,5029
Fußweg	q1 1755,7427 1815,7441
Fußweg	q1 1745,16193 1732,16296 1729,16343 1716,16426 1707,16507 1693,16598 1682,16693 1671,16775
Fußweg	q1 1629,19923 1659,19933 1669,19928 1678,19900 1742,19917
Fußweg	q1 1542,19725 1585,19778
Det Grønne Område: Fußweg	q1 1888,22968 1199,22980
Fußweg	q1 1296,24538 1248,24525
Fußweg	q1 1439,24642 1448,24613 1403,24572 1376,24563
Fußweg	q1 1376,24563 1296,24538
Fußweg	q1 1958,7321 2055,7323 2051,7364 2036,7383 2007,7393 1970,7383 1957,7356 1958,7321
Fußweg	q1 2036,7383 2050,7394 2074,7394
Fußweg	q1 2296,8033 2293,8042 2264,8036 2242,8093 2280,8106 2276,8115
Fußweg	q1 2411,10245 2410,10254 2376,10289 2344,10321 2359,10338
Elvergårdsvej: Fußgängerzone	q4 2110,11326 2048,11307
Aavendingen: Fußweg	q1 1855,14190 1832,14175
Fußweg	q1 1805,15777 1799,15819 1789,15905 1777,15990 1769,16049 1763,16058
Fußweg	q1 1934,16804 1923,16874
Fußweg	q1 1956,21880 1939,22285 1941,22389
Fußweg	q1 1956,21878 1994,21875 2040,21885 2059,21899 2054,21943 2103,21993 2117,22040 2153,22051 2206,22042 2258,22044 2292,22031 2317,22021 2340,22035 2334,22073 2366,22089 2404,22108 2408,22139 2418,22150 2465,22144 2509,22162 2526,22119 2548,22080 2575,22087 2587,22068 2645,22010 2692,22029 2722,22021 2770,21968 2852,21975 2905,21999 2883,22041 2911,22096 2960,22110 2992,22202 3050,22239 3054,22239 3109,22236 3136,22231 3190,22210 3252,22205
Skolestien: Fußweg	q1 2173,22900 2179,23049 2180,23099
Fußweg	q1 2255,22898 2242,22625
Fußweg	q1 2117,24132 2087,24265 2072,24322 2076,24336
Fußweg	q1 1782,25437 1773,25413 1755,25398 1750,25358 1750,25277 1748,25204 1748,25135 1757,25125 1767,25089 1778,25039 1772,25008 1783,24998 1793,24959 1814,24935 1814,24911 1825,24875 1852,24819 1871,24765 1910,24767
Fußweg	q1 3108,4366 3074,4458
Fußweg	q1 3066,4458 3029,4550 2995,4643
Fußweg	q1 2985,4643 2953,4728 2949,4740
Fußweg	q1 3200,5294 3148,5294
Fußweg	q1 3199,5234 3193,5218 3170,5218 3108,5218
Fußweg	q1 3170,5218 3182,5192 3204,5188 3203,5066 3209,5056
Fußweg	q1 3352,5054 3209,5056 3206,4963
Fußweg	q1 2668,7265 2702,7267 2759,7275 2791,7277
Fußweg	q1 2758,7154 2746,7212 2702,7267
Fußweg	q1 2746,7212 2759,7275
Fußweg	q1 2779,7527 2902,7535 3003,7546
Hvidovrestien: Fußweg	q1 3200,8386 2938,8609 2823,8689 2809,8711 2759,8912 2744,9028 2742,9116 2768,9173 2778,9220 2776,9355 2778,9469 2761,9485
Fußweg	q1 2455,20629 2451,20634 2445,20694
Fußweg	q1 2509,23012 2503,23010 2510,22997 2537,22994 2532,22910 2537,22898 2582,22828 2640,22755 2707,22681 2729,22682
Fußweg	q1 2885,22767 2851,22772 2851,22833 2838,22855 2845,23039
Fußweg	q1 2343,22817 2351,22813 2365,22772 2370,22750 2399,22727 2446,22691 2468,22649 2472,22649
Fußweg	q1 2587,24520 2513,24510 2495,24482 2482,24447 2474,24428 2465,24408 2447,24359 2438,24323 2487,24238
Fußweg	q1 2548,24587 2559,24593
Fußweg	q1 3483,4197 3403,4310
Fußweg	q1 3969,4826 3859,4850
Fußweg	q1 3351,5261 3644,5249 3795,5244 3982,5236
Fußweg	q1 3814,4550 3694,4650
Fußweg	q1 3512,5906 3542,5889
Fußweg	q1 3377,5639 3392,5652 3397,5688 3424,5717 3442,5736 3486,5767 3598,5822
Fußweg	q1 3397,5688 3377,5704
Fußweg	q1 3598,5822 3626,5832
Fußweg	q1 3700,5910 3726,5869 3788,5903 3813,5900 3901,5947 3991,5999 4013,6017 4036,6039 4060,6052 4134,6093 4217,6137 4241,6147 4357,6182 4377,6186 4439,6182 4590,6174 4614,6183 4632,6196 4661,6240 4671,6269 4678,6314 4699,6359 4717,6398 4718,6415
Fußweg	q1 3902,6245 3914,6274
Fußweg	q1 3542,5889 3551,5855 3596,5835 3598,5822
Fußweg	q1 3338,8207 3359,8196 3392,8166 3410,8149 3456,8096 3484,8050 3548,7941 3599,7867 3624,7798 3651,7755 3688,7713 3741,7657 3796,7597 3890,7493 3960,7416 4090,7270 4116,7244 4143,7223 4323,7071
Fußweg	q1 3768,9720 3812,9720
Fußweg	q1 3729,9727 3745,9725 3768,9720
Fußweg	q1 3745,9725 3771,9709 3787,9693 3792,9666
Fußweg	q1 3738,10476 3678,11048 3682,11106
Fußweg	q1 3382,12140 3426,12135 3493,12120 3508,12118
Fußweg	q1 3411,20242 3386,20303
Fußweg	q1 3101,22337 3156,22303 3187,22284 3228,22242 3244,22218 3252,22205 3261,22189 3305,22139 3348,22071 3421,21941 3516,21762 3554,21687 3574,21648 3593,21622
Fußweg	q1 3101,22337 3147,22296 3155,22293 3161,22295 3207,22344 3210,22350
Fußweg	q1 3252,22205 3274,22226 3328,22157
Fußweg	q1 3593,21622 3619,21619 3661,21645
Fußweg	q1 3328,22157 3334,22158 3364,22179
Fußweg	q1 3364,22179 3342,22204 3338,22316
Fußweg	q1 3438,21264 3422,21271 3399,21279 3356,21299 3294,21292 3260,21296 3235,21317 3229,21350 3250,21378 3271,21407 3302,21431 3338,21473 3393,21553 3401,21622 3384,21675 3385,21705 3406,21721 3435,21716 3475,21674 3496,21655 3515,21671 3538,21679 3554,21687
Fußweg	q1 3626,22900 3622,22878 3607,22818 3606,22764 3616,22733 3647,22664 3667,22636 3699,22614 3732,22615 3765,22588 3788,22561 3796,22539 3804,22512 3814,22472 3835,22429 3839,22416 3874,22407 3900,22396 3920,22365 3935,22336 3937,22312 3935,22289 3920,22279 3902,22259 3883,22228 3872,22194 3870,22157 3872,22111 3875,22077 3854,22036 3865,22008 3870,21975 3880,21945 3883,21924 3854,21917 3834,21904 3835,21891 3820,21876
Fußweg	q1 3392,23092 3372,23117 3346,23134 3316,23129 3291,23121 3278,23113 3272,23102 3270,23091 3295,23030 3302,23023 3324,23018 3506,23021 3545,23023 3570,23028 3572,23049 3567,23066 3556,23081 3534,23110
Fußweg	q1 3657,23419 3550,23416 3530,23416 3523,23411 3519,23396 3519,23356 3507,23314 3505,23290 3502,23265 3512,23254 3524,23237 3531,23212 3531,23190
Fußweg	q1 3530,23416 3532,23434 3532,23484 3530,23610 3525,23719 3531,23729 3545,23740 3560,23745 3578,23747 3726,23752 3746,23749 3763,23743 3784,23731 3791,23715 3794,23692 3779,23618 3772,23600 3756,23586 3739,23575 3728,23560 3711,23508 3657,23419 3678,23415
Fußweg	q1 4291,5575 4306,5651 4319,5675 4349,5700 4393,5725 4441,5752 4465,5779 4479,5815 4487,5836 4500,5900 4514,5966 4521,5987 4540,6044 4590,6174
Fußweg	q1 4189,5302 4190,5329 4221,5404 4281,5504 4291,5575 4281,5576
Fußweg	q1 4394,6816 4419,6797 4446,6759 4475,6719 4554,6619 4567,6604 4636,6518 4718,6415 4749,6424 4760,6424 4776,6419 4789,6407 4859,6324 4897,6279 4910,6269 5021,6318 5044,6334 5102,6358 5442,6515 5500,6539 5555,6561 5620,6587 5704,6606 5805,6617 5827,6566 6007,6602 6036,6598 6083,6569 6105,6557 6152,6541 6185,6538 6293,6554 6332,6560 6346,6553 6359,6548 6401,6553 6491,6570 6666,6545 6795,6529 7006,6555 7028,6572
Fußweg	q1 4587,6463 4597,6467 4617,6470 4567,6604
Fußweg	q1 4699,6359 4691,6356 4620,6331 4537,6346 4509,6342 4487,6329 4417,6257 4406,6246 4392,6243 4383,6257 4370,6256
Fußweg	q1 4620,6331 4608,6337 4594,6347 4584,6365 4589,6382 4606,6389 4622,6393 4633,6400 4632,6414 4623,6435 4597,6467
Fußweg	q1 4397,6477 4408,6470 4537,6346 4582,6295 4595,6265 4608,6214 4614,6183
Fußweg	q1 4691,6356 4695,6394 4692,6417 4663,6436 4632,6455 4617,6470
Fußweg	q1 4290,5646 4293,5678
Fußweg	q1 4530,5733 4479,5815 4391,5945 4521,5987 4589,6011 4540,6044 4375,6160 4358,6167 4357,6182 4340,6232
Engstykkevej: Fußweg	q1 4325,6701 4318,6701
Fußweg	q1 4100,6549 4008,6604
Fußweg	q1 4292,6817 4276,6808
Fußweg	q1 4602,7224 4641,7212 4674,7203 4716,7191
Fußweg	q1 4085,8138 4093,8165
Folehaven: Fußweg	q1 4145,8127 4149,8150
Fußweg	q1 4213,8110 4214,8133
Fußweg	q1 4394,8075 4397,8095
Fußweg	q1 4460,8065 4462,8085 4464,8096
Fußweg	q1 4524,8057 4526,8077
Fußweg	q1 4590,8052 4589,8067
Fußweg	q1 4540,9887 4542,9895
Fußweg	q1 4520,10291 4527,10282 4523,10267 4503,10209 4488,10168 4483,10151 4475,10127 4469,10103 4463,10075 4459,10058 4451,10047 4447,10043
Fußweg	q1 4534,10799 4506,10798 4481,10796
Fußweg	q1 4074,10525 4057,10758 4066,10765
Fußweg	q1 5215,12547 5166,12504 5142,12482 5058,12441 4970,12399 4888,12373 4768,12340 4690,12321 4584,12314 4466,12296 4395,12273 4372,12264 4347,12255 4326,12259
Fußweg	q1 4324,12146 4270,12150 4214,12069 4156,12019
Fußweg	q1 4334,13344 4380,13357 4417,13374 4442,13396 4460,13427 4472,13441 4487,13461 4495,13494 4499,13515 4518,13551 4546,13588 4560,13610 4567,13620 4582,13648 4579,13677 4591,13715 4606,13750 4629,13804 4641,13814 4635,13834 4621,13860 4614,13882 4609,13926 4609,13959 4556,13950
Fußweg	q1 4328,13351 4352,13361 4385,13379 4414,13399 4394,13434 4389,13474 4389,13500 4407,13533 4427,13555 4447,13572 4472,13593 4504,13614 4540,13636 4566,13655 4579,13677
Fußweg	q1 4414,13399 4441,13408 4460,13427
Fußweg	q1 4422,14569 4416,14564 4407,14560 4395,14553 4382,14548 4370,14542 4367,14538 4363,14526 4362,14521 4359,14514 4340,14470 4329,14463 4316,14458 4242,14445
Fußweg	q1 4343,14578 4349,14565 4354,14556 4360,14546 4367,14538
Fußweg	q1 4362,14521 4368,14508 4377,14499 4385,14488 4393,14481
Fußweg	q1 4316,15172 4328,15168 4336,15161 4345,15158 4350,15151 4353,15138 4354,15120
Fußweg	q1 4273,15261 4282,15260 4292,15255 4304,15243 4319,15227 4332,15212 4346,15193 4349,15179 4348,15168 4345,15158
Fußweg	q1 4310,15288 4304,15276 4301,15265 4300,15252 4304,15243
Fußweg	q1 4263,15248 4278,15227 4287,15210 4299,15193 4310,15179 4316,15172 4328,15159 4339,15141 4354,15120 4367,15102 4379,15082 4395,15058 4408,15036 4421,15014 4429,14999 4428,14956
Fußweg	q1 4587,14733 4577,14729 4569,14726 4559,14724 4550,14722 4534,14717 4532,14712 4532,14706 4528,14692 4524,14681 4520,14671 4512,14658 4504,14646 4496,14635 4488,14624 4467,14593 4462,14587 4449,14580 4437,14575 4427,14570 4422,14569 4412,14567 4399,14566 4387,14565 4378,14568 4367,14572 4358,14578 4343,14578 4339,14579 4328,14583 4306,14588 4286,14595 4267,14602 4255,14605 4244,14621 4238,14632 4237,14635 4229,14660 4229,14692 4229,14710 4236,14746 4243,14762 4253,14767 4268,14777 4278,14791 4280,14802 4281,14814
Fußweg	q1 4238,14632 4222,14631 4203,14629 4169,14628 4141,14627 4111,14627 4088,14628 4081,14629 4049,14629
Fußweg	q1 4254,15759 4266,15758 4286,15752 4316,15745 4327,15742 4336,15733 4361,15732 4385,15728 4414,15728 4440,15726 4465,15727 4487,15733 4522,15741 4558,15750 4597,15764 4609,15771 4621,15777 4642,15779 4670,15782 4699,15783 4742,15779 4772,15776 4785,15775 4826,15773 4854,15771 4875,15769 4897,15763 4923,15754 4954,15741 4978,15731 4989,15723 4997,15714
Fußweg	q1 4115,15811 4112,15817 4114,15828 4121,15928
Grønnemose Allé: Fußweg	q1 4059,16180 4074,16178
Fußweg	q1 4212,21165 4142,21062 4115,21078
Fußweg	q1 4162,21048 4150,21057 4142,21062
Fußweg	q1 4225,21183 4258,21231 4312,21270
Fußweg	q1 4306,21278 4359,21314
Fußweg	q1 4031,21673 4048,21643 4169,21666 4220,21674 4248,21674 4272,21670 4292,21665 4310,21654
Fußweg	q1 4033,21743 4137,21715 4153,21645 4160,21618 4238,21620 4282,21614
Fußweg	q1 4028,21624 4095,21636 4153,21645
Fußweg	q1 4028,21624 4095,21636 4153,21645
Fußweg	q1 4028,21624 4095,21636 4153,21645
Fußweg	q1 4028,21624 4095,21636 4153,21645
Fußweg	q1 4028,21624 4095,21636 4153,21645
Fußweg	q1 3747,21639 3757,21564
Fußweg	q1 4282,22336 4281,22324
Fußweg	q1 4082,21883 4052,21933 4032,21981 4019,22021 4016,22055 4017,22098
Fußweg	q1 4213,21392 4259,21431
Fußweg	q1 4136,22576 4022,22520 3941,22478 3835,22429
Fußweg	q1 3941,22478 3910,22517 3886,22547 3849,22586 3816,22627 3778,22685 3760,22724 3745,22780 3739,22830 3737,22882 3738,22907
Fußweg	q1 5249,6758 5270,6768 5292,6778 5340,6800 5392,6823 5396,6829 5357,6862 5325,6901 5306,6922 5288,6927 5241,6921 5184,6913 5134,6907
Fußweg	q1 5302,6726 5270,6768
Fußweg	q1 4825,7092 4857,7112 4871,7126 4885,7146 4922,7197 4983,7257 5012,7303 5037,7362 5043,7382 5071,7395 5089,7397
Fußweg	q1 5419,7450 5254,7788 5263,7967
Fußweg	q1 5512,7443 5434,7427 5390,7417 5262,7369 5232,7349 5210,7313 5206,7282 5213,7249 5233,7195 5253,7138 5257,7086 5261,7042 5286,6997 5308,6975
Fußweg	q1 5566,7056 5530,7049 5493,7047 5417,7038 5376,7027 5315,7005 5246,6986 5167,6979 5112,6995 5036,7057 4988,7096 4939,7106 4857,7112
Fußweg	q1 5024,7532 5020,7519 5071,7395
Fußweg	q1 5143,7042 5091,7337 5093,7348
Fußweg	q1 5152,7047 5100,7337 5093,7348
Fußweg	q1 5025,7101 5014,7166 5003,7230 5042,7294 5069,7336 5091,7337 5100,7337 5148,7346 5203,7056
Fußweg	q1 5084,7064 5042,7294
Fußweg	q1 4959,7157 4966,7146 4980,7141 4999,7151 5014,7166 4997,7174 4980,7179 4963,7172 4959,7157
Fußweg	q1 5340,6800 5241,6921
Fußweg	q1 5292,6778 5184,6913
Fußweg	q1 4641,7212 4684,7333
Fußweg	q1 4730,7244 4704,7298 4684,7333 4652,7400
Fußweg	q1 4641,7102 4674,7203 4704,7298
Fußweg	q1 5094,7748 4950,7690
Fußweg	q1 4713,8073 4729,8176
Porcelænstorvet: Fußgängerzone	q4 4863,9665 5055,9635 5083,9579
Fußweg	q1 4554,10117 4558,10126
Fußweg	q1 4938,10798 4901,10798
Fußweg	q1 5010,10882 4996,10874 4979,10860 4961,10840 4959,10825 4964,10813
Fußweg	q1 5261,12489 5226,12458 5211,12447 5180,12427 5125,12404 5080,12380 5041,12359 4995,12343 4922,12327 4861,12313 4811,12302 4722,12274 4648,12249 4600,12232 4559,12180 4535,12133 4524,12083 4532,12016 4553,11949 4585,11893 4640,11850 4696,11828 4703,11827 4706,11835 4700,11853 4688,11890
Fußweg	q1 4722,12274 4742,12226
Fußweg	q1 4899,11364 4889,11330 4894,11312 4906,11300 4953,11288 4982,11280 4988,11288 5018,11375 5016,11395 5000,11410 4977,11420 4957,11425 4941,11425 4925,11415 4912,11402 4899,11364
Fußweg	q1 5170,13260 5147,13279
Fußweg	q1 4707,13101 4717,13112 4778,13148 4834,13242
Fußweg	q1 4885,13178 4902,13200
Fußweg	q1 4973,13165 4930,13119 4925,13104
Fußweg	q1 4924,13295 4870,13220
Fußweg	q1 4841,13341 4817,13534 4729,13401 4838,13338
Fußweg	q1 4808,13285 4699,13353
Fußweg	q1 4886,13318 4999,13497
Fußweg	q1 4958,13276 5084,13450
Fußweg	q1 5030,13234 5169,13404
Fußweg	q1 5236,13331 5170,13260 5093,13159 5059,13120 5031,13093 5008,13113
Fußweg	q1 5223,12531 5181,12506 5166,12504
Fußweg	q1 4940,13182 4997,13253
Fußweg	q1 4939,13507 4858,13502 4795,13509
Fußweg	q1 4841,13604 4779,13639 4722,13673 4713,13697 4711,13724 4722,13759 4807,13891 4771,13900 4761,13913 4749,13922 4711,13932 4675,13942 4643,13948 4609,13959
Fußweg	q1 4722,13759 4689,13771 4659,13790 4641,13814
Fußweg	q1 4722,13673 4606,13750
Fußweg	q1 4809,14204 4814,14167 4834,14091 4838,14033 4836,13998 4831,13945 4817,13913 4807,13891
Fußweg	q1 4874,15446 4964,15429 5054,15413
Fußweg	q1 5024,15260 5081,15263
Fußweg	q1 5095,15097 5094,15125 5087,15172 5084,15218 5081,15263 5086,15307 5092,15355 5096,15382 5098,15406
Fußweg	q1 5094,15125 5115,15106 5146,15077
Fußweg	q1 4543,14796 4601,14809
Fußweg	q1 4687,15188 4713,15086
Fußweg	q1 4713,15086 4723,15060
Fußweg	q1 4673,15198 4683,15200 4701,15202 4719,15200 4740,15202 4758,15204 4776,15209 4792,15219 4809,15230 4819,15241 4826,15254 4829,15270 4835,15297 4841,15329 4851,15370 4857,15397 4863,15422 4869,15443 4874,15462 4881,15476 4887,15484 4897,15492 4905,15499 4918,15507 4930,15513 4944,15517 4957,15522 4970,15525 4983,15527
Fußweg	q1 4985,15544 4995,15543 5013,15542 5034,15541 5057,15537 5076,15533 5111,15525
Fußweg	q1 5000,15623 5006,15614 5016,15602 5031,15587 5051,15570 5078,15548 5099,15536 5111,15525 5130,15516 5153,15504 5175,15495 5199,15485 5223,15474 5250,15464 5284,15456 5312,15451 5343,15444 5366,15441 5396,15438 5426,15438 5450,15436 5490,15436 5520,15436 5545,15437 5567,15435
Fußweg	q1 4488,14624 4493,14616 4502,14605 4512,14595 4521,14588 4526,14586
Fußweg	q1 4785,15775 4799,15840
Fußweg	q1 4609,15771 4606,15780 4603,15784 4598,15786 4592,15789 4587,15792 4585,15797
Fußweg	q1 4555,18542 4538,18514
Fußweg	q1 4564,18555 4557,18545 4555,18542
Fußweg	q1 4538,18514 4528,18500
Fußweg	q1 4733,21099 4746,21118
Fußweg	q1 4564,21019 4537,20997
Fußweg	q1 4778,21172 4746,21118
Fußweg	q1 4778,21172 4787,21198 4792,21219 4791,21254 4786,21257 4753,21264 4661,21281
Fußweg	q1 4865,21318 4878,21378
Fußweg	q1 4753,21264 4754,21337
Fußweg	q1 4664,21239 4661,21281 4660,21416
Fußweg	q1 4448,21418 4408,21466
Fußweg	q1 4400,21385 4390,21364 4405,21344
Fußweg	q1 4353,21796 4372,21793 4413,21785 4445,21773 4492,21765 4530,21756 4555,21742 4571,21730 4603,21710 4638,21685 4652,21678 4672,21668 4691,21654
Fußweg	q1 4652,21678 4665,21722
Gammel Lundtoftevej: Fußweg	q1 4469,22239 4463,22231
Fußweg	q1 5832,7451 5820,7451 5781,7339 5679,7052 5594,6804 5500,6539
Fußweg	q1 5306,6683 5442,6515
Fußweg	q1 5302,6726 5438,6786
Fußweg	q1 5567,7036 5566,7056 5552,7077 5545,7096 5541,7131 5532,7257 5518,7316 5484,7361 5465,7386 5446,7405 5434,7427 5419,7450
Fußweg	q1 5393,6992 5376,7027 5365,7060 5377,7081 5399,7097 5405,7112 5398,7127 5400,7142 5432,7186 5438,7206 5435,7237 5426,7282 5438,7304 5464,7332 5473,7363 5465,7386 5465,7410 5491,7433 5512,7443 5525,7446
Fußweg	q1 5680,6847 5663,6833 5620,6815 5594,6804 5573,6795
Fußweg	q1 5922,7515 5943,7472 5984,7427 6035,7379 6047,7367 6061,7352 6074,7345 6085,7323
Fußweg	q1 5781,7339 5807,7334 5840,7335 5871,7340 5903,7350 5929,7363
Banevolden: Fußweg	q1 5859,9562 5848,9557 5746,9555 5692,9555 5686,9563
Fußweg	q1 5517,9562 5520,9495
Fußweg	q1 6288,10298 6275,10289 6249,10271 6205,10220 6162,10194 6138,10186 6125,10177 6112,10169 6065,10132 6026,10113 5960,10059 5927,10020 5889,9985 5864,9965 5839,9945
Fußweg	q1 5829,9845 5839,9945 5867,10127 5911,10130 5937,10295 5862,10305 5832,10137 5867,10127
Fußweg	q1 5465,10325 5458,10292 5448,10272 5414,10243 5402,10219 5402,10182 5451,10142 5525,10090 5671,9990 5717,9972 5789,9963 5839,9945 5898,9925 5925,9916 5966,9923 6010,9930 6066,9937 6125,9952 6184,9977 6221,9999 6234,10032 6239,10044
Fußweg	q1 5621,10191 5608,10187 5597,10182 5592,10167 5586,10151 5563,10150 5554,10149 5536,10128 5537,10117 5531,10099 5521,10079 5509,10067
Fußweg	q1 5621,10191 5638,10143 5645,10114 5663,10093 5689,10079 5721,10040 5760,10000 5789,9963
Fußweg	q1 5535,10804 5569,10803 5590,10803 5598,10789 5604,10769 5606,10747 5618,10740 5643,10736 5668,10738 5689,10745 5717,10748 5726,10746 5741,10743 5752,10721 5773,10693 5793,10680 5814,10673 5825,10674 5838,10678 5857,10663 5867,10647 5882,10633 5858,10501 5837,10386
Fußweg	q1 5590,10803 5580,10828 5579,10859 5579,10892 5592,10914 5615,10919 5645,10903 5670,10882 5686,10869 5697,10872 5710,10876 5727,10895 5738,10916 5751,10937 5771,10962 5784,10972 5799,10985 5828,11001 5844,11009 5867,11011 5882,11010 5898,11019 5912,11025 5925,11029 5941,11032 5952,11043 5956,11062 5959,11080 5961,11089 5965,11096 5972,11099 5982,11099 5994,11104 6004,11112 6018,11119 6030,11120 6047,11119 6059,11112 6074,11095 6082,11087 6096,11083 6106,11074
Fußweg	q1 5838,10678 5857,10673 5881,10707 5890,10717 5911,10735 5938,10742 5968,10748 5990,10751 6003,10748 6022,10742 6041,10733 6054,10726 6084,10723 6094,10723 6102,10738 6113,10754 6119,10759 6128,10758 6166,10756 6208,10752 6226,10745 6181,10716 6148,10695 6130,10675 6120,10666 6048,10632 6033,10622 6021,10609 5998,10479 5858,10501 5843,10535 5829,10546 5806,10551 5786,10561 5777,10570 5775,10625 5755,10671 5714,10690 5610,10700 5606,10747
Fußweg	q1 5727,10895 5763,10916 5795,10936 5813,10948 5836,10960 5845,10960 5858,10955 5869,10950 5879,10938 5879,10952 5886,10965 5894,10973 5902,10974 5986,10959 6003,10958 6049,10951 6108,10941 6093,10955 6086,10971 6086,10989 6087,11005 6098,11047 6106,11074
Fußweg	q1 5986,10959 5980,10949 5966,10939 5945,10929 5917,10923 5889,10909 5883,10892 5872,10881 5862,10866 5854,10859 5855,10852 5869,10841 5885,10827 5878,10795 5860,10771 5844,10751 5837,10724 5842,10720
Fußweg	q1 5882,10633 5893,10631 5925,10628 5949,10629 5969,10626 5994,10615 6021,10609
Fußweg	q1 5857,10673 5857,10663
Fußweg	q1 5590,10803 5613,10821 5637,10840 5668,10857 5686,10869
Fußweg	q1 5879,10938 5886,10924 5889,10909
Fußweg	q1 5869,10950 5879,10952
Fußweg	q1 5751,10937 5744,10970 5728,11002 5737,11035 5821,11025 5844,11009
Fußweg	q1 5614,10345 5615,10324 5624,10315 5642,10306 5661,10323 5664,10355 5664,10375 5680,10350 5701,10316 5702,10296 5688,10280 5659,10268 5630,10261 5603,10264 5584,10273 5570,10287 5561,10317 5566,10336 5576,10361 5586,10390 5604,10384 5630,10376
Fußweg	q1 5566,10585 5579,10583 5586,10549 5633,10539 5680,10522 5733,10502 5742,10475 5738,10456 5714,10458 5697,10453 5678,10450 5644,10456 5599,10462 5494,10480 5491,10487 5507,10535 5513,10549 5503,10567 5519,10623 5540,10620
Fußweg	q1 5664,10375 5678,10450
Fußweg	q1 5615,10324 5596,10313 5579,10308 5561,10317 5543,10324 5508,10349
Fußweg	q1 5908,10366 5856,10347 5823,10347 5781,10315 5713,10253 5621,10191 5588,10200 5536,10234 5467,10321 5465,10325 5439,10369 5448,10425
Fußweg	q1 5821,11025 5823,11035 5773,11042 5739,11048 5737,11035
Fußweg	q1 5773,11042 5776,11064
Fußweg	q1 5569,10803 5563,10786 5544,10757 5530,10724 5532,10715 5539,10711 5569,10706 5610,10700
Fußweg	q1 5697,10872 5714,10849 5720,10834 5721,10805 5715,10785 5718,10763 5726,10746 5741,10757 5759,10775 5785,10788 5820,10792 5840,10794 5849,10809 5839,10824 5824,10839 5821,10862 5824,10886 5826,10907 5808,10920 5795,10936
Fußweg	q1 5784,10972 5795,10936
Fußweg	q1 5781,10315 5799,10315 5827,10313 5862,10305 5856,10347
Fußweg	q1 5414,10243 5443,10231 5476,10222 5506,10216 5516,10198 5525,10174 5554,10149
Fußweg	q1 5842,10720 5834,10710
Fußweg	q1 5890,10717 5875,10725 5856,10723 5842,10720
Mathilde Fibigers Vej: Fußweg	q1 5701,12245 5659,12266 5680,12333 5635,12350 5609,12289 5589,12293 5547,12306
Fußweg	q1 5682,13354 5710,13338
Fußweg	q1 5190,12481 5211,12447
Fußweg	q1 5495,12906 5559,12883 5594,12873 5607,12874 5643,12899 5661,12914 5661,12914 5661,12914 5661,12914 5600,12871
Fußweg	q1 6000,13089 5993,13085 5964,13080 5921,13068 5854,13038 5804,13012 5766,12988 5729,12972 5680,12933 5661,12914 5600,12871 5581,12838 5535,12799 5492,12760 5448,12720 5403,12678 5367,12650 5341,12627 5295,12587 5254,12553
Fußweg	q1 5254,12553 5223,12531
Fußweg	q1 5710,13338 5824,13268
Fußweg	q1 5491,16072 5498,16051
Fußweg	q1 5121,16063 5134,16062 5166,16056 5186,16059 5215,16065 5232,16063 5252,16063 5270,16061 5292,16059 5315,16058 5335,16055 5360,16053 5386,16052 5408,16053 5426,16054 5444,16052 5466,16051 5486,16052 5498,16051 5507,16053 5521,16052 5541,16051 5568,16047 5592,16046 5597,16060
Fußweg	q1 5682,15970 5699,15973
Niels Finsens Allé: Fußweg	q1 5110,17643 5119,17639
Søborghus Alle: Fußweg	q1 5382,17048 5394,17057
Niels Bohrs Alle: Fußweg	q1 5295,17109 5305,17135
Fußweg	q1 5675,19012 5682,18930
Fußweg	q1 5629,19108 5637,19009
Fußweg	q1 5483,18908 5512,18918
Fußweg	q1 5425,19375 5433,19354
Fußweg	q1 5697,19194 5712,19199
Fußweg	q1 5436,20138 5441,20121 5445,20097 5445,20080 5448,20064
Fußweg	q1 5302,19912 5377,19996
Fußweg	q1 5451,20053 5420,20015 5418,20011 5416,20005
Fußweg	q1 5448,20064 5451,20053
Fußweg	q1 5510,19692 5523,19730
Fußweg	q1 5299,19309 5350,19309
Fußweg	q1 5591,20502 5591,20453
Fußweg	q1 5342,22361 5341,22267 5334,22264 5332,22253 5316,22231 5313,22108
Fußweg	q1 5536,21923 5548,21930 5559,21933 5573,21930 5578,21923 5586,21913
Fußweg	q1 5334,22264 5313,22256 5316,22231
Fußweg	q1 5147,22762 5257,22727
Fußweg	q1 5306,22349 5309,22374
Fußweg	q1 5362,23061 5287,23080 5280,23088 5231,23099
Fußweg	q1 5091,22977 5208,22948
Fußweg	q1 5100,22776 5094,22761 4986,22790 4978,22781
Fußweg	q1 6047,7367 6038,7359
Fußweg	q1 6040,7429 5995,7482 5990,7474 5997,7444 5984,7427
Fußweg	q1 6130,6902 6179,6903 6226,6907 6317,6915 6366,6919
Fußweg	q1 6190,6799 6179,6903 6138,7217
Fußweg	q1 6237,6803 6226,6907 6185,7209 6183,7220
Fußweg	q1 6283,6807 6269,6910 6233,7204
Fußweg	q1 6331,6812 6317,6915 6278,7190
Fußweg	q1 6207,8431 6480,8490 6497,8496 6497,8523 6446,8702 6367,8965 6248,9431 5989,9373 6109,8908 6164,8643 6207,8431 6236,8293
Fußweg	q1 6164,8643 6446,8702 6109,8908
Fußweg	q1 6367,8965 6164,8643
Fußweg	q1 6446,8702 6561,8724 6469,8965
Fußweg	q1 6164,8643 6120,8635 6105,8684 6047,8675
Fußweg	q1 6271,9557 6294,9553 6297,9544
Fußweg	q1 6297,9544 6304,9464
Fußweg	q1 6304,9464 6336,9388 6357,9330 6391,9300
Fußweg	q1 6136,9480 6304,9464
Fußweg	q1 5908,10366 5936,10346 5962,10324 5984,10306 6023,10271 6031,10269 6125,10177 6250,10054 6250,10045 6266,10029
Fußweg	q1 6250,10045 6239,10044 6112,10169 6021,10259 6023,10271
Fußweg	q1 6323,10325 6305,10315 6288,10298 6282,10256 6250,10054
Fußweg	q1 6343,10772 6335,10773 6293,10782 6271,10796 6252,10815 6246,10824 6230,10848 6216,10877 6206,10900 6181,10915 6160,10926 6132,10937
Fußweg	q1 6206,10900 6204,10916 6184,10954 6167,10992 6154,11019 6132,11047 6118,11064 6106,11074
Fußweg	q1 6293,10782 6274,10772 6240,10754 6226,10745
Fußweg	q1 6343,10772 6339,10750 6372,10745 6387,10742
Fußweg	q1 6343,10772 6347,10792 6379,10787 6394,10785
Fußweg	q1 6108,10941 6132,10937
Fußweg	q1 6246,10824 6199,10831 6176,10835 6142,10840 6128,10832 6119,10818
Fußweg	q1 6049,10951 6044,10935 6029,10917 6016,10901
Fußweg	q1 6230,11034 6228,11027
Fußweg	q1 6429,11011 6548,10992 6565,11045
Fußweg	q1 6047,11119 6057,11169 6060,11177 6074,11240
Fußweg	q1 6060,11177 6089,11171 6103,11207
Fußweg	q1 6057,11169 6042,11169
Fußweg	q1 6305,10315 6274,10305 6237,10305 6189,10312 6150,10328 6121,10335 6079,10338 6032,10345 6001,10342 5981,10338 5962,10324 5937,10295
Fußweg	q1 6121,11322 6116,11441 6161,11444
Fußweg	q1 6231,11300 6246,11346 6263,11374
Fußweg	q1 6312,11376 6309,11446 6294,11446 6257,11446 6263,11374
Fußweg	q1 6294,11454 6294,11446
Fußweg	q1 6295,15158 6293,15206
Fußweg	q1 6192,15485 6226,15485
Fußweg	q1 6462,15424 6493,15426
Fußweg	q1 6418,15399 6421,15317
Fußweg	q1 6290,15422 6291,15443
Fußweg	q1 5879,15668 5924,15633
Fußweg	q1 5907,15678 5924,15633
Fußweg	q1 6690,15623 6605,15643 6518,15654 6444,15659 6425,15661 6338,15670
Fußweg	q1 6093,15813 6119,15796
Fußweg	q1 5990,15885 5987,15893
Fußweg	q1 6013,15887 6112,15903
Fußweg	q1 6444,15798 6454,15854
Fußweg	q1 6444,17106 6456,16922 6560,16922 6593,16910 6616,16825 6637,16743 6663,16642 6624,16632 6482,16603
Fußweg	q1 6406,17360 6420,17278 6427,17269 6429,17263
Fußweg	q1 6359,17435 6410,17367
Fußweg	q1 6430,17385 6450,17445
Fußweg	q1 6050,17676 6070,17698
Fußweg	q1 6080,17708 6101,17729
Fußweg	q1 6101,17729 6134,17763
Fußweg	q1 6376,18287 6372,18281 6368,18271 6360,18254 6356,18242 6348,18217 6330,18154 6327,18143 6327,18131 6328,18120 6359,18001 6383,17897 6388,17870 6390,17852 6393,17806 6397,17733 6400,17719 6414,17674 6438,17613 6467,17543 6471,17517 6470,17499 6466,17483 6450,17445
Fußweg	q1 6307,18091 6325,18093
Fußweg	q1 5698,20555 5748,20543
Fußweg	q1 6151,20661 6215,20662
Fußweg	q1 6211,20537 6211,20563 6210,20582 6210,20593 6211,20606 6213,20631 6215,20651 6215,20662 6214,20683 6213,20706 6211,20732 6207,20761 6202,20794 6196,20835 6188,20904
Fußweg	q1 6337,20920 6342,20880
Fußweg	q1 5681,21399 5690,21410 5722,21434 5736,21467 5741,21496 5756,21511 5808,21528 5859,21539 5889,21538 5910,21546 5918,21564 5921,21598 5922,21646
Fußweg	q1 5777,23193 5733,23199 5703,23083 5681,23020
Fußweg	q1 5758,26352 5783,26241 5791,26242
Fußweg	q1 6759,7445 6738,7466
Fußweg	q1 6738,7466 6759,7445
Fußweg	q1 6984,9218 7011,9209 7003,9179
Fußweg	q1 7003,9179 7110,9143
Fußweg	q1 7163,11819 7115,11741 7074,11692 7011,11642 6992,11649
Fußweg	q1 6777,11531 6765,11469
Ågade: Fußweg	q1 6573,12786 6574,12745 6582,12680 6590,12645 6613,12598 6633,12562
Fußweg	q1 7061,12793 7100,12824
Fußweg	q1 6920,13017 6934,13019 6979,13028 7082,13052
Fußweg	q1 6941,12912 6955,12918 6999,12940
Fußweg	q1 6944,12970 6979,13028
Fußweg	q1 6913,13132 6928,13132 6976,13135
Fußweg	q1 6977,13260 7073,13255
Fußweg	q1 6976,13289 6977,13260 6976,13135 6979,13028 6985,12991 6999,12940 7013,12903
Fußweg	q1 7054,12664 7037,12659
Fußweg	q1 7019,13717 7003,13700
Fußweg	q1 7051,13746 7019,13717
Fußweg	q1 6898,14414 6952,14452 7000,14480 7014,14560 7029,14628 7042,14685
Fußweg	q1 6914,14854 6981,14766 7042,14685 7122,14599 7146,14575
Fußweg	q1 7152,15275 7181,15295
Fußweg	q1 7104,15240 7152,15275
Fußweg	q1 6569,14953 6574,14953
Fußweg	q1 6605,14884 6611,14886
Fußweg	q1 6642,14814 6650,14816
Fußweg	q1 6493,15416 6628,15413 6632,15325
Fußweg	q1 6494,15437 6627,15438 6628,15466
Fußweg	q1 7122,14599 7134,14603 7154,14632 7177,14678 7201,14717 7210,14737 7207,14757 7187,14794 7144,14857 7114,14907 7104,14931 7104,14952 7098,14967 7089,14975
Fußweg	q1 6919,15813 6948,15826 6969,15779
Fußweg	q1 6905,15790 6905,15807
Fußweg	q1 6905,15807 6919,15813
Fußweg	q1 7073,17020 7081,16925 7083,16845 7085,16769 7088,16698 7090,16619
Fußweg	q1 6710,16758 6732,16759
Fußweg	q1 6729,16685 6751,16687
Fußweg	q1 6754,16592 6775,16604
Fußweg	q1 6810,16449 6831,16455
Fußweg	q1 6823,16415 6843,16414
Fußweg	q1 6850,16342 6868,16340
Fußweg	q1 6964,17519 7003,17534
Fußweg	q1 6744,17866 6740,17854
Fußweg	q1 6628,17067 6653,17068
Fußweg	q1 6649,16992 6670,16994
Fußweg	q1 6505,17496 6512,17460
Fußweg	q1 6690,16835 6711,16836
Fußweg	q1 6669,16913 6690,16914
Fußweg	q1 6687,18674 6700,18659
Fußweg	q1 6964,18246 6972,18219
Fußweg	q1 6820,18752 6884,18769 6883,18822 6888,18824 6881,18890
Fußweg	q1 6613,18767 6628,18773 6629,18772 6630,18769 6631,18767 6702,18761 6698,18770 6686,18781 6666,18801 6659,18806 6653,18816 6643,18831 6640,18837 6632,18868
Fußweg	q1 6572,19041 6573,19012
Fußweg	q1 6702,18761 6717,18759
Fußweg	q1 6958,19396 6969,19383
Fußweg	q1 6635,19956 6664,20057
Fußweg	q1 6499,19315 6501,19323 6507,19331 6511,19335 6517,19336 6648,19339
Fußweg	q1 6741,19096 6755,19165
Fußweg	q1 6556,19042 6572,19041 6597,19040
Fußweg	q1 6813,20429 6809,20391
Fußweg	q1 6450,21082 6474,21081 6482,21084 6490,21095
Fußweg	q1 7046,20153 7034,20153 6938,20154 6826,20155
Fußweg	q1 7002,21991 7422,22506 7760,22934 7960,23180 8115,23380 8515,23867 8694,24101 8754,24185
Fußweg	q1 7897,23353 7835,23341 6970,23329
Fußweg	q1 6855,27331 6898,27326
Teglholmens Sydkaj: Fußweg	q1 7729,7836 7505,7962
Fußweg	q1 8005,10966 7980,10964 7972,10957 7963,10947 7925,10941 7874,10930
Fußweg	q1 7970,10727 7939,10726
Vesterbro Torv: Fußgängerzone	q4 7996,10508 7936,10473 7923,10531 7984,10529 7996,10508
Fußweg	q1 7911,10458 7936,10473
Fußweg	q1 7448,13242 7456,13238
Fußweg	q1 7181,15295 7197,15303
Fußweg	q1 7551,15540 7619,15526 7694,15512 7814,15488
Fußweg	q1 7484,15612 7563,15591
Fußweg	q1 7619,15526 7628,15550
Fußweg	q1 7694,15512 7704,15535
Fußweg	q1 7207,14757 7235,14754 7259,14751 7278,14734 7295,14717
Bøllemosegårdvej: Fußweg	q1 7866,15229 7870,15274 7881,15338 7908,15402 7918,15444 7919,15478 7914,15498 7905,15507 7889,15506 7870,15501 7850,15500 7830,15502
Fußweg	q1 7864,16265 7822,16269
Fußweg	q1 7468,16813 7461,16804
Fußweg	q1 7822,15793 7886,15812
Fußweg	q1 7765,16111 7789,16114
Fußweg	q1 7449,16531 7455,16524
Fußweg	q1 7440,16265 7457,16237 7453,16231
Fußweg	q1 7855,17476 7784,17487
Fußweg	q1 7770,18169 7766,18139 7763,18128
Fußweg	q1 7504,18620 7507,18586 7547,18576 7581,18574 7591,18597 7591,18668
Fußweg	q1 7547,18576 7549,18572
Fußweg	q1 7362,19169 7366,19177 7405,19143
Fußweg	q1 7405,19143 7416,19164
Fußweg	q1 7416,19164 7428,19178 7458,19170
Fußweg	q1 7428,19178 7433,19195
Fußweg	q1 7976,19991 7955,19996 7933,20011 7905,20040 7880,20064 7840,20090 7801,20104 7771,20122 7739,20132 7682,20122 7567,20076 7467,19917
Fußweg	q1 7277,19791 7540,19897
Fußweg	q1 7207,20420 7208,20404
Fußweg	q1 7121,20595 7155,20593 7202,20593 7249,20589
Fußweg	q1 7403,21195 7403,21204
Fußweg	q1 7636,20958 7733,20948
Fußweg	q1 7385,21386 7393,21376
Fußweg	q1 7576,21488 7573,21502 7570,21519 7566,21535 7564,21551
Fußweg	q1 7130,21495 7149,21501 7163,21512 7175,21520 7194,21529 7210,21538 7229,21545 7248,21549 7267,21559 7282,21565 7294,21568
Fußweg	q1 7166,21672 7176,21663 7186,21652 7201,21626 7216,21605
Fußweg	q1 7216,21605 7228,21609 7249,21613 7267,21613 7281,21600 7287,21582 7294,21568 7308,21562 7324,21558 7340,21551 7354,21557 7365,21559
Fußweg	q1 7162,21447 7162,21465 7166,21477 7171,21485 7169,21497 7163,21512 7160,21527 7152,21557 7141,21588 7128,21611 7120,21628
Fußweg	q1 7119,21401 7109,21385 7096,21361 7083,21344 7069,21328
Fußweg	q1 7168,24495 7227,24459 7332,24395 7430,24320 7467,24291 7489,24266 7521,24221 7556,24161 7590,24099 7628,24021 7897,23353 7960,23180 7972,23154
Havneholmen: Fußweg	q1 8536,9285 8592,9332 8618,9328
Bryggebroen: Fußweg	q1 8618,9328 8658,9322 8683,9367 8872,9298
Fußweg	q1 8115,10104 8105,10117
Fußweg	q1 8036,11186 8233,11161 8235,11189 8274,11479
Fußweg	q1 8177,10794 8201,10956 8232,11124 8033,11150
Fußweg	q1 7972,10723 7980,10702 8016,10716 8024,10693
Fußweg	q1 7972,10723 7979,10705 8016,10716 8096,10741 8104,10763 8115,10775 8119,10789 8132,10808 8152,10810 8177,10794 8196,10789
Fußweg	q1 7972,10723 7970,10727
Fußweg	q1 8232,11124 8233,11161
Halmtorvet: Fußgängerzone	q4 8202,10204 8283,10257 8356,10307 8377,10321 8392,10344
Fußweg	q1 8187,10166 8175,10179
Axeltorv: Fußgängerzone	q4 8552,10929 8518,10934 8543,10995 8554,10993 8650,10835 8624,10821 8552,10929
Peblinge Dossering: Fußweg	q1 8103,11618 8248,11883 8362,12092
Peblinge Dossering: Fußweg	q1 8248,11883 8215,11897
Blågårds Plads: Fußgängerzone	q4 8029,12134 7999,12084 8089,12036 8121,12084 8029,12134
Blågårdsgade: Fußgängerzone	q4 8059,11990 8089,12036
Blågårdsgade: Fußgängerzone	q4 8121,12084 8191,12180 8262,12277
Fußweg	q1 8553,11401 8562,11407 8577,11420 8583,11434 8593,11445 8601,11452 8608,11455 8619,11462 8614,11475 8607,11497 8607,11521 8615,11542 8620,11555 8635,11575 8646,11589 8669,11606 8695,11621 8721,11630 8748,11634 8762,11634 8770,11634 8790,11632 8817,11621 8840,11613 8866,11601 8876,11603
Fußweg	q1 8671,11357 8669,11349 8663,11335 8656,11322 8645,11324 8631,11333 8622,11343 8604,11354 8587,11372 8571,11382 8561,11391 8553,11401
Sortedam Dossering: Fußweg	q1 8578,12395 8625,12450 8661,12503 8868,12728
Fußweg	q1 8668,12942 8661,12950 8632,12983 8601,13011 8563,13043 8524,13073 8508,13093 8490,13113 8460,13132 8439,13154 8422,13185 8402,13207 8375,13228 8357,13233
Fußweg	q1 8375,13228 8400,13229 8430,13226 8445,13234
Sankt Hans Torv: Fußgängerzone	q4 8275,12600 8306,12613 8316,12589 8300,12546 8257,12573 8275,12600
Fußweg	q1 8432,13909 8404,13952
Fußweg	q1 8771,14218 8549,14299 8452,14316
Fußweg	q1 8954,13275 8973,13321 9104,13442 9109,13466 9100,13485 9089,13508 9090,13534 9101,13556 9106,13580 9094,13609 9064,13651 9014,13695 8958,13746 8921,13790 8909,13812 8910,13855 8909,13886 8905,13901 8895,13910 8874,13907 8842,13907 8819,13913 8796,13922 8779,13934 8764,13950 8759,13964 8756,13978 8744,13993 8721,14008 8705,14025 8700,14036 8692,14051 8678,14055 8672,14063 8668,14081 8656,14092 8644,14100 8628,14102 8609,14095 8588,14067 8572,14048 8557,14037 8541,14036 8529,14039 8507,14046
Fußweg	q1 8392,13632 8434,13637 8464,13619 8499,13612 8533,13622 8561,13627 8588,13618
Fußweg	q1 8624,13730 8606,13732 8581,13728 8562,13719 8549,13710
Fußweg	q1 8526,13744 8536,13762 8547,13782 8560,13802 8562,13815 8555,13845 8553,13865 8543,13882 8533,13900 8510,13927 8475,13950 8436,13955
Fußweg	q1 8533,13900 8552,13915 8576,13933 8592,13953 8595,13970 8591,13991 8581,14012 8568,14028 8557,14037
Fußgängerzone	q4 8176,14837 8179,14828 8203,14833 8200,14843 8176,14837
Fußweg	q1 8332,16442 8328,16421
Fußweg	q1 8480,16318 8476,16355 8477,16406 8586,16407 8608,16529 8616,16571 8629,16641 8632,16657
Fußweg	q1 8253,18045 8298,18063 8310,18063
Fußweg	q1 7863,18380 7876,18380
Fußweg	q1 7876,18380 7914,18379
Fußweg	q1 7914,18379 7932,18392
Fußweg	q1 7956,18409 7992,18430
Fußweg	q1 7932,18392 7956,18409
Fußweg	q1 8379,18563 8407,18588 8437,18612 8445,18618 8462,18636 8480,18659 8499,18695 8510,18713
Fußweg	q1 8427,18683 8471,18732
Fußweg	q1 8442,18921 8540,18876
Fußweg	q1 8227,19144 8211,19064 8194,18981 8177,18901 8159,18815
Fußweg	q1 7945,19614 7960,19611
Fußweg	q1 8277,19249 8229,19169
Fußweg	q1 8187,19938 8194,19958
Fußweg	q1 8083,20163 8102,20110
Fußweg	q1 7987,20694 8113,20696 8122,20701 8126,20707 8130,20729 8137,20749 8146,20756 8180,20762 8247,20770 8273,20780 8281,20777 8285,20775 8290,20776 8294,20773 8301,20762 8313,20746 8318,20735 8327,20727 8336,20721 8344,20718 8352,20716 8363,20717 8373,20718 8404,20715 8469,20707
Fußweg	q1 7732,20983 7788,20983 7810,20986 7866,20994
Fußweg	q1 8311,20819 8310,20812 8309,20806 8308,20802 8308,20794 8307,20787 8307,20780 8308,20769 8310,20761 8310,20755 8313,20746
Fußweg	q1 8373,20718 8369,20735 8367,20747 8365,20757 8364,20765 8366,20774 8368,20783 8371,20794 8369,20803 8371,20812 8368,20822 8365,20832 8365,20845 8365,20857 8366,20867 8363,20876 8365,20887 8366,20899 8370,20910 8375,20921 8382,20937 8387,20945
Fußweg	q1 8273,20780 8281,20782 8305,20813 8311,20819 8312,20827 8309,20833 8309,20841 8312,20849 8315,20856 8318,20864 8318,20872 8315,20879 8314,20889 8316,20900 8319,20908 8332,20921 8352,20933 8368,20939 8375,20942 8387,20945 8402,20949 8413,20952 8419,20954
Fußweg	q1 8238,23245 8288,23272 8298,23282 8362,23308 8370,23319 8381,23324 8388,23349 8398,23371 8404,23394 8411,23421 8420,23456 8424,23469 8427,23481 8435,23501 8449,23527 8466,23556 8495,23584 8514,23597 8525,23606 8536,23606 8565,23600 8594,23598 8628,23591 8634,23591 8654,23588 8668,23587 8687,23586 8700,23587 8720,23584 8735,23585 8750,23584 8766,23575 8777,23572 8793,23566 8809,23564 8822,23561 8835,23562 8848,23562 8865,23562 8900,23560 8919,23565
Fußweg	q1 9101,7686 9179,7609 9199,7584 9095,7493 9173,7389 9198,7348 9217,7305 9227,7292 9388,7282 9412,7260 9420,7204 9412,7149
Fußweg	q1 9101,7686 9073,7715
Fußweg	q1 9101,7686 9073,7715
Islands Brygge: Fußweg	q1 8872,9298 8909,9346 8956,9326
Jorcks Passage: Fußgängerzone	q4 9247,11244 9212,11297
Frederiksberggade: Fußgängerzone	q4 8895,10987 8983,11057 9026,11090 9108,11156 9138,11177 9213,11223 9247,11244 9262,11248 9330,11243 9365,11246
Kompagnistræde: Fußgängerzone	q4 9318,11077 9290,11054 9246,11027 9172,10980
Nytorv: Fußgängerzone	q4 9108,11156 9164,11060 9206,11092 9138,11177 9108,11156
Rådhuspladsen: Fußgängerzone	q4 8889,10872 8945,10936 8831,11025 8780,10993 8822,10934 8889,10872
Mikkel Bryggers Gade: Fußgängerzone	q4 9054,10981 9024,11007 9001,11036 8983,11057
Gammel Torv: Fußgängerzone	q4 9108,11156 9044,11185 9104,11220 9138,11177 9108,11156
Store Kannikestræde: Fußgängerzone	q4 9254,11444 9213,11408 9173,11386
Rosengården: Fußgängerzone	q4 9201,11644 9181,11639 9110,11654 9068,11657
Købmagergade: Fußgängerzone	q4 9603,11289 9571,11375 9558,11404 9541,11429 9516,11454 9484,11476 9459,11486 9378,11518 9342,11536 9295,11559 9268,11591 9254,11625 9244,11650
Kultorvet: Fußgängerzone	q4 9244,11650 9237,11704 9196,11695 9201,11644 9244,11650
Frederiksborggade: Fußgängerzone	q4 9097,11776 9162,11726 9196,11695
Fiolstræde: Fußgängerzone	q4 9212,11297 9203,11309 9181,11366 9173,11386 9140,11483 9068,11657 9039,11706 9039,11715
Krystalgade: Fußgängerzone	q4 9114,11475 9140,11483 9235,11522 9295,11559
Israels Plads: Fußgängerzone	q4 8753,11692 8832,11803 8908,11757 8829,11648 8753,11692
Fußweg	q1 9161,11925 9161,11947 9151,11978 9115,12003 9084,12022 9043,12047 9029,12056 9048,12090 9061,12100 9071,12107 9080,12115 9088,12133 9090,12148 9098,12160 9103,12168 9102,12175 9191,12195
Fußweg	q1 9084,12022 9092,12034 9094,12061 9084,12086 9071,12107 9062,12133 9060,12165 9067,12196 9070,12218 9086,12242 9108,12259 9132,12268
Fußweg	q1 9116,12292 9132,12268 9136,12257 9145,12253 9164,12257 9177,12253 9195,12240
Fußweg	q1 9233,12174 9229,12176
Fußweg	q1 9205,11982 9200,11980 9195,11981 9193,11987 9191,11998 9179,12010 9167,12017 9153,12027 9143,12040 9141,12052 9127,12050 9106,12041 9092,12034
Fußweg	q1 9195,12240 9210,12237 9222,12241 9233,12245 9239,12239 9235,12226
Fußweg	q1 9239,12194 9240,12205 9244,12214 9242,12221 9235,12226
Fußweg	q1 9229,12176 9205,12183
Fußweg	q1 9205,12183 9198,12186 9191,12195 9190,12207 9189,12224 9195,12240 9204,12251 9232,12260 9273,12261 9294,12250 9305,12231 9301,12216 9283,12208 9264,12202 9239,12194 9233,12174 9239,12148 9248,12128 9257,12105 9257,12084 9253,12058 9242,12026 9230,12010 9219,11996 9205,11982 9172,11957 9161,11947
Fußweg	q1 8866,11601 8859,11586 8845,11565 8830,11550 8814,11537 8796,11533 8773,11532 8746,11533 8727,11532 8709,11530 8696,11521 8696,11509 8696,11492 8700,11479 8707,11466 8715,11445 8721,11429 8720,11421 8720,11404 8714,11391 8702,11379 8688,11369 8671,11357 8654,11352 8636,11354 8621,11357 8612,11372 8607,11393 8614,11408 8617,11426 8614,11446 8608,11455
Fußweg	q1 8720,11421 8735,11428 8744,11441 8756,11455 8762,11464 8767,11472 8776,11482 8781,11488 8788,11495 8804,11515 8814,11537
Fußweg	q1 8762,11464 8747,11473 8741,11480 8741,11491 8747,11499 8763,11499 8775,11496 8781,11488
Fußweg	q1 8635,11575 8637,11588 8641,11601 8648,11612 8657,11625 8664,11639 8665,11657 8675,11676 8689,11686 8705,11687 8720,11682 8732,11674 8745,11658 8750,11649 8756,11641 8762,11634
Frue Plads: Fußgängerzone	q4 9070,11330 9181,11366 9173,11386 9064,11345 9070,11330
Fußgängerzone	q4 9259,11437 9254,11444
Store Kannikestræde: Fußgängerzone	q4 9254,11444 9342,11536
Fußweg	q1 8662,13507 8694,13483 8727,13467 8757,13447 8791,13415 8838,13394 8885,13385 8914,13370 8926,13356 8937,13342 8952,13304 8954,13275 8957,13189
Fußweg	q1 8953,12676 8889,12734 8920,12780 8916,12793 9059,12951 9188,13144 9483,13373 9568,13192 9314,12988 9243,12839 9052,12644 8953,12676
Fußweg	q1 8952,13304 8943,13408 8917,13567 8897,13723 8883,13817 8881,13866 8887,13902
Fußweg	q1 8791,13415 8793,13389 8776,13349
Fußweg	q1 9413,12469 9384,12466 9330,12435 9283,12427 9262,12432
Fußweg	q1 9094,14190 9092,14212 8989,14296 8901,14362 8855,14391 8811,14403 8791,14404 8758,14385 8715,14369 8678,14356 8606,14346 8558,14325 8549,14299 8550,14277 8557,14254 8615,14212 8637,14169
Fußweg	q1 8615,14212 8577,14199
Fußweg	q1 8705,14025 8696,14007 8693,13965 8693,13919 8688,13877 8657,13842 8636,13804 8634,13765 8624,13730 8617,13708 8593,13653 8588,13618 8588,13586 8610,13551 8634,13526 8662,13507
Fußweg	q1 8609,14095 8607,14115 8603,14136
Fußweg	q1 9162,15612 9226,15641
Musholmgade: Fußweg	q1 9178,14918 9236,14936
Fußweg	q1 8745,15324 8723,15330 8698,15319 8675,15303 8656,15293 8631,15282 8601,15269 8584,15256 8568,15244 8563,15232 8574,15212 8591,15188 8616,15187 8652,15194 8675,15201 8704,15211 8728,15211 8745,15221 8756,15231 8768,15247 8774,15267 8771,15277 8761,15302 8745,15324
Fußweg	q1 8563,15232 8555,15249 8535,15278
Fußweg	q1 8728,15211 8715,15204 8692,15193 8642,15171 8597,15154 8587,15140 8582,15127
Fußweg	q1 8591,15188 8598,15172 8597,15154
Fußweg	q1 8745,15324 8756,15330
Fußweg	q1 8771,15277 8783,15283
Fußweg	q1 8726,15187 8715,15204
Fußweg	q1 8791,15240 8768,15247
Fußweg	q1 8868,16247 8877,16289
Fußweg	q1 8635,16676 8637,16686
Fußweg	q1 8616,16571 8511,16585
Fußweg	q1 8629,16641 8645,16638 8627,16526 8608,16529
Fußweg	q1 8586,16407 8604,16407
Fußweg	q1 8715,17087 8576,17081
Fußweg	q1 8576,17081 8568,17080
Fußweg	q1 8590,18698 8593,18711
Fußweg	q1 8780,19082 8799,19066
Fußweg	q1 8586,18677 8590,18698
Fußweg	q1 9076,18894 9094,18936
Fußweg	q1 8848,18561 8936,18561 8936,18580
Fußweg	q1 8749,18472 8750,18457 8778,18445 8804,18438 8819,18437 8826,18442 8945,18439 8946,18427
Fußweg	q1 8750,18457 8746,18411
Fußweg	q1 9025,19388 9046,19380 9075,19393 9116,19400 9157,19404 9182,19412
Fußweg	q1 8687,19120 8729,19102
Fußweg	q1 8729,19102 8780,19082
Fußweg	q1 8943,19420 9004,19391
Fußweg	q1 8554,19143 8532,19105
Fußweg	q1 8898,19723 8895,19662
Fußweg	q1 8847,19626 8835,19601
Fußweg	q1 8684,20166 8736,20179
Fußweg	q1 8677,20241 8736,20179
Fußweg	q1 8974,20829 9012,20817 9023,20812 9031,20801 9039,20778
Fußweg	q1 9091,20570 9139,20527
Fußweg	q1 8412,20967 8413,20952
Fußweg	q1 8477,20618 8530,20620 8579,20623
Fußweg	q1 8736,20497 8826,20494 8925,20473
Fußweg	q1 8419,20954 8424,20954 8427,20955 8434,20957 8438,20957 8443,20954 8452,20947 8455,20939 8454,20928 8457,20920 8458,20913 8461,20909 8465,20903 8466,20897 8463,20890 8454,20874 8452,20865 8454,20856 8458,20849 8466,20841 8476,20831 8485,20825 8492,20814 8498,20798 8514,20781
Fußweg	q1 8892,20769 8952,20820
Fußweg	q1 8971,20836 9027,20884
Fußweg	q1 9057,21994 9122,21944 9134,21970 9140,21990 9134,22002 9077,22038
Fußweg	q1 8901,22163 8901,22142 8902,22129 8959,22065 8992,22035 9008,22023 9057,21994
Fußweg	q1 9015,22068 9077,22038
Fußweg	q1 8992,22035 9015,22068
Fußweg	q1 9015,22068 9037,22099
Fußweg	q1 9037,22099 9048,22120
Fußweg	q1 8901,22163 8920,22169 8957,22160 9000,22144 9048,22120 9103,22098
Fußweg	q1 8920,22169 8954,22200
Fußweg	q1 9057,21994 9068,22012 9077,22038 9097,22070 9103,22098 9114,22154 9180,22209
Fußweg	q1 9545,22285 9475,22925 9466,22948 9447,22971 9431,23023 9438,23045 9445,23051 9441,23109 9434,23183 9421,23204 9421,23241 9413,23273 9051,23710 9028,23749 9012,23788 8997,23835 8990,23900 8965,24126
Fußweg	q1 8755,24212 8754,24185 8807,24177 8817,24181 8832,24175 8849,24168 8965,24126 9014,24104 9112,24075 9190,24072 9258,24074 9330,24087 9383,24112 9379,24150 9441,24147 9536,24131 9624,24127 9705,24131 9794,24175 9868,24215 9938,24234 9997,24226 10037,24238
Fußweg	q1 8720,27337 8752,27338
Kanalvej: Fußweg	q1 9844,5703 9851,5742
Kanalvej: Fußweg	q1 9823,5571 9844,5703
Kay Fiskers Plads: Fußweg	q1 9772,5961 9733,5760 9851,5742
Høstgildevej: Fußweg	q1 10062,6611 10037,6616
Toskiftevej: Fußweg	q1 10083,6744 10059,6744
Fußweg	q1 10263,6021 10164,6035 10061,6050
Fußweg	q1 9997,6276 9981,6278
Fußweg	q1 10246,8707 10293,8737 10288,8803 10261,8879 10211,8953 10138,9014 10058,9079 10024,9127 10009,9149 9981,9235 9983,9330 9996,9400 10006,9504 10002,9633
Fußweg	q1 9383,9886 9352,9923 9461,10065 9520,10138 9576,10210 9615,10185
Fußweg	q1 9461,10065 9456,9978
Fußweg	q1 9520,10138 9531,10068
Østergade: Fußgängerzone	q4 9603,11289 9645,11303 9693,11316 9713,11324 9750,11343 9792,11368
Amagertorv: Fußgängerzone	q4 9365,11246 9397,11250 9495,11257
Læderstræde: Fußgängerzone	q4 9419,11155 9446,11168 9510,11199 9563,11233 9594,11246
Voldgården: Fußweg	q1 10075,10403 9885,10549 9750,10407 9751,10383
Fußweg	q1 9670,10289 9698,10286 9732,10255 9795,10269 9840,10329 9931,10304 9945,10247 10004,10182 10082,10208 10113,10275 10205,10263 10228,10205 10297,10155 10359,10207 10367,10278 10455,10308 10494,10257 10534,10251 10578,10240 10605,10322 10593,10359 10598,10386 10615,10407 10630,10425 10595,10456
Kompagnistræde: Fußgängerzone	q4 9375,11121 9400,11140 9419,11155
Fußweg	q1 9394,10953 9429,10968 9462,10983 9495,10995 9556,11031 9574,11038 9613,11053 9641,11070
Fußweg	q1 9574,11038 9535,11090
Fußweg	q1 9840,10730 9705,10919
Højbro Plads: Fußgängerzone	q4 9495,11257 9603,11289 9615,11268 9617,11259 9634,11181 9614,11177 9599,11245 9593,11251 9495,11257
Fußgängerzone	q4 9963,11370 9962,11279 10010,11289 9986,11377 9963,11370
Christianborg Slotsplads: Fußgängerzone	q4 9742,11002 9745,10986 9744,10968 9724,10956 9653,11053 9641,11070 9615,11107 9673,11065 9689,11062 9704,11054 9716,11044 9728,11031 9736,11015 9742,11002
Gråbrødre Torv: Fußgängerzone	q4 9380,11402 9337,11363 9321,11387 9371,11410 9380,11402
Pilestræde: Fußgängerzone	q4 9393,11641 9442,11610
Fußweg	q1 9574,12135 9631,12099 9676,12072 9714,12050 9732,12037 9777,12005
Fußweg	q1 9665,12052 9651,12052 9653,12038
Fußweg	q1 9653,12038 9667,12040 9665,12052
Fußweg	q1 9535,11926 9576,11901 9546,11868 9507,11891 9535,11926
Fußweg	q1 9406,11883 9445,11858 9530,11801 9569,11777 9601,11769 9628,11762 9649,11765 9666,11770 9683,11785 9704,11844 9751,11947 9760,11962 9777,12005
Fußweg	q1 9577,12112 9547,12076 9496,12005 9491,11999 9484,11990 9406,11883 9378,11847 9366,11831
Fußweg	q1 9704,11844 9666,11873 9658,11862 9633,11880 9610,11897 9602,11903 9529,11956 9525,11960 9484,11990
Fußweg	q1 9704,12020 9681,11990 9627,11916 9610,11897 9553,11826 9530,11801 9518,11787 9509,11771
Fußweg	q1 9569,12182 9574,12135 9577,12112 9586,12051
Fußweg	q1 9676,12072 9665,12052
Fußweg	q1 9714,12050 9699,12033 9704,12020 9718,12020 9732,12037
Fußweg	q1 9504,12240 9511,12208 9569,12182 9736,12109 9748,12104 9714,12050
Fußweg	q1 9751,11947 9627,11916
Fußweg	q1 9627,11916 9633,11880 9649,11765 9658,11736 9661,11708
Fußweg	q1 9465,11885 9507,11891 9540,11895 9576,11901 9602,11903
Fußweg	q1 9653,12038 9637,12019
Fußweg	q1 9670,11998 9623,11986
Fußweg	q1 9610,12036 9608,11996
Fußweg	q1 9608,11929 9606,11966
Fußweg	q1 9593,11975 9594,11989 9608,11996 9623,11986 9621,11972 9606,11966 9593,11975
Fußweg	q1 9558,11963 9593,11975
Fußweg	q1 9631,12099 9586,12051 9537,11977 9525,11960 9465,11885 9445,11858
Fußweg	q1 9666,11873 9675,11884 9627,11916 9608,11929 9558,11963 9537,11977 9496,12005
Fußweg	q1 9547,12076 9586,12051 9610,12036 9637,12019 9670,11998 9681,11990 9760,11962 9788,11954
Landemærket: Fußgängerzone	q4 9295,11559 9340,11592 9367,11617 9393,11641
Nina Bangs Plads: Fußgängerzone	q4 9442,11610 9465,11593
Pilestræde: Fußgängerzone	q4 9465,11593 9478,11608 9546,11550
Østergade: Fußgängerzone	q4 9792,11368 9859,11408 9908,11431 9967,11450
Kongens Nytorv: Fußgängerzone	q4 9985,11557 9964,11510 9977,11451 9998,11398 10055,11420 10093,11476 10108,11503 9985,11557
Fußgängerzone	q4 9459,11486 9387,11398
Fußweg	q1 9372,12332 9389,12357 9383,12402 9382,12418 9391,12436 9413,12469 9457,12477 9528,12480 9581,12501 9646,12441 9705,12489 9704,12549 9713,12559 9810,12569 9878,12632 9839,12645 9704,12666 9654,12657 9621,12627 9603,12566 9602,12528 9581,12501
Fußweg	q1 9603,12321 9586,12330 9567,12339 9549,12343 9522,12344 9494,12340 9469,12333 9451,12323 9438,12313 9422,12298
Fußweg	q1 9586,12330 9511,12271 9438,12313
Fußweg	q1 9362,11316 9351,11318 9345,11325 9340,11322 9320,11351
Fußweg	q1 9842,12086 9854,12089
Fußweg	q1 9748,12104 9809,12071 9842,12086
Fußweg	q1 9777,12005 9809,12071
Fußweg	q1 9511,12208 9502,12186 9496,12163 9493,12140 9497,12111 9547,12076
Fußweg	q1 9842,12086 9854,12089
Fußweg	q1 9736,12109 9741,12119 9759,12111 9763,12112 9761,12117 9743,12124
Fußweg	q1 9743,12124 9751,12141
Fußweg	q1 9751,12141 9751,12146 9749,12148
Fußweg	q1 9497,12111 9432,12166 9426,12175
Fußweg	q1 9599,12378 9596,12428
Fußgängerzone	q4 9342,11536 9398,11596 9442,11610
Fußweg	q1 9529,11956 9535,11926 9540,11895 9546,11868 9553,11826
Fußweg	q1 9491,11999 9487,12002
Fußweg	q1 9487,12002 9468,12016
Fußweg	q1 9468,12016 9461,12021
Fußweg	q1 9878,12632 9904,12657 9932,12690 9953,12728 9998,12744 10006,12769 9979,12787 9921,12781 9891,12752 9869,12744 9817,12749 9788,12727 9760,12684 9704,12666
Fußweg	q1 9382,12418 9596,12428 9646,12441
Fußweg	q1 9457,12477 9478,12513 9496,12556 9544,12592 9584,12595 9621,12627
Fußweg	q1 9939,12835 9924,12843 9910,12831 9896,12810 9884,12774 9868,12762 9832,12765 9813,12765 9805,12755 9788,12727
Fußweg	q1 9839,12645 9814,12671 9794,12706 9774,12678 9814,12671 9856,12697 9808,12713 9794,12706 9788,12727
Bopa Plads: Fußgängerzone	q4 9629,14171 9660,14234 9618,14225 9629,14171
Fußweg	q1 9514,14382 9515,14368
Jagtvej: Fußweg	q1 9342,14616 9338,14610
Olufsvej: Fußweg	q1 9374,13756 9395,13771
Sankt Jakobs Plads: Fußgängerzone	q4 9396,13981 9447,13977 9445,14004 9395,14000 9396,13981
Victor Borges Plads: Fußgängerzone	q4 9603,13812 9662,13813 9632,13789 9603,13812
Trianglen: Fußgängerzone	q4 9350,13532 9407,13585 9431,13557 9450,13521 9428,13526 9350,13532
Sæbygade: Fußweg	q1 9660,14678 9660,14668
Fußweg	q1 9506,17045 9513,17081 9504,17092 9512,17148
Fußweg	q1 9235,18806 9260,18852
Fußweg	q1 9443,18746 9446,18755
Fußweg	q1 9491,18723 9494,18732
Fußweg	q1 9193,18373 9263,18447
Fußweg	q1 9211,18188 9226,18187 9235,18185 9318,18125
Fußweg	q1 9607,20089 9612,19992
Fußweg	q1 9612,19992 9624,19906
Fußweg	q1 9627,19904 9663,19812
Fußweg	q1 9250,19873 9268,19865
Fußweg	q1 9520,19727 9513,19711
Fußweg	q1 9253,19880 9413,20138 9349,20138
Fußweg	q1 9413,20138 9447,20183 9455,20198 9464,20217 9516,20311
Fußweg	q1 9191,20383 9191,20444 9193,20461 9192,20481 9193,20503 9200,20516 9168,20549
Fußweg	q1 9575,20785 9602,20811 9583,20865 9579,20865 9573,20880
Fußweg	q1 9680,20683 9720,20675
Fußweg	q1 9591,21246 9609,21262
Fußweg	q1 9729,20590 9747,20587
Fußweg	q1 9602,20811 9666,20799
Fußweg	q1 9705,21734 9598,21695 9535,21661 9575,21469 9604,21351 9607,21303 9606,21281 9609,21262
Fußweg	q1 9260,21924 9257,21950
Fußweg	q1 9134,21970 9230,21949 9257,21950
Fußweg	q1 9103,22098 9150,22099 9195,22120 9221,22144
Fußweg	q1 9195,22120 9223,22119 9238,22123
Fußweg	q1 9097,22070 9113,22059 9150,22064
Fußweg	q1 9113,22059 9117,22048 9149,22040
Fußweg	q1 9155,22080 9223,22047
Fußweg	q1 9134,22002 9149,22028 9149,22040 9150,22064 9155,22080 9150,22099
Majbøl Allé: Fußweg	q1 10138,4193 10147,4195
Stormlystvej: Fußweg	q1 10248,5754 10337,5742 10357,5741 10616,5801
Grejsdalsvej: Fußweg	q1 10370,4945 10379,4930
Fußweg	q1 10657,6437 10668,6439 10681,6460
Skolevænget: Fußweg	q1 10665,5974 10669,5966
Fußweg	q1 10694,7641 10698,7641
Digevej: Fußweg	q1 10240,7950 10246,7995 10255,8008
Våningsvej: Fußweg	q1 10355,6976 10325,6975
Fælleddiget: Fußweg	q1 10125,7078 10128,7098
Nordre Kongelundsvej: Fußweg	q1 10335,7179 10335,7193
Mimosegangen: Fußweg	q1 10512,7791 10380,7782 10254,7775
Dahliagangen: Fußweg	q1 10380,7782 10378,7836
Jasmingangen: Fußweg	q1 10517,7841 10513,7841 10378,7836 10378,7840 10374,7843 10367,7845 10364,7844 10268,7838 10264,7837 10262,7834 10261,7832 10254,7775
Fußweg	q1 10364,7844 10361,7884
Funkisgangen: Fußweg	q1 10520,7881 10514,7881 10361,7884 10238,7886 10233,7886
Konvalgangen: Fußweg	q1 10254,7775 10251,7724 10450,7735 10451,7720 10453,7720
Fußweg	q1 10340,7681 10342,7636 10346,7594 10349,7551 10351,7509
Fußweg	q1 10228,7585 10198,7583
Fußweg	q1 10311,7991 10269,7994 10268,7957
Fußweg	q1 10220,8759 10246,8707 10268,8670 10291,8640
Fußweg	q1 10295,8698 10293,8737
Fußweg	q1 10312,10070 10302,10138
Fußweg	q1 10318,10947 10361,10970 10390,10985 10425,10992
Fußweg	q1 10013,11433 10026,11432 10040,11438 10051,11448 10056,11462 10058,11478 10053,11491 10044,11500 10031,11505 10021,11503 10011,11497 10001,11488 9997,11478 9994,11466 9994,11455 9998,11445 10004,11437 10013,11433
Fußweg	q1 10610,11685 10583,11698 10587,11705 10593,11718 10583,11724 10629,11819 10673,11909 10682,11904 10687,11915 10692,11927 10720,11915
Fußweg	q1 10593,11718 10605,11715
Fußweg	q1 10583,11698 10553,11712
Fußweg	q1 10633,11817 10644,11825 10649,11809 10633,11803 10633,11817 10629,11819 10622,11821 10609,11827
Fußweg	q1 10633,11803 10599,11731 10617,11725 10627,11720
Fußgängerzone	q4 10654,11507 10680,11472 10641,11385 10581,11351
Fußweg	q1 10323,13150 10340,13143
Fußweg	q1 9976,13253 10026,12978
Fußweg	q1 10791,12865 10775,12798 10769,12782 10750,12774 10731,12770 10722,12760 10720,12745 10724,12635 10729,12624 10739,12617 10764,12611 10773,12605 10800,12526 10797,12519 10746,12523 10726,12525 10715,12537 10702,12554 10692,12562 10673,12560 10640,12550 10619,12544 10591,12535 10577,12521 10574,12501 10566,12484 10542,12466 10522,12454 10513,12451 10509,12458 10500,12490 10498,12515 10513,12531 10522,12549 10513,12573 10495,12597 10466,12635 10456,12645 10438,12649 10414,12647 10390,12655 10370,12669 10348,12688 10370,12704 10395,12724 10419,12736 10445,12732 10458,12742 10497,12805 10501,12819 10496,12834 10482,12853 10477,12871 10488,12929 10493,12934 10536,12914 10557,12897 10561,12873 10559,12861 10584,12852 10610,12844 10638,12838 10674,12831 10690,12832 10704,12853 10733,12865 10764,12869 10791,12865
Fußweg	q1 10702,12554 10704,12563 10698,12572 10681,12572 10655,12571 10639,12571 10625,12568 10607,12563 10589,12557 10575,12552 10569,12542 10568,12530 10577,12521
Fußweg	q1 10466,12635 10476,12645 10490,12651 10504,12653 10516,12652
Fußweg	q1 10445,12732 10456,12727 10471,12722 10486,12720 10511,12718
Fußweg	q1 10559,12861 10561,12845 10571,12833 10586,12825 10603,12820 10618,12816 10638,12811 10655,12811 10678,12816 10690,12832
Fußweg	q1 10340,13143 10540,13060
Fußweg	q1 10540,13060 10560,13049 10581,13036 10605,13016
Fußweg	q1 10166,13457 10184,13421 10219,13433 10247,13419 10248,13407 10227,13385 10181,13364 10160,13370 10151,13396 10162,13408 10184,13421
Fußweg	q1 10160,13370 10156,13359
Fußweg	q1 10006,12769 10045,12778 10054,12793
Fußweg	q1 9979,12787 9960,12817 9939,12835 9946,12868 9944,12884
Østbanegade: Fußweg	q1 10224,14436 10217,14456
Fußweg	q1 9841,18587 9875,18613
Fußweg	q1 9841,18587 9900,18552 9893,18536 9895,18519 9885,18506
Fußweg	q1 9910,18640 9917,18645 9934,18667 10023,18665
Fußweg	q1 9875,18613 9910,18640
Fußweg	q1 10023,18665 10050,18664
Fußweg	q1 10050,18664 10063,18664
Fußweg	q1 10322,20100 10294,20033 10309,20029 10299,20002
Fußweg	q1 10054,20083 10042,19977
Fußweg	q1 10237,19787 10231,19750 10296,19729
Fußweg	q1 10413,20069 10468,20202
Fußweg	q1 10468,20202 10414,20223 10407,20205 10390,20190
Fußweg	q1 10358,19706 10460,19673
Fußweg	q1 10211,19407 10302,19342
Fußweg	q1 10379,21426 10427,21406 10429,21379 10444,21375
Fußweg	q1 10055,21614 10085,21584
Fußweg	q1 9984,21793 9992,21803 10034,21802 10035,21771 10028,21761 10043,21753
Fußweg	q1 10043,21753 10101,21752
Fußweg	q1 10101,21752 10110,21751 10107,21727 10083,21665 10055,21614
Fußweg	q1 9994,21771 10028,21761
Fußweg	q1 10873,5858 10934,5865 10954,5862 10990,5854 11008,5851 11025,5850 11123,5857 11116,5875
Fußweg	q1 12171,5921 12165,5914 12077,5911 11901,5898 11739,5892 11730,5889 11710,5875 11697,5871 11624,5868 11532,5863 11428,5856 11407,5870 11283,5866
Fußweg	q1 11407,5870 11409,5894 11437,5910 11523,5921 11531,5917 11534,5908 11536,5885 11542,5877 11611,5882 11627,5884 11647,5898
Bolbrovej: Fußweg	q1 10826,6519 10835,6519
Husbyvej: Fußweg	q1 11137,6184 11228,6193
Skalbjergvej: Fußweg	q1 11101,6457 11132,6459
Langesøvej: Fußweg	q1 11081,6580 11109,6583
Fußweg	q1 11126,6629 11101,6621
Fußweg	q1 11259,6926 11317,6947
Fußweg	q1 10965,7026 11020,7010
Fußweg	q1 10894,7446 10949,7447
Fußweg	q1 11304,8151 11041,8157
Fußweg	q1 11138,9912 11143,9913 11166,9902 11179,9907
Fußweg	q1 11166,9902 11230,9793
Strandgade: Fußweg	q1 10758,11029 10686,10948
Pusher Street: Fußweg	q1 10849,10815 10891,10783 10942,10744 10974,10719 11009,10692 11017,10685 11029,10676 11061,10650
Fußweg	q1 10724,10245 10738,10248 10785,10256 10830,10271 10955,10315 11007,10301 11034,10352 11223,10492 11274,10485 11275,10502 11279,10533 11476,10669 11462,10679 11434,10725 11417,10740
Fußweg	q1 11363,10484 11354,10489 11328,10498 11312,10502 11300,10501 11275,10502
Fußweg	q1 11053,10225 11029,10261 11014,10284 11007,10301
Fußweg	q1 10693,10492 10704,10469 10718,10464 10741,10458 10768,10463 10792,10468 10811,10477 10837,10501 10854,10518 10865,10538 10868,10555 10873,10565 10890,10577
Fußweg	q1 10868,10555 10862,10577 10860,10590 10852,10602 10837,10619
Fußweg	q1 10831,10610 10837,10619 10877,10672 10897,10696 10917,10682 10940,10673 10962,10674 10993,10671 11012,10676 11017,10685
Fußweg	q1 10743,10706 10762,10698 10791,10724 10811,10746 10844,10780
Fußweg	q1 10829,10795 10844,10780 10855,10776 10874,10772 10886,10778 10891,10783
Fußweg	q1 10791,10724 10798,10716 10806,10713 10813,10719 10817,10726 10818,10733 10816,10740 10811,10746
Fußweg	q1 10817,10726 10835,10731 10857,10745 10878,10767 10886,10778
Fußweg	q1 10877,10672 10859,10683 10841,10688 10829,10698 10822,10707 10822,10715 10826,10724 10835,10731 10845,10728 10860,10724 10873,10729 10906,10707 10897,10696
Fußweg	q1 11029,10676 11065,10719 11075,10730 11100,10760 11116,10779 11136,10804 11128,10815 11117,10817 11109,10809 11080,10775 11047,10737 11009,10692
Fußweg	q1 10974,10719 11011,10765 11043,10803
Fußweg	q1 10942,10744 10952,10759 10964,10766 10985,10771 11000,10768 11011,10765 11047,10737 11065,10719
Fußweg	q1 10947,10875 11008,10829 11043,10803 11062,10789 11080,10775 11100,10760
Fußweg	q1 11008,10829 11048,10879
Fußweg	q1 11075,10730 11123,10686 11138,10664 11142,10650 11140,10639 11130,10630 11117,10625
Fußweg	q1 11116,10779 11159,10717
Fußweg	q1 11136,10804 11167,10773 11175,10766 11185,10769 11193,10773 11240,10802
Fußweg	q1 11193,10773 11206,10751
Fußweg	q1 11234,10815 11240,10802 11252,10782
Fußweg	q1 11361,10870 11403,10812 11405,10803 11404,10795 11399,10793 11394,10794 11391,10796 11389,10794 11386,10790 11370,10776 11377,10760 11378,10753 11373,10750 11362,10748 11339,10759 11302,10784 11286,10801
Fußweg	q1 11370,10776 11363,10782 11360,10805 11343,10806 11334,10803 11329,10799 11325,10795 11325,10789 11329,10785 11336,10783 11363,10782
Fußweg	q1 11109,10809 11088,10821 11062,10789
Ved Kongeporten: Fußweg	q1 10859,12432 10858,12452 10842,12487 10843,12511 10862,12578 10859,12658
Fußweg	q1 10692,11927 10665,11940
Fußweg	q1 10649,11809 10656,11806 10666,11802
Fußweg	q1 10644,11825 10676,11894 10694,11885 10704,11881
Fußweg	q1 10682,11904 10691,11901
Pakhuskaj: Fußweg	q1 10959,13810 10912,13811 10872,13183 10929,13174
Fußweg	q1 10514,20057 10620,20003
Fußweg	q1 10604,20201 10716,20205
Fußweg	q1 10648,20062 10682,20086 10740,20142 10831,20223 10871,20264 10902,20289 10931,20329 10942,20354 10952,20387 10960,20421 10965,20444
Fußweg	q1 10496,20421 10567,20424
Fußweg	q1 10612,20427 10627,20428
Fußweg	q1 10519,20995 10598,21011
Fußweg	q1 10738,20276 10800,20276
Fußweg	q1 10648,20892 10701,20837 10759,20790 10811,20749 10847,20722 10880,20694 10901,20667 10918,20646 10933,20616 10947,20582 10957,20550 10967,20506
Fußweg	q1 10789,20405 10788,20539 10888,20541
Fußweg	q1 10788,20539 10788,20663 10901,20667
Fußweg	q1 10451,21562 10540,21555
Rønnevej: Fußweg	q1 11766,-912 11773,-926
Parkvej: Fußweg	q1 11684,-952 11695,-975
Lindevej: Fußweg	q1 12187,-1068 12197,-1086
Platanvej: Fußweg	q1 12083,-1123 12090,-1146
Poppelvej: Fußweg	q1 11855,-1113 11864,-1138
Platanvej: Fußweg	q1 11951,-820 11963,-855
Lindevej: Fußweg	q1 12046,-772 12062,-808
Kastanievej: Fußweg	q1 12141,-727 12150,-747
Elmevej: Fußweg	q1 12187,-632 12199,-653
Fußweg	q1 11909,5905 11901,5898
Fußweg	q1 11648,6344 11655,6321
Majrosevej: Fußweg	q1 11863,6965 11864,6960
Christian Svendsens Gade: Fußweg	q1 11362,9852 11367,9839
Halgreensgade: Fußweg	q1 11413,9868 11421,9851
Kastanievej: Fußweg	q1 12291,-1007 12300,-1026
Ahornvej: Fußweg	q1 12376,-275 12395,-297
Ahornvej: Fußweg	q1 12632,-584 12642,-596
Akacievej: Fußweg	q1 12526,-717 12540,-738
Akacievej: Fußweg	q1 12311,-399 12322,-415
Birkevej: Fußweg	q1 12443,-822 12455,-837
Kirstinehøj: Fußweg	q1 12800,4231 12726,4216 12703,4193 12696,4189 12610,4183
Kirstinehøj: Fußweg	q1 12268,4150 12160,4120
Fußweg	q1 12431,5225 12464,5227 12486,5228 12515,5227 12550,5241
Fußweg	q1 12602,6036 12624,5979 12619,5970
Fußweg	q1 12619,5970 12569,5962
Fußweg	q1 12569,5962 12416,5952 12290,5944 12266,5938 12216,5920 12165,5914
Fußweg	q1 13245,6144 13272,6030 13276,6022 13286,6020 13379,6028 13494,6032 13511,6031
Fußweg	q1 13363,6275 13348,6273
Fußweg	q1 13360,6339 13349,6347
Fußweg	q1 13393,6376 13386,6385
Fußweg	q1 13431,6394 13428,6403
Fußweg	q1 13390,6267 13393,6261
Fußweg	q1 13442,6274 13446,6267
Fußweg	q1 13348,6273 13338,6243 13338,6233 13355,6212 13364,6202 13367,6173
Fußweg	q1 13338,6243 13322,6241 13309,6246 13286,6262 13270,6280 13243,6326 13235,6345 13259,6366
Fußweg	q1 13491,6393 13473,6394 13431,6394 13420,6391 13393,6376 13376,6358 13363,6343 13360,6339 13358,6330 13357,6284 13363,6275 13390,6267 13417,6268 13442,6274 13470,6287 13485,6299 13506,6326 13512,6337 13510,6351 13508,6364 13491,6393
Fußweg	q1 13370,7957 13516,7979
Fußweg	q1 12854,9750 12874,9732
Sti til Vægterparken: Fußweg	q1 13809,6994 13816,6973 13858,6864
Fußweg	q1 13953,6022 13904,6015 13862,6010 13810,6015 13724,6022 13708,6031
Fußweg	q1 13526,6413 13491,6393
Fußweg	q1 13485,6299 13494,6289
Fußweg	q1 13512,6337 13525,6328
Fußweg	q1 13491,6393 13479,6413
Fußweg	q1 13882,8017 13861,8013 13829,8003
Fußweg	q1 13694,6962 13796,7001 13810,7006
Fußweg	q1 13610,8214 13619,8189 13660,8121
Fußweg	q1 13617,9574 13619,9569 13624,9566 13633,9562 13642,9556 13649,9548 13653,9542 13654,9537 13655,9529 13656,9523 13658,9515 13661,9511 13670,9498 13673,9492 13674,9485 13674,9478 13673,9470 13673,9463 13674,9454 13677,9445 13682,9433 13693,9413 13709,9393 13719,9378 13726,9363 13729,9355 13730,9347 13730,9338 13730,9301 13731,9293 13734,9287 13738,9281 13744,9277 13754,9274 13764,9271 13771,9267 13776,9260 13779,9253 13779,9244 13779,9234 13780,9226 13783,9218 13789,9212 13798,9209 13811,9206 13830,9202 13837,9200 13842,9195 13844,9190 13845,9184 13846,9178 13849,9173 13854,9171 13862,9169 13876,9166 13888,9163 13898,9158 13903,9152 13906,9145 13907,9139 13905,9131 13902,9121 13901,9109 13901,9095 13903,9078 13907,9064 13911,9048 13913,9042 13916,9038 13922,9034 13930,9033 13941,9032 13950,9031 13954,9029 13958,9024 13960,9018 13960,9012 13963,9007 13967,9000 13975,8995 13982,8992 13991,8991 14006,8989 14012,8988 14017,8984 14020,8979 14024,8969 14027,8959 14030,8953 14033,8950 14038,8946 14047,8942 14065,8934 14072,8930 14079,8926 14087,8919 14096,8910 14106,8895 14109,8890 14109,8885 14109,8880 14109,8873 14109,8868 14110,8864 14112,8860 14115,8855 14123,8846 14126,8842 14128,8838 14131,8832 14133,8823 14136,8811 14139,8805 14143,8799 14149,8795 14158,8790 14175,8780 14181,8774 14187,8767 14190,8759 14190,8752 14192,8746 14198,8740 14205,8737 14213,8736 14222,8735 14236,8733 14248,8729 14254,8727 14259,8722 14266,8716 14270,8712 14277,8709 14285,8708 14305,8706 14315,8705 14323,8702 14331,8699 14337,8697 14339,8696 14336,8649
Fußweg	q1 13599,8972 13780,9019 13845,9035 13911,9048 13947,9056 13953,9060 13960,9071
Fußweg	q1 13617,9574 13649,9580 13655,9588
Fußweg	q1 13547,9565 13699,9817 13702,9825 13706,9836 13706,9846 13706,9856 13706,9859 13704,9859 13704,9861 13704,9863 13705,9864 13706,9863 13706,9861 13706,9859
Fußweg	q1 13617,9574 13615,9585 13616,9589 13618,9595 13642,9631 13644,9634 13647,9637 13651,9638 13698,9654 13718,9661
Fußweg	q1 14171,6065 14270,6084 14357,6104
Kastrup Strandpark: Fußweg	q1 14745,6907 14783,6939 14689,7102
Fußweg	q1 14258,6586 14273,6591
Fußweg	q1 14238,6597 14252,6600 14258,6586
Fußweg	q1 14273,6591 14266,6610 14266,6615
Kastrup Strandpark: Fußweg	q1 14375,7286 14454,7288 14544,7343
Kastrup Strandpark: Fußweg	q1 14454,7288 14587,7072
Fußweg	q1 14371,8645 14355,8616 14336,8576 14319,8535 14297,8477 14279,8426 14268,8389 14263,8371 14255,8327 14253,8283 14254,8240 14260,8180 14272,8108 14289,8046 14307,8012 14347,7991 14346,7973
Fußweg	q1 14343,7920 14339,7889 14257,7756 14232,7725 14368,7529
Fußweg	q1 14346,7973 14343,7920
Fußweg	q1 14213,8736 14218,8728 14225,8716 14228,8707 14230,8695 14231,8684 14232,8652 14282,8650 14324,8649 14336,8649 14371,8645 14385,8644 14389,8642 14395,8640 14406,8635 14410,8634 14414,8634 14419,8637 14474,8669 14401,8695 14397,8697 14393,8696 14391,8694 14387,8687 14384,8683 14382,8681 14378,8682 14339,8696
Fußweg	q1 14474,8669 14578,8673 14578,8672 14578,8671 14580,8671 14580,8672 14580,8673 14580,8674 14579,8674 14578,8674 14578,8673
Fußweg	q1 14324,8649 14281,8548 14264,8508 14249,8471 14238,8430 14230,8403 14220,8361 14213,8321 14210,8280 14209,8247 14211,8212
Fußweg	q1 14229,8565 14281,8548 14319,8535
Fußweg	q1 14149,8433 14230,8403 14268,8389
Fußweg	q1 14210,8280 14253,8283
