#: #: -*- coding: utf-8 -*-
#:encoding: utf-8
#:date: 20080810220007
#:
# Converted from openstreetmap data using ./miscsrc/osm2bbd
# DO NOT EDIT THIS FILE! Edit the original openstreetmap data!
#
Kroppedal Allé: Pfad	Q2 -9211,11568 -8919,11621 -8873,11621 -8682,11607
unbefestigte Straße	Q2 -7655,646 -7663,660
Pfad	Q2 -7457,25257 -7466,25230 -7484,25188 -7491,25163 -7491,25145 -7479,25119 -7461,25099 -7449,25081 -7448,25060 -7450,25027 -7456,24989 -7476,24935 -7492,24862 -7509,24772 -7538,24692 -7570,24666
Ryethøjvej: Pfad	Q2 -7217,22677 -7213,22699 -7184,22931 -7162,23128 -7147,23265 -7132,23371 -7117,23495 -7111,23579 -7110,23656 -7112,23736 -7110,23761 -7066,23767 -7049,23779 -7033,23815 -6637,23806 -6620,23829 -6606,23855
unbefestigte Straße	Q2 772,10485 756,10582
unbefestigte Straße	Q2 2732,10415 2746,10414 2764,10394
Pfad	Q2 7343,6875 7332,6888 7304,6901 7266,6935 7241,6943 7204,6949 7182,6949 7155,6942 7120,6933 7106,6935 7098,6943
Pfad	Q2 6784,16465 6788,16458 6795,16441 6834,16335 6849,16293 6854,16283 6860,16275 6867,16263 6869,16258 6870,16254
Pfad	Q2 6387,21293 6398,21292 6414,21291 6426,21293 6437,21305 6449,21314 6460,21324 6474,21331 6484,21335 6500,21343 6512,21351 6520,21360
Pfad	Q2 6484,21335 6485,21319 6490,21316 6501,21318 6514,21324 6521,21327 6533,21329 6542,21325 6551,21318 6561,21310
Pfad	Q2 7746,17488 7757,17321
Pfad	Q2 7260,21313 7286,21326 7323,21340 7356,21357 7393,21376 7406,21382 7419,21390 7439,21399 7463,21411 7483,21422 7512,21434 7536,21445 7560,21454 7579,21458 7599,21469 7620,21481 7645,21494 7665,21503 7683,21507 7707,21511 7731,21516 7752,21522 7773,21528 7791,21532 7808,21532 7819,21527 7826,21524 7831,21518 7835,21517 7844,21518
Pfad	Q2 7128,21311 7123,21329 7120,21358 7119,21401 7125,21423 7139,21435 7162,21447 7201,21451 7247,21459 7277,21469 7305,21483 7328,21503 7351,21529 7365,21559 7365,21578 7351,21595 7328,21612 7304,21632 7292,21660 7292,21671
Pfad	Q2 7924,25424 7934,25442 8001,25437
Pfad	Q2 9281,19843 9513,19711
