#: #: -*- coding: utf-8 -*-
#:encoding: utf-8
#:date: 20080810220007
#:
# Converted from openstreetmap data using ./miscsrc/osm2bbd
# DO NOT EDIT THIS FILE! Edit the original openstreetmap data!
#
	RW1 -11127,925 -11060,1010 -10685,780 -10589,914 -10234,698 -10201,741 -10092,892 -10051,927 -9996,977 -9983,988 -9906,1219 -9895,1236 -9885,1252 -9845,1318 -9693,1598
	RW1 -10644,1219 -10642,1237 -10592,1233 -10534,1224 -10447,1197 -10373,1170 -10300,1135 -10225,1093 -10194,1087 -10179,1075
	RW1 -9842,1960 -9927,2085 -9953,2121 -9998,2173 -10083,2250 -10133,2281 -10173,2337 -10142,2429 -10223,2469 -10461,2638
	RW1 -10632,6519 -10659,6521 -10671,6403 -10685,6376 -10717,6354 -10770,6353 -10820,6332 -10854,6338 -10916,6362 -10965,6367 -11006,6353 -11059,6326 -11117,6321 -11155,6330 -11219,6360 -11270,6373 -11290,6369 -11307,6366 -11356,6346 -11382,6346 -11438,6366 -11479,6376 -11516,6375 -11552,6359 -11588,6361 -11628,6367
	RW1 -10957,6274 -10967,6301 -10963,6398 -10937,6426 -10934,6429 -10837,6514 -10825,6513 -10700,6515 -10683,6527 -10671,6529 -10659,6521
	RW1 -10686,5984 -10671,6357 -10685,6376
	RW1 -10934,6429 -10969,6457 -11068,6460 -11082,6461 -11114,6466 -11140,6460 -11151,6451 -11164,6445 -11253,6447 -11298,6448
Veststien	RW1 -10518,8208 -10521,7974 -10550,7415 -10548,7377 -10549,7373 -10537,7342 -10538,7288 -10542,7142 -10543,7114 -10544,7072 -10546,6982 -10548,6940 -10548,6904 -10550,6826 -10551,6808 -10552,6750 -10554,6660 -10556,6579 -10553,6554 -10560,6553 -10567,6541 -10571,6524 -10589,6515
	RW1 -10588,6516 -10588,6516 -10588,6516 -10632,6519 -10588,6516
	RW1 -10034,6789 -10215,6796 -10551,6808 -10551,6808
	RW1 -9762,6758 -9805,6774 -9820,6892 -9832,6901 -9879,6908 -9958,6913 -9972,6916 -10210,6926 -10548,6940
	RW1 -10655,7116 -10543,7114
	RW1 -11148,7109 -10959,7108 -10868,7111 -10858,7120 -10829,7121 -10804,7116 -10726,7116 -10655,7116
	RW1 -10553,6554 -10548,6545
	RW1 -10504,7908 -10510,7926 -10513,7963 -10521,7974
Høje Tåstrup Stien	RW1 -13059,7262 -12964,7272 -12905,7307 -12866,7353 -12797,7332 -12702,7326 -12393,7402 -12226,7438 -12166,7487 -12026,7520 -11938,7536 -11757,7573 -11704,7564 -11581,7589 -11057,7714 -10583,7835
	RW1 -9875,738 -9916,784 -10022,906 -10028,916 -10022,930 -9996,977
	RW1 -9815,1921 -9842,1960
	RW1 -9693,1598 -9626,1554 -9583,1526 -9553,1493
	RW1 -9895,1236 -9874,1219 -9796,1170 -9774,1167 -9754,1174 -9737,1187 -9720,1206 -9653,1203 -9657,1272 -9645,1276 -9599,1290 -9561,1294 -9529,1296 -9505,1293 -9484,1289 -9273,1203 -9262,1188 -9258,1162 -9254,1140 -9251,1114 -9244,1101 -9241,1088 -9248,1075
	RW1 -8958,1369 -8969,1374 -9090,1418 -9128,1442 -9185,1464 -9376,1525 -9419,1488 -9431,1468 -9440,1454 -9456,1450 -9490,1464 -9553,1493
	RW1 -8981,2376 -9023,2314 -9055,2292 -9113,2256 -9188,2224 -9215,2212 -9299,2146 -9332,2130 -9370,2105 -9414,2090 -9447,2072 -9720,1915 -9759,1890 -9765,1879 -9788,1854
	RW1 -9693,1598 -9694,1617 -9706,1642 -9785,1697 -9804,1717 -9809,1739 -9805,1766 -9792,1805 -9785,1842 -9788,1854 -9795,1890 -9815,1921
	RW1 -10212,7343 -10205,7261 -10214,7099 -10220,6989 -10211,6925 -10215,6796
Søagerbakken: verkehrsberuhigter Bereich	RW6;RW6 -10219,16924 -10192,16923 -10170,16921 -10143,16918 -10096,16915
Søagerbakken: verkehrsberuhigter Bereich	RW6;RW6 -10292,17071 -10260,17078 -10209,17094 -10204,17096 -10169,17106 -10137,17116 -10125,17120
Søagerbakken: verkehrsberuhigter Bereich	RW6;RW6 -10169,17106 -10161,17058 -10152,17009 -10143,16953 -10142,16933 -10143,16918
Søagerbakken: verkehrsberuhigter Bereich	RW6;RW6 -10192,16923 -10193,16935 -10238,17029 -10248,17050 -10260,17078
Søagerbakken: verkehrsberuhigter Bereich	RW6;RW6 -10201,17066 -10248,17050 -10248,17050
	RW1 -9122,394 -9157,414
	RW1 -9093,374 -9122,394
	RW1 -9141,325 -9093,374
	RW1 -9103,1039 -9074,1028 -9038,1032 -8965,1007 -8925,965 -8876,932 -8811,911 -8666,895 -8570,847 -8522,807 -8355,746 -8310,712 -8249,658 -8245,647 -8271,610
	RW1 -9505,1293 -9525,1357 -9522,1398 -9490,1464
	RW1 -8969,1374 -9005,1274 -9058,1172 -9112,1066 -9136,1073 -9147,1073 -9119,1055
	RW1 -9119,1055 -9103,1039
	RW1 -9559,8350 -9566,8316 -9560,8290 -9520,8273 -9506,8215 -9504,8106 -9460,8048 -9459,8036
	RW1 -9559,8370 -9559,8350 -9559,8350 -9559,8350
	RW1 -9559,8575 -9566,8507 -9567,8444 -9560,8407 -9559,8370
	RW1 -9558,8614 -9559,8575
	RW1 -9558,8614 -9548,8677 -9536,8824 -9529,8837
	RW1 -8798,1965 -8761,2083 -8735,2177 -8712,2220 -8685,2249
	RW1 -8631,2186 -8605,2170 -8592,2175 -8567,2170 -8485,2123 -8501,2070 -8502,2053 -8492,2055 -8477,2082
	RW1 -8257,1995 -8245,2002 -8216,1996 -8214,1980
	RW1 -8798,1965 -8761,2083 -8735,2177 -8712,2220 -8702,2240
	RW1 -8473,2645 -8511,2666 -8535,2695 -8536,2724 -8528,2745 -8383,2867 -8331,2821 -8284,2779
	RW1 -8595,2428 -8553,2408
	RW1 -8529,2398 -8553,2408
	RW1 -8402,2357 -8427,2361 -8465,2365 -8475,2369 -8500,2381 -8515,2390 -8529,2398
	RW1 -8515,2390 -8502,2429
	RW1 -8497,2156 -8473,2152 -8452,2187 -8437,2216 -8429,2245 -8416,2288 -8409,2330 -8402,2357
	RW1 -8712,2220 -8675,2208
	RW1 -8675,2208 -8631,2186
	RW1 -8284,2779 -8274,2771
	RW1 -8274,2771 -8237,2741
	RW1 -8691,2267 -8648,2340 -8595,2428 -8526,2547 -8519,2557 -8473,2645 -8424,2619 -8502,2489 -8539,2508 -8519,2546 -8526,2547
	RW1 -8685,2249 -8648,2340 -8595,2428 -8526,2547 -8519,2557 -8473,2645 -8424,2619 -8502,2489 -8539,2508 -8519,2546 -8526,2547
	RW1 -8702,2240 -8691,2267
	RW1 -8649,7174 -8345,7261 -8246,7335 -8221,7339 -8199,7346 -8180,7358 -8170,7373 -8162,7396 -8120,7410 -8080,7413 -8075,7430 -8061,7451 -7847,7408
	RW1 -8098,8497 -8270,8653 -8279,8655 -8288,8655 -8365,8639 -8383,8639 -8404,8643 -8422,8652 -8438,8666 -8450,8682 -8459,8699 -8463,8719 -8463,8741 -8463,8747
	RW1 -7988,1932 -7986,1969 -7978,1944 -7972,1929 -7988,1867 -7946,1846
	RW1 -7719,1878 -7713,1911 -7680,1911
	RW1 -7680,1911 -7664,1946
	RW1 -7664,1946 -7639,1936
	RW1 -8080,7413 -8071,7377 -8086,7370 -8088,7355 -8105,7199 -8126,6909
Tåstrupstien	RW1 -7746,8116 -7744,8154 -7710,8124
	RW1 -7744,8154 -7780,8198 -7817,8220 -7845,8232
	RW1 -8082,8509 -8011,8577
Tåstrupstien	RW1 -7710,8124 -7644,8177
	RW1 -7845,8232 -7866,8295
	RW1 -7866,8295 -7879,8312 -7934,8354 -8098,8497 -8082,8509
	RW1 -8011,8577 -7991,8597 -7905,8680 -7854,8723 -7794,8754 -7765,8760 -7752,8745 -7730,8722 -7710,8688 -7703,8667 -7632,8615 -7522,8521
	RW1 -7765,8760 -7776,8777 -7790,8807 -7798,8852 -7806,8886 -7812,8900 -7824,8917 -7835,8934 -7840,8955 -7840,8969 -7833,8984 -7824,9005 -7811,9025 -7803,9044 -7804,9051 -7831,9068 -7866,9109 -7896,9149 -7902,9169 -7909,9232 -7916,9316 -7921,9366 -7932,9404 -7954,9442 -7986,9473 -8028,9493 -8039,9505 -8047,9520 -8052,9535 -8048,9562 -8042,9609 -8044,9693 -8053,9744 -8068,9776 -8088,9804 -8127,9831 -8175,9856
	RW1 -7710,8124 -7655,8062 -7587,7977 -7501,7866 -7445,7768 -7396,7683 -7375,7641 -7341,7595 -7317,7576 -7305,7585
	RW1 -8175,9856 -8263,9917
	RW1 -8263,9917 -8280,9935 -8293,9970 -8264,10003 -8257,10051 -8258,10135 -8246,10229 -8230,10297 -8176,10392 -8079,10515 -7974,10641 -7892,10755 -7836,10872 -7831,10918 -7838,11004 -7845,11052 -7842,11080 -7848,11106 -7860,11155 -7889,11252 -7918,11340 -7915,11357 -7896,11398 -7896,11411 -7940,11614 -7991,11794 -8016,11885 -8068,12079 -8147,12263 -8311,12625 -8319,12641 -8275,12925 -8274,12965 -8277,12996 -8266,13017 -8243,13026 -8200,13030 -8124,13032 -8095,13029 -8062,13028 -8026,13042 -7999,13056 -7973,13055 -7890,13046 -7672,13009 -7386,12967 -7343,12952 -7284,12936 -7268,12941 -7253,12953 -7188,13082 -7115,13224 -7100,13264 -7091,13305 -7084,13336 -7021,13423 -6963,13510
	RW1 -7555,6422 -7551,6392 -7515,6367 -7520,6354 -7516,6345 -7450,6314 -7442,6305 -7437,6291 -7433,6216 -7429,6139 -7423,5979
	RW1 -7068,5780 -7089,5737 -7108,5711 -7139,5706 -7163,5708
	RW1 -7163,5708 -7244,5727
	RW1 -7244,5727 -7261,5732
	RW1 -7288,7599 -7272,7609
	RW1 -7242,7622 -7210,7635 -7165,7656 -7132,7664 -7105,7671 -7074,7702 -7048,7732
	RW1 -7305,7585 -7288,7599
	RW1 -7288,7599 -7266,7609
	RW1 -7266,7609 -7242,7622
Tåstrupstien	RW1 -7644,8177 -7619,8196 -7620,8238 -7606,8263 -7561,8270 -7393,8309 -7382,8312 -7364,8324 -7372,8343
Tåstrupstien	RW1 -7372,8343 -7384,8374
Tåstrupstien	RW1 -7384,8374 -7522,8521 -7351,8683 -7325,8694 -7291,8693 -7269,8684 -7221,8645
Tåstrupstien	RW1 -7364,8324 -7355,8325 -7337,8315 -7324,8315 -7257,8324 -7095,8347 -7053,8356 -7031,8366 -7032,8376 -7014,8383
	RW1 -7393,8309 -7384,8289 -7380,8276 -7386,8262 -7393,8243 -7396,8204 -7396,8174 -7388,8131 -7384,8095 -7382,8052 -7380,8032 -7372,7993 -7366,7961 -7358,7859 -7350,7846 -7332,7823 -7306,7801 -7258,7771 -7200,7750 -7143,7742 -7081,7735 -7048,7732 -7005,7728 -6971,7724 -6962,7720 -6938,7701 -6885,7661 -6875,7653 -6869,7645 -6814,7521 -6802,7496 -6775,7442 -6755,7396 -6753,7385 -6755,7371 -6783,7297 -6795,7263 -6797,7253 -6795,7241 -6787,7228 -6755,7191 -6749,7176 -6747,7161
	RW1 -7256,22676 -7265,22640 -7276,22588 -7294,22530 -7303,22480 -7274,22463 -7279,22423 -7213,22406 -7090,22380 -7049,22364 -7029,22344 -7005,22311 -6946,22265 -6945,22209 -6975,22151 -7026,22081 -7074,22031 -7155,21947 -7212,21885 -7200,21872 -7120,21852 -7070,21834 -6997,21783 -6913,21721 -6832,21642 -6810,21627 -6784,21616 -6747,21601 -6725,21583 -6712,21555 -6698,21464 -6680,21323 -6648,21215 -6606,21139 -6559,21086 -6508,21051 -6483,21043 -6301,21001 -6183,20942 -6089,20908 -6068,20903 -6069,20876 -6090,20668 -6103,20535 -6114,20447 -6118,20406
	RW1 -6556,1345 -6405,1181 -6375,1174 -6351,1186 -6276,1238 -6227,1246 -6141,1238 -6045,1248 -5927,1279 -5838,1257 -5828,1271 -5881,1474 -5874,1515 -5690,1837 -5683,1858 -5671,1961 -5653,1980 -5517,2048 -5496,2049 -5473,2034 -5453,2034 -5434,2077 -5401,2108 -5295,2014 -5199,1782 -5140,1783 -5087,1767 -5028,1739 -4950,1703 -4926,1683 -4879,1695 -4823,1752 -4728,1800 -4687,1847 -4590,1882 -4338,2015 -4300,2053 -4293,2093 -4303,2134 -4289,2173 -4254,2227 -4208,2272 -4147,2297 -4030,2368 -3930,2430 -3826,2507 -3752,2553 -3590,2637 -3495,2675 -3484,2702 -3487,2729 -3473,2812 -3493,2847 -3522,2875 -3611,2955 -3638,2954 -3675,2945 -3702,2954 -3752,2947 -3996,3083 -4008,3092 -3983,3124
	RW1 -6515,11349 -6490,11432 -6457,11524 -6365,11612 -6302,11672 -6164,11734 -6008,11812 -5869,11890 -5772,11967 -5703,12054 -5642,12200 -5597,12551 -5587,12659 -5556,12708 -5494,12782 -5399,12856 -5379,12883
	RW1 -6836,19629 -6772,19670 -6558,19763 -6418,19783 -6385,19774 -6355,19747 -6321,19733 -6308,19729 -6197,19718 -6126,19707 -6032,19699 -5918,19696 -5882,19695 -5850,19690 -5726,19693 -5624,19671 -5568,19651 -5531,19635 -5488,19615 -5471,19611 -5399,19632 -5342,19656 -5271,19718 -5074,19799 -4976,19845 -4933,19871 -4841,19908 -4827,19925
Solvængets Alle: verkehrsberuhigter Bereich	RW6;RW6 -5456,2425 -5463,2440 -5728,2492
	RW1 -6321,19733 -6289,19756 -6262,19776 -6223,19796 -6185,19812 -6160,19826 -6088,19935 -6035,20030 -5978,20136 -5962,20160 -5956,20197 -5972,20239 -5999,20274
	RW1 -6606,23855 -6565,23846 -6524,23836 -6490,23827 -6442,23813 -6407,23807 -6365,23799 -6315,23785 -6293,23771 -6301,23754 -6329,23733 -6362,23707 -6393,23685 -6427,23662 -6453,23643 -6478,23615 -6485,23587 -6471,23565 -6432,23542 -6386,23530 -6337,23509 -6296,23495 -6258,23494 -6226,23497 -6191,23499 -6159,23492 -6127,23480 -6080,23465 -6030,23458 -5991,23447 -5954,23432 -5927,23410 -5895,23400 -5864,23395 -5826,23405 -5789,23418 -5764,23435 -5740,23451 -5721,23460 -5707,23459 -5699,23466 -5685,23483 -5672,23503 -5653,23547 -5634,23587 -5615,23633 -5615,23666 -5615,23698 -5610,23727 -5599,23751 -5566,23788 -5555,23806 -5552,23832 -5553,23867 -5551,23898 -5543,23920 -5525,23952 -5493,23991 -5463,24025 -5409,24070 -5365,24106 -5322,24135 -5308,24157 -5307,24183 -5299,24202 -5282,24220 -5260,24229 -5231,24237 -5199,24230 -5183,24219 -5161,24209 -5137,24202 -5122,24208 -5089,24219 -5062,24240 -5057,24254 -5053,24282 -5057,24304 -5048,24339 -5018,24382 -5005,24409 -4991,24422 -4976,24428 -4931,24431 -4904,24436 -4863,24448 -4827,24476 -4818,24511 -4812,24531 -4786,24552 -4743,24564 -4706,24577 -4669,24607 -4643,24639 -4624,24685 -4572,24751 -4545,24765 -4505,24777 -4414,24769 -4374,24780 -4339,24856 -4337,24871 -4336,24893 -4347,24911 -4357,24940 -4351,24975 -4332,24991 -4285,25001 -4213,24986 -4197,24983
	RW1 -6127,26672 -6064,26539 -6021,26454 -6019,26452 -6004,26420 -5945,26299 -5913,26192 -5899,26161 -5871,26126 -5811,25999
	RW1 -6212,26759 -6213,26782 -6218,26802
	RW1 -6212,26759 -6210,26728 -6125,26702 -6129,26691 -6129,26686
	RW1 -6127,26672 -6129,26686
Trippendalstien	RW1 -5153,10557 -4946,10543 -4906,10540 -4589,10517 -4571,10515
Tværstien	RW1 -4589,10517 -4587,10498 -4578,10480 -4577,10374 -4768,10367 -4774,10363 -4777,10327 -4784,10322 -4857,10321 -4865,10318 -4869,10314 -4872,10301 -4879,10296 -4903,10294 -4911,10291 -4918,10280 -4982,10279 -4997,10278 -5004,10273 -5004,10225 -5005,10155 -5010,10151 -5130,10150 -5138,10145 -5140,10125 -5146,10117 -5215,10114 -5235,10104 -5254,10090 -5266,10075 -5269,10059 -5271,10038 -5270,10023 -5262,10009 -5238,9990 -5083,9990
	RW1 -5249,10247 -5260,10245 -5285,10246 -5287,10228 -5294,10222 -5305,10221 -5307,10194 -5439,10202 -5467,10199
	RW1 -5249,10247 -5171,10247 -5165,10244 -5155,10234 -5145,10226 -5132,10224 -5108,10224 -5004,10225
Snebærstien	RW1 -4946,10543 -4947,10405 -4951,10400 -4974,10391 -4980,10383 -4983,10376 -4982,10279
Tværstien	RW1 -5321,9986 -5318,9981 -5308,9988 -5275,9989 -5262,9993
Tværstien	RW1 -5262,10009 -5262,9993
	RW1 -4726,12230 -4752,12181 -4777,12127 -4837,12078 -4895,12039 -4960,11968 -5049,11893 -5115,11820 -5196,11780 -5250,11734 -5270,11704 -5271,11620 -5268,11470
	RW1 -4837,12078 -4906,12310 -4917,12321 -4935,12319 -5013,12136 -5017,12105 -5022,12090 -5051,12084 -5111,12118
	RW1 -5379,12883 -5430,12934
	RW1 -5430,12934 -5465,12965 -5512,12978 -5559,12982
	RW1 -5698,15649 -5696,15638 -5695,15493 -5694,15365 -5693,15233 -5693,15079 -5690,14911 -5691,14757 -5691,14742
	RW1 -5265,16679 -5232,16675 -5232,16666 -5237,16660 -5250,16658 -5264,16650 -5280,16599 -5308,16552
	RW1 -5237,16660 -5247,16638 -5256,16618 -5270,16589 -5292,16547 -5310,16532 -5318,16533
	RW1 -5318,16533 -5331,16540 -5340,16546 -5361,16559
	RW1 -5361,16559 -5421,16593 -5441,16607 -5469,16628 -5491,16644 -5495,16659
Magleparkstien	RW1 -5297,15618 -5288,15633 -5271,15645 -5250,15652 -5188,15656 -5120,15656 -5093,15662 -5083,15665 -5079,15681 -5066,15732 -5066,15778 -5070,15797 -5077,15821 -5097,15871 -5113,15915 -5117,15932
Magleparkstien	RW1 -5117,15932 -5112,15988
Magleparkstien	RW1 -5112,15988 -5110,16021 -5110,16049 -5103,16059
	RW1 -5308,16552 -5355,16506
	RW1 -5355,16506 -5391,16474 -5440,16438 -5505,16395
	RW1 -5616,16736 -5642,16749 -5645,16762 -5627,16789 -5632,16799
	RW1 -5343,16710 -5334,16702 -5313,16687 -5294,16684
	RW1 -5415,17134 -5417,17231 -5431,17258 -5461,17324 -5463,17341
	RW1 -5463,17341 -5469,17449
	RW1 -5469,17449 -5471,17556 -5473,17626 -5473,17795 -5475,17872 -5476,17958 -5478,18042 -5359,18044 -5321,18062 -5298,18074 -5266,18080 -5231,18073 -5179,18045 -5149,18041 -5049,18043 -5025,18062 -5018,18087 -4991,18082 -4976,18081 -4958,18076 -4928,18066
	RW1 -5294,16684 -5265,16679
	RW1 -4411,3324 -4177,3176 -4137,3173 -4008,3092
	RW1 -3936,3190 -3968,3178 -4200,3472 -4416,3746 -4488,3838
	RW1 -4246,4493 -4275,4478
Snebærstien	RW1 -4906,10540 -4905,10578
Snebærstien	RW1 -4905,10578 -4899,10739 -4878,10752 -4872,10873 -4871,10881 -4868,10905 -4854,10919 -4831,10935 -4800,10948 -4780,10966 -4764,10990 -4754,11018 -4749,11047 -4748,11066 -4778,11156 -4802,11214 -4822,11251 -4851,11298 -4859,11336 -4859,11354 -4856,11406
Snebærstien	RW1 -4856,11406 -4866,11445
Snebærstien	RW1 -4866,11445 -4871,11474 -4853,11550 -4853,11609 -4864,11651 -4883,11687
	RW1 -4829,14787 -4815,14793 -4808,14795 -4797,14790 -4765,14766 -4741,14753 -4702,14740 -4644,14730 -4606,14722 -4568,14704 -4531,14688 -4505,14668 -4488,14653 -4467,14640 -4449,14613
	RW1 -4708,18659 -4668,18706 -4663,18726 -4665,18748 -4665,18751 -4669,18772 -4662,18796 -4646,18812 -4628,18823 -4596,18824 -4568,18821 -4539,18845
	RW1 -4668,18706 -4637,18722 -4597,18707 -4565,18690 -4543,18692 -4529,18706 -4514,18728 -4495,18741 -4488,18755 -4486,18769 -4499,18791 -4522,18810 -4546,18817 -4568,18821
	RW1 -4637,18722 -4654,18734 -4665,18748
	RW1 -4628,18823 -4633,18842 -4631,18867 -4624,18891 -4612,18910 -4593,18929 -4575,18945 -4549,18962 -4534,18976 -4527,18992 -4524,19016 -4519,19030 -4509,19044 -4508,19059 -4508,19097 -4509,19112
	RW1 -4495,18741 -4444,18760 -4399,18764 -4357,18769 -4310,18767
	RW1 -4591,18569 -4580,18558 -4551,18538 -4495,18523 -4448,18515 -4395,18514 -4351,18515 -4331,18512 -4297,18504 -4212,18510 -4200,18508 -4189,18499 -4185,18479 -4172,18405 -4155,18390 -4130,18383 -4085,18395 -4048,18392 -3976,18372 -3943,18372 -3913,18387 -3870,18429 -3832,18449 -3808,18456
	RW1 -4473,18427 -4467,18432 -4458,18448 -4456,18457 -4461,18466 -4485,18490 -4492,18509 -4495,18523
	RW1 -4486,18769 -4485,18777 -4481,18792 -4474,18798
	RW1 -4613,19002 -4593,18993 -4583,18993 -4564,18997 -4551,18997 -4535,18991 -4527,18992 -4520,18990 -4450,18980 -4429,18975 -4420,18964 -4333,18952 -4321,18936 -4293,18938
	RW1 -4449,18911 -4478,18890
	RW1 -4478,19018 -4489,19024 -4500,19033 -4509,19044
	RW1 -4730,27277 -4722,27248 -4706,27223 -4684,27201 -4667,27183 -4649,27184 -4636,27179 -4622,27162
	RW1 -4728,27801 -4753,27821 -4793,27851 -4837,27889 -4883,27927 -4924,27955 -4963,27985
	RW1 -3983,3124 -3936,3190
	RW1 -3983,3124 -3883,3064 -3847,3064 -3797,3125
	RW1 -3267,15639 -3297,15635 -3985,15558 -3976,15537 -3972,15514 -3973,15489 -3977,15468 -3992,15447 -4011,15433 -4030,15422 -4050,15415 -4074,15415 -4100,15418 -4128,15424 -4157,15435 -4178,15444 -4198,15444 -4211,15437 -4223,15423 -4232,15406 -4232,15388 -4232,15363 -4239,15347 -4252,15330 -4275,15315 -4300,15298
	RW1 -3977,15468 -3675,15346 -3628,15306 -3507,15204
	RW1 -3304,15404 -3323,15383 -3350,15367 -3389,15349 -3409,15346 -3521,15341 -3557,15335 -3589,15324 -3616,15313 -3628,15306 -3644,15290 -3660,15269 -3671,15242 -3676,15212 -3682,15145 -3691,15079 -3700,15055 -3722,15025 -3754,15001 -3793,14986 -3849,14982 -3875,14974 -3924,14946 -3967,14904 -3998,14870 -4015,14832 -4019,14803 -4030,14753 -4038,14728 -4058,14707 -4084,14693 -4116,14696 -4151,14705 -4174,14705 -4207,14695 -4256,14678 -4283,14660 -4308,14645 -4329,14624
	RW1 -3985,15558 -3994,15576 -4009,15595 -4023,15618 -4027,15643 -4024,15657 -4005,15690 -3993,15724 -3991,15729 -3971,15750 -3936,15758 -3895,15756 -3858,15758 -3730,15750 -3714,15751 -3687,15741 -3658,15727 -3638,15717 -3626,15718 -3607,15723 -3591,15727 -3569,15726 -3541,15725 -3515,15725 -3493,15715 -3462,15698 -3432,15687 -3401,15688 -3362,15691 -3345,15686 -3322,15667 -3297,15635
	RW1 -3991,15729 -4115,15769 -4138,15774 -4165,15775 -4191,15775 -4219,15766 -4251,15752 -4272,15743 -4297,15734
	RW1 -4132,17769 -4126,17758 -4108,17723 -4094,17706 -4079,17697
	RW1 -4077,17672 -4054,17660 -4012,17644
	RW1 -4053,17708 -4069,17718 -4087,17727 -4108,17723
	RW1 -3775,17863 -3787,17869 -3824,17837 -3855,17808 -3885,17761 -3901,17725 -3917,17702 -3926,17688 -3941,17640 -3946,17627 -3954,17602
	RW1 -3976,17626 -3962,17623 -3952,17622 -3946,17627
Centralstien	RW1 -3551,17747 -3542,17707 -3579,17624 -3584,17580 -3592,17540 -3640,17413 -3649,17389 -3704,17233 -3716,17161 -3746,17086 -3751,17068 -3753,17027 -3765,16973 -3774,16950 -3844,16775 -3877,16661
	RW1 -4079,17697 -4051,17677
	RW1 -4051,17677 -4047,17671 -4012,17644 -3976,17626 -3956,17604 -3954,17602 -3927,17568 -3892,17534 -3867,17500 -3862,17483 -3857,17455 -3851,17440 -3839,17422 -3831,17406 -3827,17390 -3841,17348
	RW1 -3640,17413 -3686,17397 -3732,17396 -3786,17407 -3823,17422 -3851,17440
	RW1 -4415,18696 -4416,18706 -4401,18747 -4399,18764 -4388,18848
	RW1 -4091,18877 -4094,18863 -4092,18845 -4081,18829 -4039,18802 -4031,18778 -4026,18761
	RW1 -4347,18281 -4358,18390 -4354,18412 -4357,18473 -4358,18494 -4351,18515 -4296,18616 -4257,18635
	RW1 -4363,18040 -4330,18040 -4313,18038 -4264,18033
	RW1 -4313,18038 -4329,18068 -4334,18102 -4347,18281
	RW1 -3847,18795 -3885,18785 -3895,18791 -3991,18772 -4014,18772 -4031,18778 -4056,18771 -4084,18760 -4099,18750 -4138,18730
	RW1 -3909,18047 -3901,18048 -3885,18079 -3876,18108 -3883,18134 -3890,18161 -3883,18185 -3861,18210 -3847,18232 -3843,18255 -3845,18282 -3842,18299 -3835,18309 -3819,18316 -3794,18328 -3744,18366
	RW1 -4321,18936 -4325,18927 -4361,18903 -4395,18905 -4449,18911 -4463,18928 -4459,18952 -4429,18975
	RW1 -4405,18850 -4404,18860 -4395,18905
	RW1 -4298,18901 -4278,18897 -4149,18882 -4091,18877 -4079,18891 -4013,18890 -3938,18894
	RW1 -4277,19246 -4283,19218 -4290,19185 -4252,19160 -4256,19132 -4247,19110 -4260,19004 -4294,19010
	RW1 -4115,20219 -4109,20267 -4102,20297 -4102,20320 -4110,20342 -4127,20371 -4146,20398 -4169,20437 -4185,20474 -4199,20516 -4203,20559 -4206,20591 -4207,20618 -4200,20652 -4198,20679 -4204,20712 -4213,20748 -4225,20781 -4236,20820 -4246,20848 -4214,20840 -4183,20835 -4156,20830 -4123,20831 -4092,20830 -4057,20831 -4031,20834 -4008,20831 -3978,20824 -3950,20820 -3915,20815 -3891,20813
Gammel Jagtvej	RW1 -3891,20813 -3867,20819 -3833,20819 -3792,20823 -3753,20826 -3709,20827 -3663,20829 -3617,20832 -3564,20836 -3513,20839 -3431,20845 -3322,20856 -3222,20863 -3152,20869 -3116,20861 -3089,20854 -3075,20849 -3054,20854 -3019,20878
	RW1 -4113,26075 -4006,26081
	RW1 -3948,26084 -3948,26070 -3956,26063 -3974,26061 -3988,26058 -3999,26046 -4000,26031 -4000,26011 -4000,25981 -4002,25955 -4005,25934 -4011,25903 -4017,25876 -4024,25847 -4028,25811 -4035,25772 -4043,25724 -4057,25634 -4093,25624
	RW1 -4168,25610 -4191,25604
	RW1 -4093,25624 -4168,25610
	RW1 -4525,25967 -4438,25980 -4420,25983 -4418,25988 -4381,25992 -4379,25986 -4348,25990 -4306,25998 -4286,26007 -4243,26012 -4191,26016 -4170,26017 -4153,26015 -4134,26016 -4120,26030 -4114,26045 -4113,26075 -4115,26126 -4115,26149 -4116,26218 -4115,26268 -4115,26324 -4112,26375 -4112,26392 -4126,26401 -4164,26402 -4205,26405 -4284,26391 -4293,26385 -4476,26362
	RW1 -4164,26402 -4166,26479 -4176,26571 -4152,26594 -4156,26665 -4166,26721 -4181,26729 -4190,26743 -4187,26752 -4200,26819 -4214,26874 -4232,26881 -4238,26895 -4267,26988 -4273,26993 -4278,27018
	RW1 -4006,26081 -3948,26084 -3939,26085 -3903,26086 -3855,26086 -3829,26063
	RW1 -4611,27108 -4622,27162
	RW1 -4578,26970 -4581,26985 -4604,27005 -4619,27016 -4632,27047 -4618,27086 -4611,27108
	RW1 -3649,17389 -3479,17340 -3418,17323 -3382,17301 -3325,17282 -3279,17264 -3230,17252 -3170,17244 -3146,17237 -3093,17212 -3082,17208 -3066,17197 -3035,17188 -3003,17181 -2962,17174 -2922,17171 -2865,17155 -2814,17146 -2791,17145 -2770,17151 -2732,17178 -2670,17226 -2632,17253 -2615,17262 -2595,17264 -2542,17270 -2501,17269 -2465,17271 -2416,17275 -2370,17278 -2327,17282 -2296,17286 -2279,17286 -2266,17280 -2254,17270 -2238,17259 -2221,17254 -2201,17252 -2180,17251 -2159,17242 -2139,17228 -2125,17215 -2113,17200 -2101,17193 -2081,17187 -2068,17183 -2057,17185
	RW1 -3720,18602 -3722,18595 -3721,18579 -3718,18539 -3727,18517 -3726,18503 -3727,18384 -3744,18366
	RW1 -3551,17747 -3513,17822 -3480,17890 -3454,17991 -3418,18085 -3414,18095
Syvstjernevej	RW1 -1350,21178 -1376,21202 -1393,21233 -1409,21272 -1436,21334 -1483,21395 -1527,21439 -1571,21468 -1649,21510 -1735,21550 -1807,21581 -1892,21615 -1915,21617 -1946,21616 -2337,21590 -2832,21561 -3367,21530
Syvstjernevej	RW1 -3367,21530 -3417,21527
Syvstjernevej	RW1 -3417,21527 -3580,21518 -3621,21511 -3639,21503 -3711,21448
	RW1 -3855,26086 -3828,26099 -3830,26226
	RW4 -3854,26379 -3851,26393 -3831,26408
	RW1 -3709,26073 -3670,26074
	RW1 -3670,26074 -3499,26079 -3464,26083 -3440,26090 -3306,26144 -3248,26171 -3008,26275 -2969,26293 -2956,26321 -2934,26339 -2909,26346 -2885,26338 -2869,26330
	RW1 -3830,26226 -3829,26264
	RW1 -3829,26264 -3830,26320 -3854,26379 -3890,26403
Plantagevej: verkehrsberuhigter Bereich	RW6;RW6 -2627,4073 -2669,4326
Ved Strandparken: verkehrsberuhigter Bereich	RW6;RW6 -2682,4181 -2704,4326
Gammel Jagtvej	RW1 -3000,20886 -2958,20881 -2914,20880 -2864,20882 -2813,20887 -2757,20892 -2706,20895 -2675,20907 -2639,20933
Gammel Jagtvej	RW1 -2608,20971 -2588,20987 -2574,20992 -2555,20988 -2531,20975 -2514,20956 -2493,20935 -2474,20918 -2446,20910 -2404,20911 -2350,20914 -2293,20921 -2227,20928 -2156,20932 -2132,20933 -1930,20944 -1786,20956 -1681,20963 -1586,20970 -1539,20973
Gammel Jagtvej	RW1 -2639,20933 -2608,20971
	RW1 -3000,20886 -3019,20878
Borgmosevej	RW1 -2132,20933 -2832,21561
	RW1 -2869,26330 -2829,26319
	RW1 -2829,26319 -2814,26317 -2775,26300 -2749,26289
	RW1 -1978,4990 -1982,4953 -1987,4889 -1973,4832 -1970,4824 -1970,4802 -1969,4775
	RW1 -1817,9479 -1816,9435
	RW1 -1839,9647 -1855,9609 -1859,9573 -1853,9562 -1824,9533 -1818,9516 -1818,9494 -1818,9489 -1817,9479
	RW1 -1818,9494 -1807,9497 -1791,9504 -1746,9505 -1688,9521 -1659,9534 -1616,9550 -1624,9567 -1658,9615 -1696,9654 -1717,9694 -1760,9752 -1804,9746 -1816,9656 -1804,9602 -1830,9603
	RW1 -1624,9567 -1558,9615
	RW1 -1377,18595 -1473,18548 -1526,18534 -1583,18530 -1618,18508 -1785,18475
	RW1 -2300,20740 -2183,20827 -2145,20855 -2131,20893 -2132,20933
	RW1 -1874,20412 -1897,20386
Sandskredsvej	RW1 -2132,20933 -2105,20914 -2074,20885 -2047,20851 -2019,20814 -1988,20765 -1961,20716 -1925,20649 -1900,20588 -1876,20544 -1837,20487 -1799,20434 -1758,20380 -1741,20364 -1691,20346 -1633,20330 -1566,20316 -1499,20316 -1434,20325 -1379,20342 -1350,20365 -1325,20391 -1281,20435 -1222,20506 -1189,20540 -1157,20578 -1126,20615 -981,20785 -965,20794 -952,20801 -910,20808 -865,20810 -842,20805 -810,20783 -779,20764 -755,20728 -734,20702 -710,20685 -692,20676 -684,20678 -679,20686 -683,20698 -677,20712 -670,20726
Femvej	RW1 -1539,20973 -1900,20588 -1910,20571 -1916,20549 -1915,20520 -1914,20491 -1906,20456 -1892,20436 -1874,20412
Grønnevej	RW1 -1126,20615 -1539,20973 -2337,21590
	RW1 -1363,4294 -1395,4152
Sivstien	RW1 -1004,4105 -818,4101 -787,4117 -759,4125 -710,4133 -646,4119 -608,4109 -567,4110 -470,4107 -444,4111 -422,4117 -402,4116 -357,4102 -312,4097 -257,4088 -201,4083 -91,4090 -71,4089 40,4076 70,4084 175,4079 201,4080 250,4088 414,4063 435,4073 449,4080 470,4072 488,4063
	RW1 -1067,18297 -1096,17738 -1110,17736 -1112,17720 -1131,17600 -1161,17563
	RW4 -1161,17563 -1187,17519 -1137,17459 -1082,17413 -773,17109 -734,17072
	RW4 -1175,16711 -1191,16717
	RW1 -1273,17744 -1127,17725
	RW1 -1067,18297 -1066,18333 -1059,18348 -1065,18474
	RW1 -1096,19028 -1079,19026 -1066,19040 -1070,19061 -1096,19076 -1101,19157 -1083,19178 -1041,19222 -1034,19298 -1050,19335
	RW1 -1225,19192 -1110,19199 -1083,19178
	RW1 -1538,19298 -1540,19313 -1492,19290 -1456,19292 -1434,19307 -1417,19337 -1285,19330 -1232,19327 -1206,19340 -1050,19335
	RW1 -1096,19028 -1108,19034 -1139,19038 -1172,19036 -1172,19036
	RW1 -1325,20391 -1306,20372 -1300,20347 -1303,20315 -1304,20283 -1301,20258
	RW1 -1301,20258 -1291,20233
Sorte Spor	RW1 -965,20794 -990,20846 -1003,20900 -1008,20944 -1028,20970 -1064,20985 -1109,20990 -1539,20973
Femvej	RW1 -1539,20973 -1516,20992 -1472,21042 -1402,21115 -1350,21178 -1331,21200 -1269,21272 -1227,21332 -1189,21387 -1156,21430 -1130,21461 -1124,21472
	RW1 -192,4503 -232,4502 -330,4516 -401,4529
	RW1 -562,7138 -551,7069 -520,6998 -492,6934 -479,6814 -452,6712 -418,6589 -313,6372 -288,6298 -283,6193 -229,6030 -202,5948 -140,5858 -58,5782 -13,5706 41,5614 127,5499 222,5419 311,5344 367,5282 422,5166 480,5096 541,5010 603,4942
	RW1 -798,9559 -793,9540 -795,9480 -811,9386 -821,9300 -826,9243 -816,9173 -798,9099 -800,9017 -809,8921 -811,8871 -805,8808 -800,8747 -810,8679 -823,8582 -828,8443 -824,8370 -811,8316 -779,8257 -759,8178 -762,8103 -773,8008 -770,7936 -750,7831 -706,7680 -688,7604 -682,7578 -664,7497 -661,7396 -642,7303 -599,7220
	RW1 -599,7220 -562,7138
	RW1 832,8779 810,8718 765,8616 715,8510 677,8443 669,8432 637,8397 601,8368 574,8342 543,8336 512,8320 473,8302 454,8295 434,8292 396,8282 346,8270 223,8253 164,8256 110,8261 78,8255 55,8235 34,8189 -27,8106 -81,8028 -122,7930 -178,7828 -222,7729 -251,7664 -302,7639 -350,7623 -386,7612 -443,7606 -498,7611 -527,7632 -552,7683 -575,7715
	RW1 145,8454 107,8414 64,8372 -17,8281 -159,8135 -290,8002 -433,7857 -539,7753 -575,7715 -688,7604
Grønnedammen	RW1 -758,8795 -758,8802
	RW1 -781,10034 -769,9905
	RW1 -769,9905 -782,9869 -807,9844 -815,9761 -811,9684 -806,9596 -665,9591 -524,9588 -523,9583
	RW1 -523,9583 -522,9555
	RW1 -522,9555 -522,9549 -595,9557 -721,9559 -798,9559
	RW1 -799,9953 -808,9864 -807,9844
	RW1 -798,9967 -798,10001 -808,10053 -805,10117
	RW1 -214,12095 -249,12001 -282,11924 -322,11789 -365,11718 -393,11690 -434,11596 -464,11521 -498,11422 -512,11367 -520,11335 -533,11253 -556,11185 -598,11116 -638,11063 -663,10984 -687,10889 -695,10786 -736,10659 -763,10584 -774,10522 -776,10421 -777,10307 -782,10273 -797,10223 -805,10117 -801,10103 -792,10084 -781,10034
	RW1 376,11334 377,11207 394,11184 390,11046 339,11049 86,11065 -156,11084 -207,11113 -243,11115
	RW1 -136,12532 -138,12491 -145,12440 -162,12413 -195,12391 -230,12365 -253,12329 -279,12279 -302,12223 -322,12179 -337,12147 -289,12132 -223,12109 -214,12095
	RW1 -337,12147 -375,12057 -395,12042 -424,12035 -498,12055
	RW1 -544,12067 -666,12084
	RW1 -498,12055 -544,12067
	RW1 -512,11367 -316,11339
	RW1 -551,14562 -541,14542
	RW1 -773,16143 -778,16146
	RW4 -379,16640 -406,16646 -444,16668 -902,16957 -915,16985 -921,16996 -847,17028 -871,17061 -773,17109
	RW1 -481,16215 -551,16212 -572,16200
	RW1 -41,17293 -159,17292 -182,17286 -196,17278 -217,17264 -258,17224 -277,17211 -299,17209 -317,17212 -328,17207 -342,17203 -357,17208 -364,17220 -383,17211
	RW1 -202,19623 -215,19617 -235,19616 -270,19614 -289,19615 -300,19612 -307,19598 -314,19582 -314,19561 -315,19515 -314,19490 -318,19475 -337,19469 -384,19460 -420,19464 -478,19469 -507,19469 -548,19449 -582,19439 -613,19425 -637,19415 -658,19398 -685,19388 -714,19385 -751,19387 -778,19394 -808,19398 -827,19400 -845,19422 -859,19438 -873,19448 -889,19444 -916,19431 -942,19419 -953,19404 -956,19383 -959,19361 -963,19341 -970,19329 -986,19322 -999,19323 -1015,19328 -1029,19331 -1050,19335
	RW1 -637,19415 -623,19387 -620,19366 -621,19356 -618,19350 -607,19342 -568,19326 -501,19308 -458,19298 -423,19302 -391,19310 -371,19322 -358,19345 -348,19375 -332,19409 -319,19434 -313,19454 -318,19475
	RW1 -423,19302 -419,19276 -410,19260 -385,19238 -321,19186 -279,19161 -254,19151 -213,19124 -177,19107 -174,19089 -172,19072 -182,19052 -184,19040 -180,19026 -174,19012 -168,18998 -166,18982 -144,18954 -126,18935 -121,18918 -120,18907 -108,18898 -84,18888 -69,18879 -60,18868 -53,18854 -42,18841 -8,18824 51,18798 74,18793 101,18796 138,18811 194,18805 218,18808 243,18822 276,18844 298,18863 327,18868 344,18873
	RW1 -415,20543 -436,20562 -470,20594 -555,20672 -602,20713 -637,20739 -691,20770 -750,20804
	RW1 -750,20804 -778,20819 -801,20836 -828,20868 -849,20919 -858,20951 -881,21063 -892,21145 -917,21237 -929,21271 -941,21313
	RW1 -172,20425 -198,20444 -245,20485 -298,20523 -357,20560 -378,20577 -415,20611 -489,20677 -553,20735 -582,20758 -623,20806 -660,20853
	RW1 -660,20853 -684,20881 -687,20884 -711,20912 -740,20951 -766,20996 -795,21059 -818,21118 -834,21156 -850,21182 -907,21255
	RW1 519,4033 538,4035 630,4065
	RW1 488,4063 506,4040 511,4026 515,4015 525,3978 531,3967 539,3969 552,3981
	RW1 34,4251 35,4315 -35,4538
	RW1 552,3981 583,4009
	RW1 583,4009 618,4031 630,4065 668,4084 728,4102 802,4102 852,4090 890,4077 920,4064 954,4066 982,4083
Sivstien	RW1 488,4063 502,4069
	RW1 424,5366 513,5365
	RW1 513,5365 534,5365
	RW1 534,5365 694,5363
	RW1 53,4774 187,4766 204,4768 222,4773 311,4813
	RW1 311,4813 345,4831
	RW1 345,4831 489,4897 502,4899 531,4899 600,4935 617,4942 679,4974 706,4987 716,5017 805,5059
	RW1 339,11049 331,10944
	RW1 637,11350 523,11347 481,11322 402,11321 376,11334 362,11341 352,11341
	RW1 1514,14709 1471,14689 1434,14683 1402,14657 1397,14630 1400,14598 1387,14563 1338,14506 1259,14413 1183,14325 1124,14277 1076,14239 1058,14206 1036,14184 1003,14151 989,14122 972,14083 974,14022 972,13965 975,13898 964,13865 945,13820 918,13769 881,13735 853,13692 828,13642 795,13603 747,13539 710,13486 671,13377 627,13314 561,13243 489,13136 399,13008 356,12945 315,12869 277,12824 248,12800 197,12734 144,12657 73,12559 -45,12563 -128,12561 -135,12557 -135,12544 -136,12532
	RW1 -129,15938 -119,15937
	RW1 216,15914 235,15952
	RW1 227,15955 216,15914
	RW4 216,16103 222,16118
	RW4 -291,16650 -300,16656
	RW1 8,16536 8,16564
	RW1 86,16855 99,16848 205,16850 253,16868 268,16880 347,16884 378,16882 399,16874
	RW4 -37,16921 -87,16937 -113,16955 -125,16984 -130,17158 -121,17174 -111,17178 -94,17179 -43,17180 -41,17245
	RW4 -193,18054 -190,18038 -38,18059 2,17832
	RW1 -148,18479 -173,18578 -179,18616 -197,18636 -221,18643 -235,18669 -242,18703 -252,18767 -264,18825 -274,18887 -277,18924 -273,18996 -254,19151 -244,19170 -228,19190 -213,19225 -205,19266 -199,19301 -199,19380 -202,19623
	RW1 -108,18898 -96,18912 -91,18932 -83,18951 -74,18967 -78,18983 -93,18993 -109,18994 -126,18991 -137,18992 -156,18998 -174,19012
	RW1 2424,16801 2393,16834 2367,16855 2342,16872 2308,16902 2279,16923 2240,16953 2156,17016 2019,17111 1961,17157 1887,17222 1792,17299 1715,17364 1633,17440 1545,17515 1474,17597 1380,17681 1298,17753 1234,17792 1171,17822 1112,17854 1092,17870 1008,17953 991,17969 963,18006 942,18061 932,18146 913,18260 867,18342 811,18444 726,18603 711,18634 655,18736 578,18885 536,18983 525,19004 486,19072 380,19318 341,19408 337,19420 262,19612 224,19695 174,19776 170,19784 162,19798
	RW1 162,19798 141,19839
	RW1 141,19839 124,19882 106,19938 56,20038 12,20101 -69,20208 -122,20271 -142,20288 -189,20322 -222,20344 -256,20372 -302,20415 -334,20439 -375,20473 -403,20507 -415,20543
	RW1 816,18602 794,18637 755,18716 702,18810 628,18939 571,19047 498,19181 441,19307 388,19428 329,19576 289,19686 251,19784 223,19864 187,19914 146,19987 72,20127 34,20191 -33,20288 -120,20380 -172,20425
	RW1 -202,19623 -159,19623 -129,19620 -61,19599 -48,19550 -45,19496 -37,19456 -20,19387 5,19315 -4,19284 -24,19250 -52,19223
	RW1 5,19315 32,19310 80,19313 111,19323 167,19331 214,19346 265,19357 307,19380 347,19397
	RW1 -61,19599 -33,19619 28,19670 86,19712 153,19769 170,19784
	RW1 344,22662 336,22667 307,22708 278,22747 248,22807 238,22813 222,22814 191,22811 178,22815 177,22833 200,22904 295,23173 329,23178 329,23191
	RW1 1118,3354 1106,3263 1096,3180 1115,3134 1152,3113 1478,3080 1564,3075 1624,3065 2160,3015 2212,3011 2274,3000 2315,2991 2358,2993 2407,2993 2560,2978 3113,2923 3595,2879 3805,2860 3871,2858 3929,2874 3967,2899 3998,2929 4018,2968 4027,3013 4111,3764 4122,3798 4123,3811 4125,3840 4142,4021
	RW1 650,3430 665,3409 681,3396 700,3390 724,3394 1118,3354 1148,3351
	RW1 982,4083 1009,4155
	RW1 1009,4155 1028,4195 1064,4217 1098,4246
	RW1 899,4374 921,4354 950,4334 986,4322 1014,4297 1053,4279 1073,4253 1098,4246
	RW1 1098,4246 1114,4247 1182,4241 1251,4221 1315,4211 1353,4212 1367,4193 1468,4230 1522,4261 1589,4300 1652,4316 1758,4347 1898,4375 1928,4370 1972,4358 1996,4353 2105,4369 2224,4383 2339,4382 2381,4368 2416,4347 2457,4324 2544,4321 2606,4318 2672,4315
	RW1 603,4942 634,4892
	RW1 634,4892 692,4851 742,4822 792,4751 837,4684 855,4656 950,4539 984,4507
	RW1 1167,5448 1166,5481
	RW1 694,5363 720,5362
	RW1 720,5362 878,5360
	RW1 878,5360 903,5360
	RW1 903,5360 980,5359 1165,5357 1167,5448
	RW1 1116,5954 1129,5901 1138,5876 1168,5820 1170,5797 1166,5481
Voldvej	RW1 837,4684 868,4698 968,4730 1062,4761 1131,4783 1164,4800
Voldvej	RW1 1159,4807 1241,4847 1321,4886 1370,4908 1375,4921 1352,5058
Nykær	RW1 585,10014 595,10014
	RW1 1025,10274 1024,10262 1027,10244
	RW1 814,11142 810,11130
	RW1 1016,13733 995,13855 986,13887
	RW4 982,15492 1003,15598 1010,15646 1026,15724 1044,15844 1041,15854 1010,15927 990,15977 933,16209 936,16295 928,16319 896,16372 893,16473 904,16509
	RW1 1029,15125 1161,15046 1162,15077 1179,15089 1198,15105 1202,15139
	RW1 1008,15312 949,15300
	RW1 362,16207 372,16395
	RW1 904,16509 919,16565 905,16657 888,16659
	RW4 905,16657 884,16805 798,16922 779,16987 751,17065
	RW1 990,16343 1098,16352
	RW4 751,17065 731,17119
	RW4 539,17629 502,17690 347,17942
	RW1 463,17616 539,17629
	RW4 731,17119 711,17174 608,17474 611,17563 603,17587 580,17605 539,17629
	RW4 347,17942 344,18205 377,18296 452,18468 410,18565 384,18581
	RW1 854,18602 858,18560 876,18491 905,18433 951,18354 1016,18287 1075,18245 1121,18209 1147,18187 1155,18182 1187,18145 1209,18117 1221,18088 1235,18060 1270,18033 1281,18015 1300,17961 1327,17884 1373,17802 1421,17736 1481,17676 1551,17613 1622,17544 1677,17490 1739,17427 1848,17319 1905,17268 1982,17208 2118,17101 2227,17026 2330,16953 2404,16906 2478,16859 2541,16814 2586,16780 2629,16746 2689,16701 2758,16647 2841,16587 2945,16513 3044,16439 3104,16382 3147,16350 3236,16283 3277,16258 3313,16226 3349,16198 3398,16159 3449,16113 3521,16044 3581,15987 3621,15991 3667,15989 3692,15990 3719,15991 3751,15988 3775,15984 3804,15977 3847,15967 3882,15952 3932,15929 3948,15913 3959,15899 3957,15882 3957,15865 3963,15843 3964,15821 3962,15796 3961,15777 3969,15732 3969,15727 3995,15721
	RW1 1008,17953 994,17950 992,17948 990,17944 987,17942 983,17945 977,17947 953,17933
	RW1 384,18600 377,18622 361,18662 346,18734 344,18812 344,18873 383,18894 439,18927 464,18941 491,18954 510,18968 525,19004
	RW1 487,19471 396,19441
	RW1 396,19441 337,19420
	RW1 1633,27503 1609,27510 1536,27567 1484,27584 1432,27598 1380,27626 1348,27683 1320,27747 1302,27816 1300,27862 1291,27881 1277,27891 1254,27894 1217,27885 1195,27889 1189,27915 1201,27962 1203,27993 1195,28010 1181,28037 1184,28076 1203,28127 1203,28188 1194,28240 1166,28284 1136,28335 1117,28367 1086,28391 1070,28404 1033,28456 1006,28470 970,28501 949,28529 922,28575 908,28587 893,28593 859,28602 821,28609 783,28625 632,28680 605,28696 583,28713 570,28722 555,28724 533,28717 513,28708 487,28693
	RW1 1317,6022 1436,5814 1478,5740 1589,5543 1595,5524 1603,5498 1627,5459 1657,5418 1752,5243 1757,5167 1767,5026 1729,5004 1553,4920
Søvangsvej	RW1 1512,4505 1503,4502
	RW1 1258,5108 1298,5039 1352,5058 1435,5082
	RW1 1435,5082 1475,5095
	RW1 1475,5095 1561,5115 1636,5119 1757,5167 1962,5176 1966,5125 1972,5048 1951,4969
	RW1 1475,5095 1515,4989 1553,4920 1575,4878 1625,4788
	RW1 2085,6044 2005,6003 1930,5962 1851,5927 1774,5891 1689,5844 1608,5805 1527,5765 1478,5740
	RW1 1174,10328 1186,10269
	RW1 1254,11773 1259,11642 1247,11618 1276,11514
	RW1 1777,13752 1716,13738 1688,13742
	RW1 1676,13597 1685,13702 1688,13742 1687,13760 1671,13786 1645,13813 1616,13822 1512,13829 1487,13833 1416,13860 1337,13901 1286,13918 1207,13955 1214,13973 1193,13991 1137,14049 1084,14175 1112,14199 1109,14218
	RW1 1579,14726 1604,14761 1620,14799
	RW1 1620,14799 1585,14767 1568,14749
	RW1 1568,14749 1514,14709
	RW1 1620,14799 1620,14835 1623,14863 1638,14886 1697,14959 1739,14980 1777,14999 1808,15013 1815,15026 1826,15048 1849,15093 1875,15141 1893,15174 1905,15199 1914,15212 1926,15220 1989,15233 2001,15242 2011,15247 2027,15246 2036,15257 2053,15282 2076,15297 2102,15305 2133,15316 2160,15322 2195,15331 2229,15337 2257,15353 2269,15368 2288,15383 2417,15430 2475,15459 2512,15460 2594,15423 2657,15396 2780,15341 2852,15325 2953,15284 3019,15251 3081,15225 3150,15202 3205,15174 3231,15162
	RW1 1098,16352 1134,16358
	RW1 1028,19830 1035,19832
	RW1 1048,19836 1064,19789 1147,19748
	RW1 1234,19540 1234,19525 1225,19516 1215,19510 1201,19507
	RW1 1342,19478 1347,19469
Kåresvej	RW1 1546,19671 1551,19676
Sigmundsvej	RW1 1466,19541 1475,19523
	RW1 1414,19289 1429,19293
	RW1 1346,20323 1327,20306 1304,20304 1294,20295 1290,20288 1289,20282
	RW1 1289,20282 1285,20266
	RW1 1285,20266 1280,20260 1264,20255 1251,20247 1238,20233 1177,20162 1165,20148 1110,20086
	RW1 2250,19755 2221,19784 2190,19817 2145,19859 2100,19905 2055,19951 2008,19996 1951,20047 1888,20101 1809,20154 1756,20186 1710,20208 1658,20225 1568,20248 1475,20264 1412,20272 1349,20281 1290,20288
	RW1 2230,4996 2227,5006
Frydenstrands Alle	RW1 2380,5051 2377,5062
	RW1 1966,5125 2126,5133 2424,5170 2431,5160
	RW1 2424,5170 2455,5200
	RW1 2009,6232 2001,6247
	RW1 2453,10472 2474,10500 2437,10600 2424,10626 2395,10666 2382,10724 2364,10836 2328,10917 2310,11012 2195,11153 2131,11301 2140,11335
	RW1 2426,11444 2410,11434 2394,11424 2302,11393 2201,11352 2140,11335 2110,11326
	RW1 1964,12547 1964,12536 1967,12510 1964,12497 1996,12458 2037,12401 2086,12348 2144,12288 2188,12222 2236,12139 2255,12102 2252,12059 2244,12015 2256,11889 2262,11797 2291,11744 2342,11655 2368,11605 2388,11537 2397,11493 2408,11456 2410,11434 2440,11418 2510,11360 2565,11316 2593,11281 2646,11199 2682,11159 2712,11135 2732,11100 2787,10967 2810,10907 2865,10882 2929,10886 2954,10911 2978,10945 3036,10981 3140,11027 3186,11047 3210,11045
	RW1 2110,11326 2107,11407 2069,11453 2030,11504 2005,11545 2002,11599 1985,11669 1974,11703 1975,11758 1972,11776 1933,12003 1917,12111 1896,12209 1877,12294 1874,12333 1900,12397 1930,12446 1955,12480 1964,12497
	RW1 1951,14036 2043,14061 2156,14085
	RW1 2242,13910 2247,13945 2227,13955 2225,13977 2256,14068 2249,14072
	RW1 2256,14068 2259,14075 2374,14058
	RW1 2073,15475 2147,15438 2227,15473 2249,15499 2257,15505 2303,15511 2477,15588 2575,15546 2655,15547 2674,15547 2687,15542 2708,15522 2720,15492 2729,15468 2959,15373 3000,15370 3031,15339 3266,15235
	RW1 1911,18908 1932,18869
	RW1 2057,19848 2086,19849 2115,19849 2120,19847 2166,19800 2206,19759
	RW1 2065,19556 2056,19553 2046,19550 2035,19547 2026,19542 2018,19539 2010,19535 1999,19531 1988,19530 1972,19528 1958,19524 1938,19517 1925,19514 1912,19510 1905,19508 1899,19505 1892,19502 1887,19500 1880,19497 1869,19494 1856,19493 1844,19492 1835,19492 1826,19489 1818,19484 1806,19473
	RW1 1877,19350 1897,19359 1895,19386 1892,19420 1888,19447 1884,19469 1880,19497
	RW1 2011,19101 2065,19171
	RW1 2219,19757 2279,19694 2295,19675 2323,19646 2342,19624 2360,19606 2374,19589 2383,19576 2397,19564 2405,19552 2413,19542 2432,19516 2434,19506 2428,19500 2387,19488 2398,19462
	RW1 1633,27503 1644,27525 1658,27549 1693,27578 1737,27631 1777,27704 1835,27817 1855,27833 1883,27841 1927,27856 1989,27869 2030,27882 2149,27890 2215,27880 2261,27887 2274,27902 2281,27929 2282,27976 2294,28001 2317,28019 2347,28034 2368,28049 2388,28068 2406,28081 2423,28087 2540,28101 2560,28114 2568,28134 2579,28156 2597,28176 2617,28192 2636,28202 2690,28202 2701,28210 2711,28210 2718,28213 2775,28205 2810,28200 2900,28167 2917,28161 2935,28159 2949,28160 2960,28163 3019,28177 3042,28179 3082,28177 3121,28187 3146,28185 3165,28184 3232,28192 3251,28197 3262,28214 3274,28235 3290,28249 3310,28255 3332,28253 3364,28247 3383,28240 3420,28223 3437,28225 3457,28234 3477,28248 3502,28263 3516,28268 3549,28264 3562,28262 3576,28259 3659,28279 3672,28288 3688,28318 3704,28332 3720,28340 3739,28345 3930,28346 3965,28338 3988,28328 4006,28313 4029,28273 4041,28260 4057,28255 4074,28255 4114,28263 4130,28264 4212,28255 4242,28253 4261,28258 4401,28303 4420,28312 4439,28327 4514,28376 4558,28398 4628,28424 4647,28435 4681,28467 4737,28523 4762,28548 4789,28561 4816,28567
	RW1 2672,4315
	RW1 2749,4311 2898,4282 3161,4232 3259,4219 3443,4196 3483,4197 3541,4199 3875,4162 4161,4141 4156,4112
	RW1 3220,3906 3245,4111
	RW1 3245,4111 3252,4187
	RW1 3252,4187 3259,4219 3279,4255
	RW1 2656,4364 2672,4315
	RW1 2672,4315 2749,4311
	RW1 3540,4790 3444,4846 3358,4896 3289,4937 3278,4937 3251,4952
	RW1 3358,4896 3289,4937 3278,4937
	RW1 2653,6453 2632,6496
Hvidovrestien	RW1 3336,8261 3323,8279 3251,8301 3242,8329 3200,8386 3114,8414 2981,8464 2910,8533 2781,8693 2731,8807 2715,8933 2716,9040 2734,9115 2740,9147 2752,9197 2760,9270 2760,9355 2762,9450 2761,9485 2754,9490
	RW1 2754,9490 2758,9575
	RW1 2856,9753 2815,9779 2739,9828
	RW1 2758,9575 2769,9630 2766,9657 2781,9672 2788,9701 2773,9711 2770,9723 2782,9731 2804,9761 2815,9779
	RW1 2841,10468 2844,10458 2897,10445 2899,10417 2885,10340 2863,10246 2855,10218 2869,10169 2863,10104 2846,10023 2847,9942 2845,9820 2839,9803 2815,9779
	RW1 2974,10468 2957,10443
	RW1 2621,15463 2594,15423
	RW1 2818,15540 2720,15492 2687,15475 2669,15474 2636,15485
	RW1 2636,15485 2621,15463
	RW1 3850,15568 3840,15586 3840,15613 3831,15651 3827,15658 3810,15688 3671,15828 3524,15978 3411,16089 3313,16170 3255,16215 3215,16246 3080,16344 2932,16457 2782,16565 2677,16639 2606,16672 2533,16718
	RW1 2533,16718 2424,16801
	RW4 2855,18007 2850,18149 2842,18274 2837,18331
	RW4 2777,17882 2773,18004
	RW1 2799,22610 2742,22652 2729,22682 2713,22720 2748,22733 2851,22772
	RW1 2490,22959 2537,22994 2639,22990 2736,22984 2845,23039 2977,23108 2999,23107
	RW1 2375,22940 2399,22945 2457,22945
	RW1 2457,22945 2490,22959
	RW1 3595,2879 3596,2917
	RW1 3324,4850 3358,4896 3365,4904
	RW1 3545,4796 3477,4717
	RW1 3358,4896 3397,4807 3402,4797
	RW1 3444,4846 3439,4836 3447,4825 3445,4815 3437,4803 3422,4797 3408,4801 3401,4808 3401,4817 3407,4826 3418,4833 3439,4836
	RW1 3401,4808 3397,4807
	RW1 3596,5835 3666,5890
	RW1 4047,7482 3960,7416 3955,7412 3943,7402 3843,7330
	RW1 3506,7842 3528,7845
	RW1 4375,7174 4331,7156 4299,7151 4285,7151 4270,7158 4253,7176 4234,7194 4215,7206 4181,7218 4150,7223 4143,7223 4130,7225 4109,7239 4070,7283 3955,7412 3634,7766 3561,7854
	RW1 3528,7845 3561,7854 3599,7867 3637,7881 3672,7898
	RW1 3561,7854 3507,7946 3443,8072 3430,8102 3381,8152 3368,8165 3360,8182 3359,8196 3361,8209 3363,8219 3339,8242
	RW1 3252,8950 3260,9150
	RW1 3253,15151 3266,15186 3283,15223 3303,15258 3326,15288 3347,15310 3371,15323 3403,15333 3432,15336 3494,15336 3568,15349 3645,15374 3748,15428 3797,15453 3843,15473
	RW1 3231,15162 3253,15151 3244,15131
	RW1 3150,14551 3164,14572 3169,14595 3163,14634 3154,14666 3157,14699 3166,14756 3183,14807 3187,14849 3216,14891 3254,14941 3306,14992 3349,15047 3375,15094 3403,15137 3415,15162
	RW1 3415,15162 3423,15189
	RW1 3423,15189 3431,15230 3441,15242 3477,15264 3536,15303 3585,15335 3645,15374
	RW1 3244,15131 3236,15096 3228,15044 3220,15017 3209,14982 3198,14939 3185,14866 3187,14854
	RW1 3966,15716 3943,15710 3918,15700 3884,15688 3849,15704 3806,15748 3760,15800 3723,15841 3683,15884 3652,15917 3613,15952 3581,15987
	RW1 3214,16226 3264,16285
	RW1 3193,16133 3189,16179 3188,16191 3195,16206 3214,16226
	RW1 3264,16285 3282,16304 3330,16314 3440,16327 3478,16320 3572,16292 3798,16223 3940,16146
	RW1 3829,16816 3836,16857 3181,16956
	RW1 3829,16816 3172,16914
	RW1 3697,18053 3692,18012 3693,17980 3703,17940 3720,17893 3952,17516 4018,17404 4047,17358 4080,17315 4096,17278 4119,17222 4125,17178 4140,17128 4154,17076 4142,16936
	RW4 3607,18170 3608,18181
	RW1 3718,22026 3706,22029 3688,22050 3666,22063 3618,22073 3583,22074 3557,22082 3531,22098 3500,22122 3449,22146 3414,22162 3364,22179
	RW1 2999,23107 3037,23109
	RW1 3037,23109 3123,23110 3137,23073 3211,23085
	RW1 4144,4038 4142,4021 4492,3998 4544,4005 4735,3988 4888,3968 5034,3965 5291,3968 5413,3977 5482,3981
	RW1 4156,4112 4144,4038
	RW1 3979,6066 4013,6017 4045,5968
	RW1 3964,9512 3967,9559
	RW1 3954,15598 3976,15625
	RW1 4056,15593 4076,15604 4120,15625 4172,15650 4213,15669 4273,15699 4310,15720 4327,15742 4340,15778
	RW1 4010,15718 4022,15714 4031,15707 4036,15703 4039,15691 4042,15673 4044,15657 4049,15635 4053,15615 4056,15593 4064,15568 4073,15543 4084,15513 4096,15487 4112,15459 4127,15433 4148,15401 4169,15372 4193,15342 4218,15308 4243,15274 4263,15248 4272,15227 4279,15206 4291,15187 4314,15155 4330,15130 4362,15082 4377,15064 4391,15048 4400,15036 4407,15022 4416,15005 4425,14984 4428,14956
	RW1 4263,15248 4273,15261 4290,15274 4310,15288 4330,15296 4353,15305 4378,15312 4406,15319 4434,15322 4463,15321 4489,15315 4512,15306 4541,15292 4568,15276 4595,15257 4613,15243 4627,15234 4640,15226 4654,15216 4666,15206 4673,15198 4679,15187
	RW1 3843,15473 3841,15488 3859,15503 3888,15529 3901,15544
	RW1 3901,15544 3954,15598
	RW1 3850,15568 3889,15517
	RW1 3889,15517 3903,15506 3921,15487 3960,15459 4008,15427 4061,15394 4096,15365 4133,15327 4192,15253 4234,15194 4282,15128 4292,15118 4393,14972 4404,14955 4416,14944
	RW1 3976,15625 4002,15662
	RW1 3969,15727 3966,15716 3962,15678 3954,15652 3945,15631 3946,15616
	RW1 3843,15473 3854,15478 3903,15506
	RW1 4260,15155 4259,15125 4257,15098 4236,15047 4190,14990 4129,14946 4118,14941 4090,14926 4044,14907 3997,14900 3933,14905 3923,14903
	RW1 4257,15098 4264,15105 4269,15113 4276,15124 4279,15125 4282,15128 4276,15124 4270,15124 4265,15124 4259,15125
	RW1 4101,14812 4105,14842 4118,14941
	RW1 3995,15721 4010,15718
	RW1 3847,15967 3860,15980 3877,16005 3889,16024 3900,16043 3911,16065 3915,16079 3919,16093 3926,16106 3936,16134 3940,16146 3952,16154 3973,16163 3991,16175 4002,16183 4025,16185 4043,16183 4059,16180
	RW1 4002,15662 4015,15678 4036,15703 4048,15717 4071,15750 4102,15788 4115,15811 4128,15817 4145,15811 4173,15797 4197,15791 4254,15759 4310,15720 4320,15717 4358,15727 4386,15717 4428,15713 4475,15717 4578,15748 4624,15770 4699,15775 4763,15770 4842,15764 4917,15745 4997,15714
	RW1 4341,18404 4363,18387
	RW1 4187,18310 4180,18317 4185,18332 4181,18342
	RW1 4302,18258 4305,18298 4329,18323 4331,18353 4332,18357 4363,18387 4382,18430 4405,18469
	RW1 4331,18353 4247,18359
	RW1 4180,18317 4145,18317 4131,18323 4129,18346
	RW1 4221,24728 4201,24737 4158,24739 4132,24743 4106,24742 4084,24734 4032,24716 3993,24697 3952,24678 3926,24662 3903,24640 3895,24611 3897,24591 3892,24554 3891,24525 3879,24490 3866,24462 3841,24457 3817,24463 3777,24460 3767,24454 3752,24432 3739,24406 3730,24357 3721,24327 3714,24284 3705,24250 3699,24232 3701,24185 3709,24139 3717,24075 3726,24019 3727,24009 3727,24009
	RW1 3562,28262 3552,28231 3542,28211 3535,28196 3525,28174 3516,28163 3511,28156 3511,28142 3514,28134 3519,28129 3529,28122 3541,28119 3568,28120 3602,28123 3613,28119 3622,28107 3623,28100 3620,28094 3612,28086 3573,28067 3556,28043 3552,28028 3554,28011 3557,27992 3600,27881 3612,27865 3651,27792 3660,27774 3660,27756 3654,27719 3644,27688 3640,27677 3640,27663 3646,27639 3653,27618 3670,27566 3683,27528 3687,27445 3686,27438 3678,27425 3660,27396 3644,27373 3640,27358 3637,27338 3636,27316 3637,27293 3643,27269 3653,27245 3665,27224 3684,27205 3727,27181 3736,27174 3740,27170 3759,27122 3780,27047
	RW1 3780,27047 3789,27047 3848,26989 3916,26949 3973,26927 3998,26933 4085,26972 4162,26993 4241,27012 4295,27009 4328,27008 4432,27042 4476,27055 4514,27062 4618,27019 4695,27008 4794,26960 4855,26938 4888,26922 4914,26899 4956,26860 4994,26837 5034,26818 5057,26805 5069,26789 5072,26770 5067,26747 5053,26697 5051,26684 5053,26666 5061,26651 5073,26641 5094,26638 5117,26644 5139,26650 5161,26649 5197,26630 5238,26604 5260,26581 5270,26552 5284,26521
	RW1 5229,3924 5329,3935 5422,3959 5482,3981
	RW1 5170,3834 5197,3821 5216,3829 5249,3870 5277,3900 5327,3915 5510,3921 5575,3741 5587,3725 7128,2892 7160,2879 7242,2870 7353,2859 7406,2708 7535,2670 7650,2626 7760,2534 7873,2434
	RW1 5679,7052 5661,7053 5592,7047 5567,7036 5551,7027 5455,7000 5393,6992 5346,6981 5308,6975 5223,6962 5157,6956 5135,6952 5122,6938 5118,6930
	RW1 5053,7013 5071,6999 5114,6968 5138,6961 5157,6956
	RW1 4797,9229 4797,9255 4801,9274 4800,9290 4800,9311 4797,9330 4792,9347 4747,9481 4746,9560
	RW1 4746,9560 4704,9591
	RW1 4682,9794 4689,9758 4712,9632 4741,9615 4746,9560
Den Grønne Sti	RW1 4676,10486 4654,10462 4669,10470 4706,10473 4732,10481 4840,10633 4950,10788 4964,10813 5002,10864 5010,10882 5028,10918 5065,10962 5084,10996 5129,11035 5169,11073 5196,11114 5223,11140 5253,11148 5268,11154 5294,11168 5320,11186 5334,11211 5356,11219 5354,11229
	RW1 5131,15063 5146,15077 5159,15087 5171,15100 5177,15112 5183,15136 5225,15302 5230,15322 5238,15339 5246,15350 5262,15360
	RW1 5098,15406 5116,15401 5139,15395 5173,15383 5202,15375 5240,15365 5262,15360
	RW1 4997,15714 5001,15718 5005,15724 5012,15736 5025,15766 5047,15819 5058,15850 5072,15881 5090,15943 5103,16004 5121,16063 5126,16085 5127,16086
	RW1 4394,18668 4414,18652 4436,18642 4452,18633 4459,18617 4474,18583 4539,18551 4557,18545
	RW1 4454,18691 4451,18686 4475,18666 4484,18667
	RW1 4933,20611 4949,20570 4963,20541 4973,20509 4985,20464 4998,20402 5007,20353 5009,20341 5008,20333 5004,20324 4996,20321 4985,20320 4972,20320
Hollandsvej	RW1 4404,20791 4401,20782
	RW1 4766,21562 4788,21568 4831,21562 4922,21547 5125,21498 5443,21419 5472,21409 5511,21396 5550,21395
	RW1 4877,24741 5102,24848 5110,24835 5264,24891 5277,24906 5292,24916 5301,24934 5318,24954 5347,24971 5381,24998 5424,25037 5429,25051 5454,25062 5466,25073 5481,25079 5498,25086 5510,25089 5518,25099 5553,25151
	RW1 4474,24628 4491,24630 4523,24638 4562,24650 4631,24671 4699,24691 4758,24709 4817,24730 4861,24750 4860,24795 4868,24834 4886,24867 4886,24901 4886,24938 4913,24943 4943,24971 4954,25010 4979,25048 5031,25089 5084,25131 5176,25152 5263,25173 5337,25193 5406,25204 5474,25206 5531,25181 5553,25151
	RW1 5284,26521 5282,26550 5289,26564 5305,26574 5442,26642 5581,26710 5630,26743 5644,26759 5650,26769 5647,26787 5637,26844 5625,26922 5619,27026 5608,27205 5585,27533 5575,27728 5571,27772 5563,27817 5549,27911 5545,27932 5535,27951 5529,27969 5524,28009 5512,28042 5504,28058 5486,28088 5441,28151 5418,28185 5388,28212 5376,28227 5377,28240 5377,28254 5361,28273 5345,28285 5336,28299 5114,28640 4937,28878 4891,28931 4856,28964 4805,28986 4763,28998 4737,29018 4704,29059 4686,29093 4678,29138 4666,29209 4649,29259 4629,29291 4270,29768 4213,29837
	RW1 5482,3981 5621,4017 5731,4049 5773,4071 5828,4100 5904,4156 5929,4161 6005,4164 6162,4166 6374,4166 6571,4172 6726,4175 6762,4165 6919,4002 6946,3991 7177,4000 7506,4014 7559,4023 7834,4138 7971,4195 8003,4201 8314,4208 8725,4214 8872,4217
	RW1 5510,3921 5529,3941 5574,3959 5653,3994 5753,4042 5773,4071
	RW1 5850,7505 5886,7489 5928,7442 6003,7380 6038,7359 6085,7323 6083,7319
	RW1 5834,7520 5840,7537 5837,7553 5666,7831 5656,7848 5657,7872 5648,7953
Den Grønne Sti	RW1 6128,11449 6117,11464 6041,11461 5981,11455 5884,11437 5840,11428 5805,11430 5763,11425 5728,11412 5715,11410 5704,11404
Den Grønne Sti	RW1 5677,11391 5655,11391 5638,11390 5628,11378 5601,11367 5557,11348 5520,11318 5491,11304 5442,11292 5408,11268 5376,11249 5367,11230
	RW1 5257,12396 5243,12428 5226,12458
	RW1 5558,14078 5669,14053 5833,13955
	RW1 5428,15429 5426,15438 5422,15462 5420,15479 5413,15506 5408,15524 5404,15542 5409,15556 5418,15569 5433,15583 5442,15589 5452,15590 5465,15595 5490,15605 5520,15615 5545,15622 5579,15630 5601,15633 5637,15636 5681,15643 5718,15649 5753,15653 5789,15657 5827,15662 5852,15663 5879,15668 5907,15678 5920,15676 5936,15670 5955,15666 5971,15667 5984,15673 6020,15696 6047,15726 6075,15754 6089,15775 6093,15794 6093,15813 6087,15828 6079,15847 6061,15866 6045,15880 6032,15888 6013,15887 5990,15885 5967,15881 5945,15875 5926,15862 5907,15841 5883,15826 5859,15818 5842,15812 5822,15811 5806,15818 5783,15829 5758,15849 5738,15876 5716,15905 5697,15942 5682,15970 5677,15982 5669,16006 5661,16023 5653,16040 5647,16057 5637,16078
	RW1 5127,16086 5244,16369 5305,16498 5352,16568 5407,16625 5529,16660 5546,16675
	RW1 5529,16660 5683,16625 5686,16507 5683,16491 5689,16472
	RW1 5436,20138 5437,20119 5436,20097 5433,20079 5426,20057 5398,20021 5377,19996 5339,19943 5330,19926 5321,19910
	RW1 5282,19816 5283,19801 5289,19780 5295,19768 5304,19756
	RW1 5321,19910 5296,19850
	RW1 5296,19850 5291,19837
	RW1 5291,19837 5282,19816
	RW1 5510,19692 5505,19709 5501,19730 5500,19772 5497,19825 5498,19911 5499,19985 5501,20039 5505,20091 5510,20118 5518,20146 5532,20169 5548,20180 5559,20185 5561,20203 5551,20219 5539,20227 5532,20235 5526,20254 5530,20429 5531,20488 5561,20686
	RW1 5501,19730 5509,19732
	RW1 5590,19491 5611,19512
	RW1 5299,19309 5347,19356
	RW1 5121,20541 5129,20537 5158,20522 5176,20513 5188,20509 5197,20509 5204,20511 5208,20516 5214,20519 5220,20518 5234,20511 5297,20482 5335,20467
	RW1 5365,20450 5379,20438 5389,20430 5421,20413 5459,20391 5481,20379 5497,20364
	RW1 5335,20467 5365,20450
	RW1 5502,20417 5536,20419 5541,20424 5530,20429
	RW1 5541,20424 5554,20431
	RW1 5559,20185 5587,20187
	RW1 5496,21981 5512,21972 5518,21964 5521,21944 5526,21932 5536,21923 5544,21914 5551,21900 5548,21873 5536,21845 5511,21806 5505,21788 5496,21753 5494,21645 5484,21574 5477,21472 5472,21409 5465,21329 5458,21253 5443,21182 5438,21124 5440,20986 5440,20935 5437,20899 5412,20813 5407,20789 5405,20758
	RW1 5502,20723 5503,20659 5504,20572 5505,20515 5504,20463 5502,20417 5497,20364 5494,20340 5487,20291 5483,20271 5478,20262 5467,20256 5446,20259
	RW1 5615,21396 5707,21396 5897,21393 5959,21389 5982,21383 5998,21375 6100,21320 6120,21322 6133,21325 6143,21331 6165,21339 6186,21350 6222,21357 6262,21359 6303,21358 6338,21347 6367,21337 6391,21316
	RW1 5550,21395 5615,21396
	RW1 5511,21806 5502,21809 5498,21817 5493,21831
	RW1 5495,21948 5505,21948 5521,21944
	RW1 5305,22330 5306,22349 5342,22361 5398,22377 5679,22462 5714,22461 5763,22447 5767,22439 5753,22353 5760,22341 5963,22276
	RW1 5288,23764 5400,23735
	RW1 5639,25576 5638,25502 5584,25396 5658,25345 5647,25316 5650,25282 5636,25249 5615,25219 5583,25203 5553,25151 5626,25093 5666,25049 5724,24995 5778,24961 5794,24938 5775,24908 5778,24874 5833,24832 5915,24783 5924,24756 5905,24698 5875,24635
	RW1 5639,25882 5629,25905 5606,25925 5567,25931 5529,25938 5489,25960 5461,25992 5432,26047 5412,26103 5391,26156 5378,26204 5372,26253 5359,26283 5346,26316 5339,26349 5340,26377 5341,26419 5333,26440 5321,26459 5293,26491 5287,26501 5284,26521
	RW1 6647,7177 6658,7165 6665,7133 6675,7079 6684,6962 6703,6792 6698,6760 6690,6737 6657,6572 6656,6560 6600,6506 6566,6459 6554,6448 6497,6383 6489,6344 6479,6321 6444,6277 6424,6242 6414,6186 6411,6099 6412,6066 6421,6050 6432,6046 6451,6055 6478,6090 6497,6110 6508,6130 6518,6121 6533,6109 6555,6111
	RW1 6432,6046 6460,6038 6491,6035 6513,6051 6525,6080 6555,6111 6596,6126 6643,6168 6696,6236 6743,6278 6762,6319 6760,6362 6740,6436 6718,6469 6675,6533 6666,6545 6656,6560
	RW1 6508,6130 6524,6191 6549,6263 6560,6429 6554,6448
verkehrsberuhigter Bereich	RW6;RW6 6152,6635 6318,6665 6388,6678 6402,6693 6399,6719 6409,6745 6409,6767 6394,6794 6376,6816
verkehrsberuhigter Bereich	RW6;RW6 6399,6719 6390,6725 6384,6750 6379,6767 6376,6800 6376,6816
verkehrsberuhigter Bereich	RW6;RW6 6318,6665 6316,6690 6322,6729 6333,6741 6360,6748 6375,6745 6384,6750
	RW1 6060,7278 6167,7220 6276,7190 6358,7170
	RW1 6415,7212 6416,7217 6326,7236 6323,7244
	RW1 6411,7165 6411,7170
	RW1 6411,7170 6415,7212
	RW1 6083,7319 6063,7283
	RW1 6063,7283 6060,7278
verkehrsberuhigter Bereich	RW6;RW6 6174,7284 6257,7290
verkehrsberuhigter Bereich	RW6;RW6 6042,7225 6077,7212 6095,7189 6130,6902 6144,6795
verkehrsberuhigter Bereich	RW6;RW6 6144,6795 6190,6799 6237,6803 6283,6807 6331,6812 6376,6816 6366,6919 6331,7177
verkehrsberuhigter Bereich	RW6;RW6 6376,6816 6385,6813 6392,6819 6401,6832 6398,6871 6397,6932 6389,6977 6355,7153 6351,7158 6350,7172
	RW1 6358,7170 6411,7165 6458,7157 6520,7160 6601,7168 6647,7177
H/F Havebyen Mozart: verkehrsberuhigter Bereich	RW6;RW6 6552,7285 6614,7361
verkehrsberuhigter Bereich	RW6;RW6 6097,7326 6255,7335
verkehrsberuhigter Bereich	RW6;RW6 6095,7371 6252,7380 6255,7335 6257,7290
	RW1 6120,8215 6185,8227 6252,8254 6462,8350 6557,8402 6670,8456 6690,8474
	RW1 6522,10222 6552,10163
	RW1 6626,11498 6555,11493 6507,11490
	RW1 6523,11535 6356,11604
Solbjergvej	RW4 6392,11462 6294,11454 6282,11457
	RW4 6263,11374 6312,11376 6356,11376
	RW1 5886,13202 5905,13200 5911,13191 5922,13180 5933,13167 5951,13144 5966,13131 5978,13121 5997,13103
	RW1 6150,15627 6154,15625
	RW1 6271,16572 6288,16569 6307,16563 6327,16559 6353,16561 6389,16566 6430,16571 6460,16573 6470,16587 6478,16578 6496,16574 6511,16573 6527,16564 6542,16555 6554,16548 6564,16544 6571,16537 6575,16526 6575,16506 6566,16431 6557,16371 6551,16339
	RW1 6430,17104 6435,16973 6442,16882 6448,16769 6459,16690 6468,16605
	RW1 6399,16764 6448,16769
	RW1 6460,16573 6478,16578
	RW1 6409,16974 6435,16973
	RW1 6389,16882 6442,16882
	RW1 6430,17104 6400,17354 6406,17360 6410,17367
	RW1 6410,17367 6430,17385
	RW1 6430,17385 6442,17454
	RW1 6442,17454 6451,17469 6460,17495 6461,17509 6460,17527 6455,17544 6428,17610 6407,17664 6390,17719 6388,17727 6389,17733 6389,17788 6386,17836 6385,17855 6381,17876 6372,17910 6351,18001 6334,18058 6325,18093 6320,18119 6319,18135 6320,18147 6325,18167 6343,18236 6350,18255 6359,18279 6365,18289 6370,18296
	RW1 6405,18347 6417,18354 6420,18359 6419,18365 6421,18409 6435,18405 6544,18409 6574,18414 6588,18427 6596,18434 6600,18446 6601,18459 6598,18473 6597,18480 6599,18490 6599,18506 6599,18519 6597,18529 6594,18541 6595,18550 6592,18561 6593,18571 6600,18585 6610,18600 6617,18612 6621,18629 6626,18664 6623,18703 6618,18726 6618,18738 6615,18746 6613,18767 6603,18802 6592,18842 6584,18868 6569,18900 6552,18930 6521,19001 6509,19045 6506,19054 6497,19068 6491,19083 6465,19136 6451,19182 6445,19209 6444,19247 6441,19265 6435,19292 6427,19315 6411,19357 6400,19379 6394,19394 6380,19426 6375,19438 6373,19449 6375,19463 6379,19477 6379,19491 6372,19502 6366,19507 6344,19517 6319,19525 6319,19535 6322,19581 6323,19604
	RW1 6094,18704 6150,18738
	RW1 6150,18738 6156,18743 6175,18704 6174,18696
	RW1 5897,19059 5916,19047 5933,19033 5940,19032 5950,19037 5960,19040 5971,19044 5984,19045 6028,19047 6026,19032 6023,19014 6022,18998 6022,18982 6024,18965
	RW1 6319,19525 6310,19479 6311,19468 6305,19450 6295,19431 6280,19409 6264,19388 6248,19368 6243,19358 6240,19343 6240,19316 6241,19290 6243,19264 6243,19237 6238,19206 6238,19175 6234,19155 6224,19120 6221,19100 6216,19070 6211,19044 6208,19001 6209,18918 6209,18903 6214,18865 6225,18796 6232,18749 6239,18716 6240,18713 6248,18671 6268,18619 6276,18601 6285,18579 6295,18567 6308,18558 6323,18552 6336,18547 6342,18541 6345,18514 6346,18488 6353,18459 6379,18425 6398,18410 6421,18409 6433,18396
	RW1 6209,18918 6155,18915 6139,18918 6124,18930 6115,18943 6104,18954 6086,18959 6024,18965
	RW1 6239,18716 6222,18716 6207,18719 6191,18723 6175,18729 6166,18736 6156,18743
	RW1 6156,18743 6149,18754 6128,18788 6106,18821 6080,18861 6067,18878 6056,18890 6042,18907 6031,18918 6003,18949 5985,18969 5953,19007 5933,19030
	RW1 6031,18918 6027,18932 6024,18965
	RW1 5985,18969 6024,18965
	RW1 6294,19482 6211,19481 6223,19548 6228,19550 6267,19544 6319,19535
	RW1 5843,19025 5916,19047
	RW1 6028,19047 6033,19078 6036,19089 6042,19098 6052,19106 6066,19115 6081,19129 6102,19149 6110,19164 6115,19177 6105,19179 6090,19183 6078,19191 6064,19199 6051,19202 6038,19201 6020,19200 6009,19200 6002,19207 5995,19218 5978,19283 5970,19300 5961,19324 5952,19347 5952,19361 5967,19361 5986,19359 6002,19359 6013,19359 6024,19364 6032,19374 6037,19390 6046,19430 6049,19466 6065,19472 6080,19478 6095,19480 6118,19480 6151,19479 6188,19482
	RW1 6118,19480 6120,19536 6117,19547 6111,19553 6102,19556 6049,19568 6041,19575 6047,19609 6053,19648
	RW1 6041,19575 6036,19565 6036,19555 6038,19540 6040,19518 6035,19514 6024,19512 6010,19511 5998,19515 5983,19518 5968,19519 5956,19520 5945,19515 5937,19507 5926,19494 5919,19484 5917,19475 5919,19466 5923,19457 5925,19447 5925,19433 5924,19424 5920,19420 5913,19419 5901,19416 5894,19411 5891,19405 5893,19397 5897,19394 5897,19385 5896,19371 5911,19371 5933,19365 5952,19361
	RW1 5763,19575 5810,19530 5816,19522 5820,19514 5823,19504 5824,19494 5827,19485 5837,19455 5853,19402 5856,19392 5862,19371 5831,19369 5796,19367
	RW1 6378,19767 6401,19752
	RW1 6238,19206 6227,19205 6218,19203 6211,19199 6198,19188 6185,19176 6169,19171 6154,19173 6134,19174 6115,19177
	RW1 6322,19581 6331,19588 6335,19595 6336,19602
	RW1 6310,19479 6294,19482
	RW1 6211,19481 6188,19482
	RW1 5933,19033 5933,19030
	RW1 5916,19047 5922,19061
	RW1 6040,19518 6042,19506 6045,19485 6049,19466
	RW1 5862,19371 5896,19371
	RW1 6319,21107 6363,21084
	RW1 7068,21132 7043,21144 7034,21148 7027,21151 7015,21151 7005,21148 6994,21142 6984,21135 6964,21121 6935,21106 6916,21097 6905,21092 6889,21085 6867,21081 6829,21078 6790,21077 6761,21075 6735,21075 6693,21075 6651,21078 6605,21083 6559,21090 6546,21091 6525,21094 6510,21094 6490,21095 6447,21098 6398,21103 6361,21101 6319,21107
	RW1 6319,21107 6294,21116 6273,21131 6141,21280 6099,21319
	RW1 5961,21909 6025,22253
	RW1 5938,24170 5942,24171 5960,24172 5993,24185 6016,24198 6069,24209 6101,24207 6131,24205 6144,24200 6162,24195 6167,24194 6173,24184 6186,24178 6197,24177 6210,24178 6225,24183 6250,24185 6278,24185 6301,24182 6321,24173 6340,24164 6360,24152 6376,24147 6384,24148
	RW1 6167,24194 6171,24202 6178,24211 6189,24217 6200,24221 6223,24224
	RW1 5647,25316 5691,25290 5738,25252 5758,25205 5790,25155 5797,25112 5832,25072 5878,25073 5933,25095 6008,25094 6056,25061 6102,25046 6138,25028 6205,25022 6312,25038 6378,25065 6401,25109 6428,25124 6460,25122 6496,25125 6565,25155 6663,25194 6728,25204 6787,25205 6825,25200 6850,25220 6890,25246 6933,25250 7008,25303 7042,25359 7093,25426 7115,25478 7144,25481 7158,25501 7157,25529 7164,25552 7199,25564 7243,25555 7265,25539 7290,25525
	RW1 6571,25798 6601,25661 6612,25628 6651,25443 6223,25361 6205,25351 6199,25333 6205,25276 6196,25251 6188,25238
	RW1 8872,4217 9161,4228 9277,4258 9395,4332 9669,4507 9632,4445 9573,4341 9487,4245 9412,4190 9320,4126 9269,4063 9076,3838 8562,3239 7909,2476 7873,2434 7593,2108 7204,1674
	RW1 6972,7257 6992,7255 7025,7262 7061,7262 7087,7261 7160,7256 7211,7249 7252,7237 7361,7193 7421,7153 7490,7095 7541,7038 7576,6995 7595,6974 7613,6955 7625,6960
H/F Havebyen Mozart: verkehrsberuhigter Bereich	RW6;RW6 6667,7239 6725,7311 6786,7382
Sønder Boulevard	RW1 7082,9538 7118,9546
Sønder Boulevard	RW1 7120,9575 7089,9567
Den Grønne Sti	RW1 6948,11592 6935,11579 6925,11571 6911,11562 6886,11551 6861,11542 6843,11539 6813,11539
Den Grønne Sti	RW1 6967,11586 6987,11593 7010,11607 7046,11634 7089,11679 7122,11715 7150,11753 7179,11813 7195,11858 7210,11908 7224,11967 7228,12011
	RW1 7184,12296 7193,12283 7210,12273 7223,12270 7240,12268
	RW1 7228,12011 7240,12048 7248,12074 7244,12133 7243,12173 7236,12226
	RW1 7236,12226 7223,12270
	RW1 7203,14114 7174,14088 7154,14057 7136,14020 7128,13994 7120,13972 7107,13956 7094,13944 7078,13924 7062,13878 7047,13830 7035,13790 7022,13735 7019,13717 7029,13697 7040,13684 7039,13668 7038,13642 7033,13607 7025,13575 7018,13556 7006,13538 6997,13524 6991,13508 6987,13492 6978,13481 6966,13466 6961,13453 6961,13438 6965,13423 6965,13403 6961,13383 6958,13365 6957,13340 6957,13325 6961,13302 6966,13287 6965,13234 6963,13226 6933,13204 6929,13197 6928,13132 6934,13019 6944,12970 6955,12918 6965,12889 6974,12862 6985,12859 6997,12828 7000,12800 7054,12664 7098,12554 7106,12548 7115,12547 7127,12550 7142,12558
Hans Egedes Gade	RW4 7198,12411 7200,12402
Lersøstien	RW1 6949,14355 6958,14362 6965,14377 6972,14394 6980,14427 6987,14453 6991,14468 7000,14480 7035,14508 7079,14538 7101,14554 7118,14565 7135,14571 7146,14575 7160,14580 7181,14591 7197,14606 7210,14629 7224,14651 7232,14664 7247,14679 7295,14717 7311,14730 7395,14800 7507,14890
	RW1 6826,14795 6850,14752 6867,14698 6871,14642 6862,14592 6850,14546 6822,14503
	RW1 6811,15992 6818,15976
	RW1 6748,16276 6779,16152
	RW1 6704,16523 6724,16518 6736,16510 6750,16507 6773,16517
	RW1 6684,16523 6704,16523
	RW1 6580,16572 6597,16562 6613,16555 6628,16556 6643,16554 6654,16543 6668,16533 6684,16523
	RW1 6470,16587 6468,16605
	RW1 6718,18732 6717,18759
	RW1 6947,18713 6957,18709 6994,18703 7023,18692 7054,18688 7082,18689 7116,18690 7155,18695 7196,18696 7255,18688 7304,18682 7346,18678 7394,18676 7591,18668 7629,18666 7641,18660
	RW1 6584,18868 6632,18868 6708,18871 6708,18883
	RW1 6574,18414 6611,18364
	RW1 6521,19001 6544,19010
	RW1 6623,18703 6638,18705
	RW1 6445,19209 6524,19201
	RW1 6411,19357 6420,19359
	RW1 7177,19747 7186,19751 7277,19791 7201,19942 7284,20077 7253,20104 7219,20126 7175,20140 7108,20147 7046,20153
	RW1 6991,21232 7003,21222 7015,21206 7028,21191 7047,21169 7066,21156 7080,21146 7088,21134 7089,21122
	RW1 6905,21092 6944,21037
	RW1 6919,20793 6944,20887 6960,20960 6964,20983 6964,21005 6961,21023 6954,21040
	RW1 6509,20625 6526,20630 6528,20624 6534,20624 6533,20631 6541,20632 6555,20632 6565,20629 6576,20626 6588,20626 6598,20628 6605,20629
	RW1 6481,20695 6503,20696 6521,20699 6537,20699 6548,20696 6554,20689 6559,20675 6565,20658 6570,20644 6579,20638 6590,20635 6605,20629 6623,20623 6646,20616 6665,20614 6683,20611 6735,20612 6812,20612 6839,20611 6864,20612 6886,20615
	RW1 6665,20614 6673,20622 6685,20634 6697,20652 6703,20666
	RW1 6853,20692 6886,20646 6890,20640
	RW1 6514,20856 6522,20845 6535,20837 6563,20836 6584,20842 6595,20861 6614,20865 6628,20858 6635,20839 6641,20821 6640,20792 6636,20759 6635,20736 6642,20719 6654,20701 6666,20682 6677,20671 6692,20667 6703,20666 6725,20672 6740,20679 6757,20688 6769,20692 6786,20694 6803,20692 6817,20691 6830,20690 6853,20692 6874,20701 6888,20705 6892,20707 6897,20710
	RW1 6890,20751 6892,20760 6902,20797
	RW1 6595,20861 6598,20870 6601,20881 6612,20891 6625,20896 6650,20896 6685,20891 6737,20887 6774,20882 6788,20875 6799,20861 6802,20844 6808,20819 6813,20805 6823,20790 6840,20775 6853,20767 6870,20762 6883,20760 6890,20751 6895,20738 6895,20725 6897,20710 6890,20640 6886,20615
	RW1 6525,21094 6513,21116 6511,21127 6512,21139 6513,21147 6516,21157
	RW1 6436,21166 6442,21168 6449,21165 6453,21157 6455,21142 6454,21130 6452,21117 6447,21098
	RW1 6455,21142 6462,21138 6469,21127 6477,21123 6488,21118 6510,21094
	RW1 6455,21142 6466,21149 6482,21155 6502,21158 6516,21157 6535,21165 6555,21176 6568,21184 6575,21189 6578,21198 6582,21204 6586,21203 6588,21197 6597,21200 6605,21205 6612,21208 6624,21203 6643,21203 6659,21202 6677,21200 6696,21193 6713,21187 6731,21180 6741,21168 6753,21156 6761,21151 6772,21150 6788,21154 6805,21161 6823,21166 6847,21169 6864,21174 6876,21171 6893,21178 6904,21177 6919,21186 6936,21195 6956,21207 6968,21222 6991,21232 7013,21248 7027,21262 7038,21272 7053,21279 7082,21287 7114,21303 7128,21311 7149,21316 7203,21331 7241,21342 7279,21355 7319,21366 7357,21379 7385,21386 7398,21388 7412,21392 7427,21401 7443,21413 7460,21423 7483,21439 7500,21451 7508,21458 7518,21462 7531,21466 7551,21472 7576,21488 7598,21505 7617,21519 7641,21536 7655,21547 7676,21546 7695,21548 7711,21554 7721,21555 7736,21552 7750,21550 7762,21552 7775,21555 7788,21555 7807,21564
	RW1 6436,21166 6442,21178 6442,21193 6444,21208 6449,21232 6454,21249 6460,21269 6466,21286 6475,21302 6478,21312 6480,21327 6484,21335
	RW1 6561,21310 6567,21302 6572,21292 6578,21286 6583,21278 6590,21264 6597,21246 6603,21227 6601,21216 6598,21207 6597,21200
	RW1 6603,21227 6608,21228 6619,21232 6629,21240 6644,21251 6653,21257
	RW1 6916,21097 6917,21108 6918,21123 6919,21135 6922,21152 6923,21169 6922,21177 6919,21186
	RW1 6612,21208 6625,21210 6635,21209 6648,21212 6664,21217 6680,21219 6694,21215 6710,21211 6721,21206 6736,21206 6751,21205 6775,21201 6791,21195 6807,21191 6824,21194 6850,21197 6863,21195 6881,21190 6898,21194 6916,21204 6935,21214 6950,21216 6968,21222
	RW1 6775,21201 6795,21208 6815,21216 6839,21225 6859,21230 6882,21243 6908,21273 6933,21292 6955,21305 6974,21312 6990,21317 7008,21319 7026,21317 7036,21318 7054,21322 7069,21328 7081,21331 7089,21335 7096,21335 7103,21330 7111,21330 7119,21319 7128,21311
	RW1 6933,21292 6941,21282 6957,21272 6967,21263 6973,21260 6983,21250 6984,21247 6984,21243 6984,21239 6987,21236 6991,21232
	RW1 6980,21976 7009,21981
	RW1 7009,21981 7002,21991 6999,22007 6951,24467 6953,24485 6961,24521 6970,24553 6975,24597
	RW1 7009,21981 7037,21985 7096,21991 7275,22000 7537,22011 7808,22028 8016,22040 8151,22053 8225,22067 8364,22083 8467,22103 8507,22113 8551,22121 8584,22128 8611,22132 8634,22143 8662,22161 8684,22177 8703,22189 8719,22198 8728,22203
	RW1 7009,21981 7009,21973 7013,21968 7021,21968 7039,21966 7064,21963 7079,21957 7112,21944 7132,21941 7167,21930 7244,21914 7295,21902 7323,21900 7358,21887 7420,21873 7457,21862 7538,21849 7569,21842 7585,21842 7601,21833 7615,21831 7629,21840 7648,21848 7674,21861 7704,21875 7728,21882 7739,21887 7752,21887 7774,21890 7787,21890 7794,21884 7800,21879 7809,21878 7835,21873 7853,21866 7886,21860
	RW1 6391,21316 6402,21314 6420,21316 6440,21319 6449,21314
	RW1 6475,21302 6483,21308 6490,21316
	RW1 6521,21327 6520,21360
	RW1 6561,21310 6581,21333
	RW1 6542,21325 6553,21324 6571,21329 6581,21333
	RW1 6699,21439 6704,21431
	RW1 6794,21764 6798,21745 6801,21726 6806,21716 6814,21704 6823,21687 6833,21677 6843,21663 6851,21650
	RW1 6824,21600 6827,21589 6830,21577 6831,21567 6830,21537
	RW1 6520,21360 6524,21373 6530,21385 6540,21397 6551,21406 6565,21416 6580,21424 6597,21428 6610,21428 6623,21425 6633,21426 6648,21428 6662,21429 6669,21433 6675,21437 6685,21438 6694,21437 6699,21439 6705,21445 6711,21453 6718,21465 6724,21482 6730,21500 6737,21516 6747,21534 6757,21545 6767,21551 6775,21554 6783,21560 6790,21565 6801,21570 6806,21581 6814,21593 6824,21600 6830,21607 6835,21617 6843,21630 6851,21650 6860,21666 6875,21683 6894,21705 6912,21729 6929,21752 6951,21767
	RW1 6975,21635 6998,21625
	RW1 6806,21581 6812,21569 6821,21566 6831,21567 6840,21566 6851,21567 6864,21570 6883,21575 6901,21581 6916,21588 6933,21598 6949,21609 6963,21622 6975,21635 6980,21648 6987,21667 6995,21686 7001,21699 7011,21712 7022,21724 7036,21736 7048,21746 7057,21752 7065,21756 7078,21757 7091,21758 7107,21755 7122,21751 7138,21746 7155,21738 7170,21729 7187,21713 7195,21707 7205,21697 7216,21693 7226,21690 7241,21689 7253,21686 7266,21682 7278,21676 7292,21671
	RW1 7036,21318 7035,21338 7030,21354 7025,21365 7026,21381 7032,21400 7041,21415 7056,21435 7063,21455 7080,21469 7107,21486 7130,21495
	RW1 7025,21365 7020,21371 7007,21380 6999,21387
	RW1 7036,21318 7039,21304 7043,21294 7047,21286 7053,21279
	RW1 6955,21305 6955,21316 6960,21332 6975,21342 6993,21350 7013,21350 7026,21352 7030,21354
	RW1 6863,21327 6866,21320 6875,21308 6891,21295 6901,21284 6908,21273
	RW1 6995,24586 6970,24553
	RW1 6651,25443 6940,25492 6935,25754 7153,25710 7303,25681 7319,25674 7329,25659 7385,25582
Grisestien	RW1 6650,26945 6734,27025 6793,27103 6839,27188 6898,27326 6904,27341 6933,27393
	RW1 7593,2108 7643,1731 7686,1408 7842,803
	RW1 7643,1731 8469,2178 9397,2682 9473,2719 9483,2721
	RW1 7909,2476 8469,2178 9022,1885 9049,1858 9132,1649 9147,1617 9200,1580 9230,1567
	RW1 8003,4201 8696,4845
	RW1 7722,6832 7693,6813 7657,6781 7648,6772 7720,6813 7755,6844 7781,6896 7823,6942 7872,6993
	RW1 8071,6450 8007,6443
Ved Slusen	RW1 8012,7153 7993,7126 7986,7113 7982,7104 7980,7085 7982,7073 7979,7059 7973,7053 7962,7049
	RW1 7756,7074 7788,7055 7832,7023 7872,6993 7888,7007
	RW1 7888,7007 7936,7057
	RW1 7936,7057 7954,7073 7967,7083 7980,7085
	RW1 7625,6960 7722,6832
	RW1 7590,7156 7580,7141 7573,7123 7571,7109 7575,7095 7583,7082 7649,6981 7614,6947 7594,6946 7585,6955 7590,6964 7595,6974
	RW1 7896,12081 7923,12120 7999,12084
Hans Tavsens Gade	RW4 7424,12334 7319,12392 7251,12429
	RW4 7546,12254 7538,12272 7424,12334
Hans Tavsens Gade	RW4 7251,12429 7234,12426 7276,12404 7414,12324 7419,12322 7471,12294 7520,12267 7546,12254 7564,12243
	RW4 7424,12334 7394,12430 7379,12426 7360,12420 7337,12413 7327,12405 7319,12392
	RW1 7394,12430 7574,12322 7538,12272
	RW1 7883,13457 7870,13435
	RW1 7448,13113 7480,13157
	RW4 7394,12430 7400,12439 7465,12533 7503,12588 7672,12745
	RW1 7376,14058 7385,14065
Lersøstien	RW1 7507,14890 7529,14907
Lersøstien	RW1 7529,14907 7575,14943 7581,14935 7591,14930 7600,14935 7610,14947 7626,14969
Lersøstien	RW1 7575,14943 7581,14954 7581,14968 7572,14977 7487,15063 7462,15088 7448,15097
Rørsøstien	RW1 7591,14930 7591,14942 7594,14953 7600,14960
Rørsøstien	RW1 7600,14960 7632,14988
Rørsøstien	RW1 7632,14988 7663,15018 7714,15073 7788,15150 7860,15223 7866,15229 7880,15231 7912,15235 7972,15244 8004,15252 8014,15260 8018,15273 8022,15291 8027,15302 8035,15310 8047,15314
Bøllemosegårdvej	RW1 7676,15294 7698,15285 7716,15279 7726,15278 7738,15280 7747,15279 7766,15271 7802,15255 7832,15239 7851,15232 7866,15229
	RW1 7716,15279 7717,15267 7701,15244 7678,15219 7659,15199 7647,15194 7638,15195 7632,15199
	RW1 7834,16204 7848,16219 7852,16235 7853,16250 7853,16264 7844,16274 7831,16285 7813,16292 7797,16296 7790,16300 7780,16303
	RW1 7387,16472 7418,16501 7449,16531 7481,16561 7528,16607
	RW1 7784,17487 7790,17496 7797,17498 7802,17505 7805,17531
	RW1 7784,17487 7752,17487 7746,17488 7745,17501 7696,17494
	RW1 7284,20077 7333,20075 7401,20087 7531,20120 7756,20190
	RW1 7068,21132 7089,21122
	RW1 7615,21831 7623,21832 7636,21827 7650,21824 7667,21814 7677,21806 7686,21801 7697,21798 7706,21798 7715,21796 7724,21793 7733,21784 7745,21774 7756,21766 7765,21759 7773,21752 7780,21747 7788,21745 7798,21745
	RW1 7615,21831 7612,21826 7610,21819 7614,21815 7622,21810 7643,21803 7662,21798 7675,21795 7695,21784 7713,21775 7727,21768 7740,21761 7755,21751 7767,21741 7773,21735 7779,21733 7785,21736 7791,21740 7798,21745
	RW1 7065,21756 7072,21776
	RW1 7195,21707 7197,21721 7200,21734 7215,21744
	RW1 7365,21578 7389,21576 7426,21577 7459,21571 7490,21565 7524,21560 7549,21554 7564,21551 7583,21552 7605,21559 7622,21560 7641,21554 7655,21547
	RW1 7096,21613 7104,21619 7120,21628 7136,21640 7151,21655 7166,21672 7174,21693 7187,21713
	RW1 7029,24770 7056,24782 7089,24793 7127,24798 7197,24835 7320,24914 7461,24997 7561,25072 7651,25141 7689,25163 7743,25189 7780,25205 7830,25211 7884,25213 7928,25218 7945,25224
	RW1 6949,27437 6933,27393 6936,27372 7121,26861 7427,26056 7557,25698
	RW1 8049,29867 8045,29782 8006,29659 7964,29591 7908,29546 7796,29474 7663,29381 7576,29288 7495,29183 7430,29082 7412,29036 7381,28948 7368,28861 7368,28781 7382,28702 7426,28563 7438,28469 7421,28371 7365,28264 7252,28108 7192,27996 7147,27896 7095,27769 7032,27618 6949,27437
	RW1 8399,28491 8233,28358 8150,28279 8074,28214 8014,28173 7988,28147 7937,28056 7931,28032 7904,27952 7886,27914 7743,27810 7688,27772 7603,27742 7565,27738 7437,27729 7327,27697 7294,27685 7033,27538
Skansesporet	RW1 8708,-162 8734,-180 8771,-188 8767,-217 8796,-229 8845,-248 8876,-276 8849,-337 8788,-530 8722,-705 8728,-722 8735,-743 8738,-777 8733,-799 8737,-823 8801,-980 8831,-1057 8852,-1091 8890,-1094
	RW1 8572,-1231 8592,-1222 8615,-1223 8680,-1187 8854,-1111 8890,-1094
	RW1 8728,-722 9827,-287 10661,49 10710,53 11115,52 11255,90 11278,103
	RW1 8872,4217 8772,4293 8737,4341 8675,4394 8607,4461 8673,4744 8696,4845 8853,5571 8890,5750 8903,5870
	RW1 9191,6000 9164,6000 9128,5834 9121,5808 9113,5806 9081,5810 9010,5831 8938,5858 8872,5878 8783,5908 8677,5957 8570,6012 8518,6045 8419,6117 8394,6143 8385,6203 8377,6281 8364,6306 8333,6337 8292,6353 8218,6380 8108,6414 8072,6430 8071,6450
	RW1 9416,7116 9372,7114 8685,7154 8659,7164 8642,7225
	RW1 8451,10262 8511,10195 8441,10145 8385,10208
	RW1 8441,10145 8445,10141 8427,10125 8430,10121 8538,10003
	RW1 8430,10121 8389,10087 8383,10096 8359,10069 8401,10014 8378,9993 8371,9991
	RW1 8383,9538 8383,9563 8243,9715
	RW1 8243,9715 8229,9731 8216,9733
Svineryggen	RW1 8092,11567 8085,11555 8038,11216 8036,11186
Svineryggen	RW1 8036,11186 8033,11150
Svineryggen	RW1 8033,11150 8023,11098 8012,11028 8005,10966 7972,10723 7972,10723
	RW1 7972,12039 7999,12084
	RW1 7925,13427 7929,13393
	RW1 8419,14228 8416,14192 8420,14173 8416,14153 8411,14138 8414,14098 8416,14062 8412,14017 8405,13973 8404,13952 8401,13897
Aldersrogade	RW1 8344,14340 8365,14316
	RW1 8402,13884 8399,13790 8395,13706 8392,13632 8368,13613
	RW1 8021,14034 8043,14011 8064,13995
	RW1 8080,15216 8125,15078 8125,15056 8108,15027
Rudolph Bergs Gade: verkehrsberuhigter Bereich	RW6;RW6 8004,14867 8011,14846
	RW1 8490,15232 8505,15198 8526,15152 8547,15115 8547,15115 8547,15115
Borgervænget	RW1 8801,15253 8783,15283 8756,15330 8737,15363 8535,15278 8525,15273
Æbeløgade: verkehrsberuhigter Bereich	RW6;RW6 8240,15009 8217,15000 8215,14977
	RW1 8645,16459 8634,16441 8615,16426 8604,16407 8597,16376 8593,16346 8589,16313 8586,16291 8576,16226 8567,16186 8559,16171 8522,16132 8482,16122 8456,16099 8448,16069 8452,16050 8462,16036 8469,16018 8474,16002 8481,15983 8495,15972
	RW1 8429,16000 8426,15953 8429,15930 8428,15915 8448,15917 8472,15948 8490,15963 8495,15972 8505,15952 8508,15936 8507,15920 8503,15904 8509,15872
	RW1 8559,16171 8571,16173 8588,16179 8611,16183 8629,16178 8655,16180 8674,16185 8683,16173 8689,16152 8685,16126 8666,16112 8647,16086 8637,16062 8624,16039 8606,16018 8587,16001 8559,15988 8526,15980 8495,15972 8484,15970 8472,15971 8443,15986 8435,16017
	RW1 8414,15912 8428,15915 8455,15900 8486,15886 8509,15872 8533,15860 8566,15913 8579,15933 8559,15947 8529,15963 8495,15972
	RW1 8435,16017 8429,16000 8421,15991 8413,15974 8399,15952 8383,15928
	RW1 8370,17644 8351,17635
	RW1 8173,21286 8174,21276 8203,21267 8237,21265 8260,21267 8280,21271
	RW1 8078,21206 8105,21195 8137,21188 8165,21181 8198,21172 8219,21167 8242,21162 8257,21159 8271,21160 8282,21163 8296,21167 8313,21173 8329,21177 8355,21183 8383,21194 8400,21205 8414,21215
	RW1 7995,21265 7999,21254 8011,21239 8035,21224 8059,21213 8078,21206
	RW1 7841,21370 7844,21387 7847,21411 7847,21427 7845,21442 7837,21479 7833,21504 7832,21513 7835,21517
	RW1 7823,21759 7837,21781 7850,21800 7853,21813 7862,21824 7875,21841 7886,21860
	RW1 7823,21759 7835,21736 7844,21715 7850,21696 7852,21676 7852,21655 7850,21636 7847,21618 7845,21609 7843,21602 7843,21595 7843,21588 7838,21581 7832,21570 7823,21558
	RW1 8001,25437 8059,25432 8073,25435 8103,25461 8128,25493 8159,25546 8182,25574 8239,25626 8316,25689 8369,25733 8392,25761 8442,25804 8486,25835 8515,25849 8536,25852 8578,25850 8590,25850 8636,25882 8678,25926 8694,25945 8712,25956 8768,25973 8859,25986 8874,25994 8889,25990 8929,25972 8981,25943 9028,25916
	RW1 8074,30349 8075,30319 8081,30245 8083,30183 8085,30117 8083,30065 8079,30017 8070,29986 8065,29959 8070,29882 8073,29865 8078,29841 8090,29805 8096,29779 8094,29728 8097,29700 8100,29668 8099,29641 8091,29625 8082,29610 8080,29591 8081,29554 8089,29479 8095,29449 8100,29433 8100,29421 8098,29402 8104,29383 8201,29118 8222,29076 8230,29053 8234,29028 8251,28992 8280,28917 8300,28865 8312,28826 8323,28803 8337,28784 8346,28763 8368,28710 8389,28649 8408,28601 8411,28592 8431,28530 8440,28508 8442,28487 8446,28469 8460,28446 8489,28361 8498,28336 8500,28315 8507,28307 8511,28289 8524,28264 8541,28219 8565,28155 8580,28130 8609,28055 8631,28007 8634,27982 8649,27954 8664,27912 8678,27857 8684,27824 8693,27811 8697,27789 8703,27758 8719,27713 8727,27699 8734,27691 8744,27686 8752,27678 8753,27660 8754,27609 8760,27567 8763,27540 8757,27513 8753,27494 8748,27485 8747,27468 8755,27411 8759,27398 8765,27394 8775,27392 8782,27383 8785,27370 8795,27283 8794,27255 8801,27180 8807,27106 8817,27056
	RW1 9700,4484 9541,3017 9492,2855 9473,2719 9392,2355 9263,1607
	RW1 9076,3838 9059,3856 9001,4061 9004,4105 8872,4217
	RW1 9899,8415 9749,8445 9671,8370 9602,8303 9568,8242 9522,8176 9486,8085 9434,8020 9292,7927 9101,7686 9179,7609 9199,7584 9095,7493 9173,7389 9198,7348 9217,7305 9227,7292 9388,7282 9412,7260 9420,7204 9412,7149
	RW1 9749,8445 9693,8443 9175,8387 9067,8374 8973,8381
	RW1 9175,8387 9174,8453 9181,8523 9177,8577 9137,8665 9098,8685 9015,8819 9006,8858 8968,8899
	RW1 9008,8464 9061,8610 9137,8665 9180,8703 9235,8722 9301,8841 9402,9179
	RW1 9468,9167 9422,9175 9402,9179 9322,9219 9282,9279
Fredens Park	RW1 8908,12797 8910,12782 8868,12728
	RW1 8638,13485 8662,13507 8678,13521 8731,13572 8762,13615 8784,13657 8792,13697 8803,13744 8819,13818 8834,13845 8854,13871 8887,13902 8895,13910 8905,13921
Sortedam Dossering	RW1 9499,13397 9434,13352 9378,13311 9317,13265 9266,13226 9245,13205 9180,13151 9141,13101 9094,13033
Borgmester Jensens Allé	RW1 8660,14187 8697,14206 8771,14218 8897,14233 8931,14252 8976,14282 8989,14296 9016,14323 9045,14349
Serridslevvej	RW1 9215,14204 9235,14186
	RW1 8913,13941 8923,14012 8965,14079 9007,14126 9048,14144 9093,14160
	RW1 8737,15363 8766,15381
	RW1 8588,16179 8594,16204 8599,16232 8601,16253 8605,16278 8607,16306 8613,16339 8616,16356 8633,16374 8660,16391 8665,16392 8691,16400 8704,16395 8707,16379 8704,16301 8702,16272 8697,16258 8677,16240 8660,16245 8635,16259 8615,16259 8601,16253
	RW1 8633,16374 8597,16376 8616,16356 8655,16309 8667,16291 8677,16263 8677,16240 8675,16223 8670,16203 8674,16185
	RW1 8660,16391 8665,16407 8665,16425 8670,16448
	RW1 8579,15933 8598,15963 8618,15995 8648,16043 8663,16072 8685,16126
	RW1 8533,15860 8537,15848
Hellerupgårdvej	RW1 8731,17116 8746,17113
	RW1 9025,19388 9034,19426 9040,19450 9049,19471 9059,19489 9077,19521 9092,19544 9108,19566 9124,19598 9137,19620 9146,19638 9152,19657 9161,19684 9168,19698 9184,19716 9197,19733 9209,19751 9222,19774
	RW1 8632,20870 8630,20857 8649,20854 8666,20859 8679,20856 8690,20852 8701,20845 8710,20838 8703,20827 8696,20822
	RW1 8710,20838 8721,20837 8730,20841 8739,20842 8745,20834 8751,20824 8757,20814 8761,20803 8767,20797 8782,20791
	RW1 8474,20654 8469,20707 8469,20736 8472,20757 8478,20770 8490,20777 8504,20778 8514,20781 8523,20784 8533,20788 8540,20802 8547,20814 8554,20830 8563,20845 8570,20854 8580,20856 8599,20860 8618,20864 8632,20870 8662,20877 8712,20893 8729,20903
	RW1 8820,22167 8844,22164 8868,22161 8901,22163
	RW1 8755,24212 8756,24233
	RW1 8756,24233 8769,24256 8785,24278 8814,24301 8850,24322 8892,24343 9027,24383 9066,24398 9092,24417 9115,24449 9217,24606 9276,24678 9346,24791 9357,24805 9550,24973 9562,24984
	RW1 8797,27054 8799,27045 8798,27023 8803,27002 8813,26973 8823,26932 8831,26888 8836,26854 8838,26827 8842,26811 8847,26802 8854,26795 8857,26779 8863,26756 8869,26716 8873,26672 8877,26657 8872,26645 8873,26630 8881,26609 8892,26579 8901,26540 8906,26497 8906,26476 8913,26450 8943,26329 8953,26288 8964,26271 8981,26227 9028,26104 9050,26049 9073,26001 9081,25975 9098,25942 9121,25889 9135,25857 9141,25833 9155,25791 9185,25722 9211,25660 9248,25569 9266,25528 9296,25487 9305,25454 9317,25429 9336,25415 9402,25398 9467,25363 9521,25299 9604,25182 9647,25114 9655,25088 9658,25071 9669,25055 9676,25042 9692,25019 9698,25009 9702,24996 9714,24937 9732,24860 9752,24755 9767,24689 9769,24677 9768,24663 9766,24652 9766,24643 9769,24633 9779,24600 9789,24547 9798,24520 9820,24460 9941,24151 10051,23876 10092,23766 10101,23740 10110,23703 10122,23646 10133,23604 10142,23569 10140,23558 10135,23546 10132,23538 10131,23526 10132,23472
	RW1 8684,27703 8679,27702 8660,27685 8418,27674
	RW1 8798,27715 8699,27704
	RW1 8699,27704 8684,27703
	RW1 8378,28536 8399,28491 8408,28472 8413,28190 8416,27926 8416,27844 8418,27674 8417,27612 8440,27491 8476,27267
	RW1 8408,28601 8419,28607
	RW1 8360,28582 8374,28587
	RW1 8374,28587 8408,28601
	RW1 9669,4507 9665,4542 9812,5439
	RW1 9437,7072 9421,7080 9422,7085
	RW1 9705,7130 9733,7314 9771,7530 9779,7573 9808,7746 9818,7814 9829,7866 9832,7889 9838,7923 9847,7984 9865,8063 9876,8132 9881,8172 9890,8249 9901,8314 9913,8356 9925,8416 9930,8455 10018,8917
	RW1 9733,7314 9695,7316
	RW1 9771,7530 9755,7516
	RW1 9808,7746 9831,7773 9863,7777 9875,7770 9893,7758
	RW1 9863,7777 9854,7784 9818,7814 9797,7830
	RW1 9867,7981 9865,7972 9862,7951 9862,7928 9867,7903 9873,7881 9876,7866 9873,7853 9876,7843 9870,7836 9863,7813 9856,7797 9854,7784
	RW1 9829,7866 9838,7862 9853,7860
	RW1 9873,7881 9849,7883 9832,7889 9817,7894 9805,7893 9797,7888 9788,7882 9781,7868
	RW1 9796,7822 9797,7830 9798,7839 9791,7848
	RW1 9979,7149 9841,7139 9705,7130 9648,7128 9416,7116
	RW1 9422,7085 9423,7098
	RW1 9423,7098 9424,7104 9416,7116 9412,7149 9389,7171
	RW1 9925,8416 9979,8430
	RW1 9910,9061 9900,9081 9893,9094 9831,9097 9737,9090 9639,9122 9548,9151 9468,9167 9464,9178 9470,9191 9532,9222 9627,9301 9670,9337 9731,9390 9763,9423 9782,9449 9784,9483 9774,9512 9764,9524
	RW1 10265,8606 10234,8574 10196,8538 10163,8508 10151,8505 10138,8494 10092,8476 10044,8456 9979,8430
	RW1 9925,8416 9899,8415
	RW1 9925,8416 9932,8405 9943,8395 9953,8389 9932,8346 9940,8332 9929,8304 9933,8296 9922,8237 9919,8212 9923,8203 9922,8187 9929,8177 9926,8157 9900,8146 9883,8139 9876,8132
	RW1 9953,8389 9963,8381 9979,8407
	RW1 9943,8395 9952,8406 9964,8409 9979,8407 9996,8416 10013,8427 10025,8432 10042,8441 10054,8445 10076,8455 10102,8462 10121,8467 10140,8467 10153,8462
	RW1 9932,8346 9913,8356
	RW1 9929,8304 9901,8314
	RW1 9922,8237 9890,8249
	RW1 9881,8172 9883,8163 9901,8159 9926,8157 9946,8150 9928,8147 9924,8132 9921,8095 9914,8077 9908,8061 9889,8064 9865,8063
	RW1 9908,8061 9922,8053 9926,8040 9912,8029 9890,8008 9876,7996 9870,7990 9867,7981 9847,7984
Thorshavnsgade	RW1 9729,10190 9724,10182
	RW1 9470,9191 9422,9175
	RW1 9594,11246 9619,11265
Tuborglinien	RW1 9618,16866 9644,16858 9707,16833 9726,16827 9765,16824 9795,16822 9908,16812 9932,16809 9948,16805 9961,16796 9975,16782 9987,16765 10014,16728 10052,16677 10095,16618
	RW1 9351,21936 9359,21913 9379,21873 9390,21846 9393,21821 9390,21787 9358,21604 9358,21591 9362,21577 9371,21571
	RW1 9180,22209 9192,22217
	RW1 9149,22028 9196,22015 9257,21950 9271,21954 9315,21966 9339,21973
	RW1 9572,24993 9596,25015
	RW1 10870,1745 10953,2035 10960,2052 10974,2061 10977,2075 10965,2088 10784,2212 10777,2222 10776,2238 10783,2263 10811,2321 10860,2432 10906,2545 10969,2653 11028,2785 11103,2924 11146,3024 11155,3054 11170,3130 11162,3236
	RW1 10158,8455 10152,8457 10149,8433 10146,8412
	RW1 10152,8457 10153,8462 10161,8486 10164,8499 10163,8508
	RW1 10161,8486 10138,8494 10121,8467
	RW1 10265,10706 10264,10728 10183,10815 10239,10870 10252,10881 10294,10842 10281,10823
	RW1 10309,10794 10281,10823 10239,10870
	RW1 10457,11011 10580,11103 10610,11127
	RW1 10052,16677 9945,16592
	RW1 10132,23440 10127,23410 10125,23389 10119,23361 10104,23293 10094,23254 10081,23210 10064,23160 10055,23137 10041,23108 10020,23070 9986,23001 9956,22936 9931,22874 9916,22832 9907,22800 9902,22763 9901,22730 9897,22717 9895,22702 9894,22682 9891,22580 9887,22557 9891,22532 9903,22493 9913,22449 9920,22423 9931,22396 9953,22370
	RW1 9771,23475 9813,23482 9862,23487 9904,23491 9945,23483 9983,23473 10014,23466 10036,23455 10056,23445 10078,23444 10092,23447 10100,23458
	RW1 10125,23389 10132,23383 10138,23378
	RW1 10142,23569 10150,23563 10157,23562
	RW1 11049,6638 11097,6641
	RW1 10859,11073 10923,11147 11039,11082 11052,11028
	RW1 11086,11472 11155,11618 11225,11770
	RW1 13187,9496 13232,9492 13263,9505 13393,9560 13547,9565
	RW1 13970,773 14009,463
	RW1 13815,6425 13811,6438 13791,6501 13781,6536
	RW1 13791,6501 13769,6495 13737,6485 13704,6473 13687,6469
	RW1 13673,6465 13678,6438 13686,6416 13691,6395 13701,6394 13710,6394 13726,6399 13746,6404 13757,6409 13762,6418 13764,6424 13775,6428 13789,6432 13811,6438
	RW1 14232,8652 14233,8622 14227,8596 14213,8551 14189,8511 14149,8458 14108,8419 14069,8385 14042,8364 14035,8334 14034,8280
	RW1 14042,8364 14021,8348 14006,8323 14001,8298
	RW1 14050,8266 14210,8280
	RW1 13547,9565 13617,9574
	RW1 14573,1739 14869,1713 14925,1708 15088,1694
	RW1 14171,6065 14194,5947
Kastrup Strandpark	RW1 14699,6796 14673,6812 14621,6909 14613,6923
	RW1 15088,1694 15111,1692
	RW1 15111,1692 15263,1681
	RW1 15321,2023 15358,2191 15369,2250 15364,2356 15348,2722
