#: #: -*- coding: utf-8 -*-
#:encoding: utf-8
#:date: 20080810220007
#:
# Converted from openstreetmap data using ./miscsrc/osm2bbd
# DO NOT EDIT THIS FILE! Edit the original openstreetmap data!
#
	R -5548,3373 -5687,3222 -5855,3066 -6133,2804 -6346,2606 -6429,2523 -6591,2384 -6727,2219 -6906,1989 -7050,1814 -7090,1755 -7214,1590 -7430,1310 -7496,1238 -7569,1181 -7659,1137 -7757,1090 -7917,1055 -8089,1026 -8297,980 -8471,944 -8601,893 -8722,813 -8833,717 -8930,605 -9036,470 -9108,381 -9196,305 -9428,122 -9561,26 -9663,-44 -9764,-124 -9891,-240 -9970,-332 -10075,-464 -10136,-566 -10213,-714 -10296,-900 -10375,-1031 -10470,-1153 -10559,-1249 -10649,-1322 -10754,-1392 -10992,-1516 -11110,-1574 -11210,-1624 -11314,-1671 -11497,-1753 -11694,-1850 -11860,-1941 -11996,-2012 -12149,-2099 -12296,-2186 -12392,-2259 -12503,-2386 -12659,-2579 -12811,-2799
	R -9183,8004 -9622,7926 -9950,7864 -10454,7750 -10763,7685 -11052,7638 -11267,7604 -11504,7551
	R -10534,19057 -10706,19074 -10955,19095 -11099,19108 -11269,19122 -11363,19125 -11468,19127 -11548,19116 -11630,19104 -11725,19085 -11828,19055 -11944,19022 -12040,18995 -12138,18964 -12233,18936 -12339,18913 -12456,18883 -12606,18857 -12786,18826 -12878,18819
	R -3739,16142 -3821,16152 -4116,16192 -4261,16212 -4448,16239 -4627,16259 -4769,16281 -4841,16298 -4912,16318 -5006,16354 -5133,16408 -5281,16486 -5312,16506 -5400,16559 -5527,16637 -5630,16705 -5890,16889 -6168,17074 -6433,17246 -6819,17497 -7142,17716 -7279,17803 -7398,17882 -7600,18021 -7825,18192 -8058,18364 -8200,18475 -8283,18540 -8364,18600 -8411,18636 -8467,18681 -8511,18715 -8561,18747 -8606,18776 -8654,18801 -8715,18830 -8777,18853 -8856,18878 -8951,18902 -9076,18925 -9227,18938 -9445,18960 -9730,18982 -9958,19003 -10171,19024 -10415,19046 -10476,19052
	R -10476,19052 -10534,19057
	R -5651,8692 -9031,8035 -9183,8004
	R -5447,3534 -5548,3373
	R -2655,9291 -5287,8763 -5651,8692
	R -1123,4657 -1460,4680 -1614,4713 -1780,4762 -1943,4811 -2099,4860 -2275,4899 -2470,4932 -2611,4939 -2752,4933 -2929,4920 -3124,4904 -3259,4888 -3489,4873 -3588,4860 -3752,4847 -3960,4817 -4150,4782 -4353,4723 -4504,4652 -4639,4568 -4767,4482 -4889,4372 -4999,4234
	R -5381,3639 -5447,3534
	R -4999,4234 -5048,4166
	R -5048,4166 -5207,3909 -5261,3830 -5323,3728 -5381,3639
	R -4917,22634 -4963,22658 -5064,22709 -5235,22808 -5378,22913 -5471,23013 -5529,23122 -5562,23251 -5563,23363 -5529,23496 -5474,23600 -5366,23710 -5232,23793 -5060,23879 -4906,23957 -4802,24016 -4693,24109 -4621,24196 -4556,24309 -4446,24543 -4337,24832 -4294,24977 -4286,25061 -4296,25154 -4319,25232 -4370,25336 -4384,25355 -4461,25468 -4631,25731 -4710,25853
	R -4537,22439 -4573,22458 -4676,22511 -4825,22586 -4854,22603
	R -4854,22603 -4917,22634
	R -3503,16108 -3659,16130 -3739,16142
	R -1875,20382 -2020,20490 -2313,20711 -2620,20949 -3003,21224 -3348,21491 -3638,21731 -3738,21840 -3870,21987 -3961,22087 -4016,22139
	R -4053,22171 -4172,22255 -4486,22414
	R -4016,22139 -4053,22171
	R -4486,22414 -4537,22439
	R -3488,4861 -3258,4878 -3161,4885 -3022,4900 -2928,4912 -2817,4923 -2743,4928 -2632,4932 -2516,4928 -2445,4919 -2340,4903 -2240,4884 -2131,4856 -2023,4826 -1871,4781 -1765,4746 -1659,4714 -1533,4686 -1409,4669 -941,4641 -798,4627 -683,4612 -594,4604 -417,4596 -256,4604 -134,4619 -33,4640 84,4673 235,4732 403,4812 884,5039 1139,5154 1188,5169 1226,5182 1397,5238 1503,5267 1615,5295 1747,5324 1878,5345 2099,5365 2427,5395 2531,5411 2650,5439 2813,5495 2963,5559 3091,5612 3166,5646 3483,5788 3557,5828 3603,5860 3656,5899 3721,5959 3786,6046 3837,6145 3892,6268 3950,6369 4047,6514 4297,6860 4394,6996 4467,7102 4499,7161 4576,7306 4621,7381 4699,7508 4814,7703 4915,7870 5015,8025
	R -2478,15974 -2717,16001 -2973,16035 -3162,16061 -3324,16082 -3503,16108
	R -843,9567 -1201,9552 -1449,9529 -2655,9291
	R -2344,15956 -2478,15974
	R -798,15835 -903,15837 -1144,15844 -1452,15856 -1618,15860 -1648,15862 -1762,15869 -1912,15886 -2153,15922 -2344,15956
	R -587,20678 -643,20657 -719,20619 -915,20481 -1057,20384 -1163,20308 -1250,20262 -1340,20233 -1426,20221 -1536,20223 -1633,20243 -1741,20285 -1875,20382
	R 1149,5169 972,5087 799,5003 436,4834 298,4771 201,4725 102,4688 -15,4653 -139,4626 -332,4603 -600,4611 -819,4636 -940,4649 -1123,4657
	R 1147,9553 241,9558 -843,9567
	R 24,15668 -49,15702 -129,15736 -201,15756 -289,15783 -372,15800 -448,15811 -472,15814 -651,15832 -760,15834
	R -760,15834 -798,15835
	R 806,20345 741,20360 667,20382 595,20415 523,20455 370,20557 189,20673 79,20727 -9,20757 -98,20774 -188,20777 -272,20769 -437,20723 -489,20708
	R -489,20708 -501,20705 -587,20678
	R -4377,30773 -3929,30323 -3618,30033 -3348,29883 -2832,29659 -1592,29143 -1378,29058 -1255,29009 -1079,28940 -960,28891 -851,28834 -777,28782 -687,28707 -542,28560 -364,28385 -45,28064 175,27875 229,27825
	R 932,15234 832,15278 736,15321 603,15389 462,15460 287,15542 174,15595 24,15668
	R 2204,5382 2067,5370 1925,5358 1799,5339 1674,5314 1500,5272 1388,5245 1222,5197
	R 1222,5197 1149,5169
	R 1224,9552 1147,9553
	R 2013,13557 2005,13596 1981,13693 1935,13876 1893,14017 1843,14178 1797,14303 1745,14423 1666,14553 1631,14609 1583,14667 1524,14746 1466,14812 1401,14884 1336,14946 1269,15006 1208,15053 1142,15101 1077,15144 982,15205
	R 982,15205 932,15234
	R 2203,19788 2145,19845 2061,19931 1975,20016 1865,20105 1783,20156 1720,20187 1639,20216 1515,20246 1290,20274 1034,20313 946,20324 864,20336
	R 864,20336 806,20345
	R 229,27825 413,27667 505,27569 612,27433 688,27313 803,27095 1044,26631 1090,26546 1181,26386 1240,26332 1311,26279 1382,26242 1458,26212 1533,26184 1593,26150 1644,26114 1696,26059 1728,26007 1761,25941 1785,25890 1795,25827 1798,25759 1792,25694 1767,25571 1746,25516 1739,25457 1710,25272 1721,25117 1764,24962 1805,24873 1864,24759 1878,24724 1943,24585 1978,24511 2011,24420 2084,24196
	R 2472,9563 1224,9552
	R 4064,6559 3979,6439 3931,6366 3895,6294 3885,6269 3842,6174 3811,6111 3767,6034 3711,5961 3641,5895 3566,5843 3494,5801 3389,5757 3161,5656 3022,5595 2889,5538 2784,5493 2691,5459 2596,5431 2482,5410 2361,5395 2204,5382
	R 3799,9545 2945,9549 2580,9564 2472,9563
	R 3336,12181 3160,12216 2965,12272 2914,12288 2832,12328 2762,12366 2670,12422 2593,12480 2545,12519 2507,12549 2459,12593 2408,12641 2348,12711 2290,12787 2236,12877 2195,12954 2149,13067 2097,13229 2061,13364
	R 2061,13364 2013,13557
	R 2275,19713 2203,19788
	R 3667,18765 3648,18769 3602,18777 3490,18793 3308,18826 3177,18850 3092,18872 2957,18931 2857,18987 2784,19041 2729,19087 2674,19140 2609,19221 2527,19360 2462,19481 2402,19566 2275,19713
	R 2084,24196 2119,24079
	R 2119,24079 2307,23453
	R 2945,9549 3064,9538 3191,9533 3337,9498 3492,9448 3637,9383 3775,9296 3943,9190 4117,9086 4147,9067
	R 2307,23453 2331,23379
	R 2331,23379 2448,23013 2514,22890 2594,22759 2665,22681 2736,22614
	R 2736,22614 2773,22583
	R 2773,22583 2901,22487 2975,22441 3075,22376 3186,22290 3257,22216 3315,22152 3364,22075 3421,21976 3500,21828 3584,21663 3656,21535 3741,21426 3800,21364 3907,21281 3956,21247
	R 5280,9530 5066,9528 5040,9528 4916,9530 4613,9534 3799,9545
	R 3777,10019 3786,9950 3794,9829 3796,9687 3796,9584 3799,9545 3795,9512 3795,9467 3797,9421 3808,9372 3827,9339 3847,9303 3876,9260 3929,9219 3985,9175 4126,9088
Ringbanen	R 3731,10439 3761,10154 3777,10019
Ringbanen	R 3726,10496 3731,10439
Ringbanen	R 6761,13921 6725,13783 6704,13652 6691,13582 6645,13401 6594,13301 6543,13241 6479,13188 6412,13149 6334,13125 6224,13102 6080,13078 6027,13067 5958,13047 5852,13005 5764,12959 5668,12889 5577,12821 5506,12752 5369,12632 5214,12508 5035,12413 4981,12386 4859,12341 4607,12257 4478,12215 4421,12189 4371,12159 4308,12105 4218,12020 4090,11913 4040,11876 3951,11795 3884,11725 3828,11658 3798,11608 3760,11513 3718,11394 3679,11238 3668,11134 3670,11055 3715,10611 3726,10496
	R 3998,11977 3940,12011 3757,12065 3556,12112 3336,12181
	R 3709,18757 3667,18765
	R 4291,6867 4223,6781 4134,6656 4075,6574
	R 4075,6574 4064,6559
	R 4308,6888 4291,6867
	R 4998,8019 4759,7655 4677,7526 4612,7406 4512,7200 4475,7126 4357,6958 4308,6888
	R 4157,9069 4323,8966 4629,8785 4820,8665 5001,8553 5044,8525 5143,8444 5189,8391 5300,8298 5337,8274
	R 4916,9530 4845,9542 4783,9560 4723,9588 4673,9619 4626,9662 4582,9710 4543,9768 4512,9834
	R 4498,9874 4483,9913 4475,9942 4468,9987 4469,10029 4473,10086 4483,10125 4498,10166 4534,10250 4548,10296 4559,10337 4563,10375 4570,10422
	R 4512,9834 4498,9874
	R 4126,9088 4157,9069
	R 4117,9086 4147,9067
	R 4147,9067 4604,8788 4816,8651 4970,8538 5165,8374 5283,8270 5342,8217 5489,8051 5522,8002 5665,7773 5824,7523 5849,7490
	R 4566,10490 4526,10692 4470,10917 4437,11054 4418,11142 4409,11186 4391,11262 4345,11366 4253,11561
	R 4169,11744 4128,11821 4094,11886 4037,11944
	R 4037,11944 3998,11977
	R 4253,11561 4232,11603
	R 4232,11603 4169,11744
	R 6523,17154 6497,17207 6462,17290 6413,17380 6354,17468 6292,17536 6205,17621 6089,17718 5855,17853 5716,17921 5638,17959 5564,17999 5309,18134 4966,18312 4697,18450 4549,18527 4484,18561 4410,18597 4301,18638 4180,18667 3989,18700 3755,18747 3709,18757
	R 4007,21216 4176,21117 4349,21016 4563,20897 4642,20860 4826,20750 4967,20675 5125,20587 5316,20493 5396,20451 5488,20403 5573,20347 5853,20176 6041,20056 6243,19924 6391,19831
	R 3956,21247 4007,21216
	R 5024,8065 4998,8019
	R 5015,8025 5044,8071
	R 5044,8071 5075,8108 5121,8162 5149,8185 5182,8208 5227,8227 5280,8244
	R 5327,8256 5271,8249
	R 5271,8249 5177,8214 5107,8165 5024,8065
	R 4613,9534 5062,9512 5156,9512 5562,9515
	R 4570,10422 4566,10490
	R 5849,7490 5925,7405 5999,7344 6093,7287 6191,7244 6303,7205 6396,7190 6496,7182 6558,7185 6619,7191 6725,7211 6932,7260 7018,7275 7110,7280 7198,7270 7287,7247 7384,7207 7467,7141 7545,7063 7599,7005
	R 5824,7523 5849,7490
	R 6070,8179 5898,8149 5830,8141 5738,8140 5668,8157
	R 5622,8176 5452,8245 5360,8257 5327,8256
	R 5668,8157 5622,8176
	R 5335,8251 5385,8250 5433,8244 5480,8229 5593,8182 5658,8158
	R 5280,8244 5335,8251
	R 7040,9446 6856,9484 6658,9497 6181,9512 5562,9515 5280,9530
	R 6185,8205 6070,8179
	R 6876,8649 6855,8610 6807,8541 6746,8474 6696,8439 6185,8205
	R 6391,19831 6414,19817
	R 5853,20176 6041,20056 6243,19924 6391,19831
	R 6921,8832 6921,8729 6932,8590 6987,8311 7133,7802 7510,7123
	R 7213,9432 7176,9408 7131,9369 7069,9304 7021,9211 6990,9100 6964,9001 6923,8876 6876,8649
	R 7466,9501 7213,9432 7124,9436 7079,9442
	R 7079,9442 7040,9446
Ringbanen	R 8558,15520 8492,15524 8404,15503 8303,15459 8234,15404 8148,15321 7998,15151 7878,15019 7766,14891 7691,14826 7354,14626 7175,14510 7057,14417 6996,14348 6944,14280 6915,14231 6855,14130 6794,14019 6761,13921
	R 7331,14963 7270,15023 7234,15096 7206,15197 7184,15263 7111,15401 7048,15534 6947,15731 6894,15849 6855,15942 6811,16072 6786,16160 6750,16302 6688,16548 6596,16902 6579,16970 6547,17074 6537,17107
	R 6537,17107 6523,17154
	R 6414,19817 6526,19746 6882,19514 6951,19468 7016,19429 7243,19282 7343,19211 7423,19140 7501,19051 7574,18956
	R 7956,6534 8092,6363 8171,6278 8234,6217 8361,6109 8499,6010 8658,5920 8809,5843 8924,5801 9063,5759 9166,5732 9270,5710 9363,5694 9451,5688 9546,5679 9634,5672 9762,5668 9875,5667 9994,5669 10140,5678 10277,5693 10473,5730 10666,5771 10831,5798 10920,5809 11198,5830
	R 7726,6836 7836,6691
	R 7836,6691 7956,6534
	R 7510,7123 7539,7085 7599,7005 7621,6976
	R 7621,6976 7726,6836
	R 8290,9713 8214,9656 8053,9603 7625,9540 7466,9501
	R 7878,15019 7782,14958 7715,14934 7618,14908 7542,14897 7459,14903 7385,14933 7331,14963
	R 7635,18862 7764,18679 7827,18577 7880,18493
	R 7574,18956 7635,18862
	R 8290,9713 8580,9948 8619,9991 8667,10066 8687,10134 8692,10238 8688,10307 8684,10350 8667,10400 8651,10430
	R 8467,10926 8461,10985 8482,11065 8499,11120 8573,11229
	R 8518,10739 8467,10926
	R 8573,11229 8618,11280 9043,11793 9350,12138 9627,12364
	R 8576,11256 9038,11802 9163,11947 9344,12146 9619,12371
	R 8651,10430 8595,10530 8563,10586 8518,10686 8496,10733 8466,10825 8451,10899 8446,10982 8468,11062 8487,11123 8560,11236 8576,11256
	R 8148,15321 8245,15449 8314,15539
	R 8314,15539 8370,15609
	R 8370,15609 8397,15642 8479,15745 8549,15843 8605,15937 8688,16068 8709,16112 8750,16254 8763,16356 8741,16510
	R 8176,18197 8179,18130 8199,18060 8230,17989 8268,17910 8303,17841 8365,17749 8398,17696
	R 8398,17696 8429,17638
	R 8429,17638 8487,17536 8519,17469 8536,17415 8557,17316 8564,17271
	R 8209,18206 8270,18165 8332,18121 8384,18064 8437,17987 8470,17910
	R 7922,18427 8037,18248 8142,18084 8229,17951 8303,17841
	R 8517,18715 8506,18692 8488,18656 8458,18583 8442,18529 8427,18433 8417,18325 8415,18188 8430,18074 8470,17910 8503,17770 8532,17608 8564,17419 8580,17313 8590,17264
	R 8199,18329 8183,18266
	R 8183,18266 8176,18197
	R 7922,18427 7983,18364 8020,18333 8079,18291 8150,18245
	R 8150,18245 8209,18206
Kystbanen	R 8465,18582 8450,18530 8435,18433 8426,18325 8424,18189 8439,18075 8482,17914 8517,17772 8546,17610 8577,17419 8595,17312 8605,17261
	R 7880,18493 7922,18427
	R 8508,18718 8494,18697 8470,18663 8435,18628 8395,18590 8350,18553 8299,18500 8255,18445 8222,18386 8199,18329
Ringbanen	R 10103,12818 10116,12829 10210,12928 10268,12995 10308,13048 10360,13140 10398,13262 10407,13324 10405,13435 10381,13671 10345,14014 10333,14097 10311,14208 10304,14239 10286,14304 10244,14459 10179,14674 10146,14757 10099,14829 9994,14974 9848,15116 9667,15229 9489,15330 9390,15386 9317,15423 9241,15462 9131,15496 9051,15508 8993,15511 8920,15515 8558,15520
	R 9317,15423 9224,15492 9133,15574 9061,15675 9023,15738 8952,15932 8918,16026 8842,16231 8775,16407 8741,16510 8701,16654
Kystbanen	R 8725,16651 8760,16510 8791,16411 8858,16236 8937,16025 8972,15931 9040,15743 9075,15686 9146,15584 9237,15504 9331,15438 9493,15353 9679,15245 9865,15129
	R 8692,16701 8622,16959 8602,17060
	R 8701,16654 8692,16701
Kystbanen	R 8715,16697 8725,16651
Kystbanen	R 8648,17045 8715,16697
	R 8573,17215 8602,17060
	R 8600,17208 8603,17175 8601,17106 8602,17060
Kystbanen	R 8617,17203 8648,17045
	R 8564,17271 8573,17215
	R 8590,17264 8600,17208
Kystbanen	R 8605,17261 8617,17203
	R 8551,18791 8517,18736
Kystbanen	R 8759,19097 8627,18917 8586,18847 8558,18790 8532,18731
	R 9380,20064 9119,19658 8933,19374 8749,19103 8619,18923 8578,18849 8551,18791 8526,18733
Kystbanen	R 8524,18713 8514,18689 8495,18654 8465,18582
Kystbanen	R 8532,18731 8524,18713
	R 8526,18733 8517,18715
	R 8517,18736 8508,18718
Kystbanen	R 10044,22034 10061,21967 10079,21832 10076,21743 10062,21684 10030,21605 9939,21451 9837,21277 9832,21259 9823,21230 9797,21144 9713,20694 9701,20656 9519,20256 9289,19906 8985,19425 8759,19097
Kystbanen	R 9823,21230 9797,21144 9713,20694 9701,20656 9519,20256 9289,19906 8985,19425 8759,19097
Kystbanen	R 8772,27035 8817,26796 8858,26628 8900,26434 8958,26226 9079,25894 9135,25762 9249,25489 9282,25415 9333,25327 9402,25227 9486,25130 9576,25009 9623,24910 10070,23808 10096,23726
Kystbanen	R 8072,29473 8101,29348 8680,27814 8741,27200 8767,27063
Kystbanen	R 8767,27063 8772,27035
	R 9619,12371 10045,12764
	R 9627,12364 10069,12742
Kystbanen	R 10129,12796 10148,12815 10232,12906 10290,12977 10328,13029 10380,13135 10417,13256 10426,13322 10426,13435 10403,13668 10382,13922 10353,14107 10330,14209 10305,14308 10282,14390 10166,14751 10118,14837 10012,14989 9865,15129
	R 9485,20230 9380,20064
	R 9540,20330 9522,20290 9485,20230
	R 9813,21231 9789,21149 9765,21022 9725,20792 9704,20701 9540,20330
	R 10473,5730 10666,5785 10831,5818 10920,5832 10991,5842
	R 10045,12764 10103,12818
	R 10069,12742 10129,12796
	R 9935,22230 10024,21997 10050,21899 10061,21825 10056,21726 10040,21667 10004,21586 9945,21488 9888,21397 9828,21284 9821,21260
Kystbanen	R 10096,23726 10127,23549 10115,23355 9924,22861 9889,22725 9879,22563 9908,22398 10044,22034 10061,21967 10079,21832 10076,21743 10062,21684 10030,21605 9939,21451 9837,21277 9832,21259
Kystbanen	R 9832,21259 9823,21230
	R 9821,21260 9813,21231
	R 11198,5830 11784,5861
	R 10991,5842 11787,5871
	R 11784,5861 12181,5887 12571,5910 12998,5943 13175,5959 13357,5971 13546,5979 13649,5974
	R 11787,5871 12182,5897 12573,5920 12997,5953 13177,5971 13361,5982 13548,5990 13657,5984 13714,5981
	R 13649,5974 14198,5970 14438,5942 14607,5943 14695,5956 14845,6008 15037,6142 15180,6231
	R 13714,5981 14195,5998
	R 14195,5998 14422,6036 14712,6092 14837,6117 14934,6147 15057,6191 15180,6231 15295,6254 15452,6273 15646,6275 15781,6258 15856,6241 15970,6216 16118,6173 16330,6077
	R 15057,6191 15202,6223 15278,6235 15419,6240 15644,6220 15915,6170 16065,6128 16191,6088 16272,6053 16323,6022 16413,5935 16489,5860 16542,5806 16557,5781 16573,5748 16580,5711 16588,5673 16591,5639 16592,5577
	R 16592,5577 16632,4513
	R 16330,6077 16495,5978 19758,3873 19938,3764
