#: #: -*- coding: utf-8 -*-
#:encoding: utf-8
#:date: 20080810220007
#:
# Converted from openstreetmap data using ./miscsrc/osm2bbd
# DO NOT EDIT THIS FILE! Edit the original openstreetmap data!
#
Nærumbanen	S 5791,26242 5834,26130 5847,26094 5855,26063 5857,26020 5854,25979 5843,25940 5828,25907 5787,25847 5753,25794 5723,25737 5697,25678 5683,25631 5672,25577 5663,25523 5655,25452 5643,25390 5628,25338 5600,25274 5567,25216 5538,25173 5509,25136 5479,25108 5434,25069 5384,25024 5336,24986 5295,24951 5270,24934 5219,24905 5176,24887 5112,24861 4885,24756 4836,24729 4761,24703 4673,24677 4582,24649 4517,24631 4440,24606 4377,24584 4344,24572 4257,24545 4186,24517 4121,24481 4083,24454 4047,24412 4011,24372 3985,24332 3967,24291 3956,24241 3950,24195 3951,24144 3963,24065 3983,23951 4019,23863 4046,23813 4064,23762 4077,23714 4078,23659 4075,23594 4067,23516 4048,23421 4029,23371 4004,23330 3966,23289 3912,23227 3874,23182 3837,23133 3834,23127 3803,23077 3775,23023 3764,22992 3757,22942 3751,22899 3747,22857 3754,22799 3769,22739 3787,22696 3805,22660 3825,22630 3854,22597 3891,22560 3940,22513 3985,22467 4012,22433 4034,22394 4048,22351 4053,22297 4053,22253 4047,22209 4041,22177 4032,22136 4028,22094 4031,22035 4039,21988 4054,21950 4078,21909 4100,21881 4135,21847 4175,21813 4215,21791 4244,21782 4279,21771 4328,21764 4348,21763 4387,21759 4452,21757 4499,21748 4540,21733 4580,21713 4612,21686 4642,21659
	S 5040,9528
Nærumbanen	S 4672,21627 4721,21573 4763,21528 4837,21443 4894,21388 5080,21242 5179,21171 5255,21103 5283,21061 5305,21018 5314,20970 5313,20929 5306,20880 5286,20808 5277,20765 5267,20717 5270,20643 5289,20593 5317,20549 5340,20524
Nærumbanen	S 4642,21659 4672,21627
Nærumbanen	S 5340,20524 5390,20487
Nærumbanen	S 5390,20487 5494,20423
