#: #: -*- coding: utf-8 -*-
#:encoding: utf-8
#:date: 20080810220007
#:
# Converted from openstreetmap data using ./miscsrc/osm2bbd
# DO NOT EDIT THIS FILE! Edit the original openstreetmap data!
#
Køge Bugt Motorvejen	BAB -10497,1580 -10726,1448 -10957,1312
Køge Bugt Motorvejen	BAB -4584,5212 -4903,5100 -5141,5002 -5338,4911 -5561,4797 -5795,4682 -6034,4568 -6376,4400 -6686,4241 -6968,4092 -7115,4007 -7309,3884 -7468,3770 -7645,3635 -7784,3529 -7876,3449 -8010,3331 -8199,3166 -8474,2935 -8841,2630 -9043,2453 -9340,2245 -9368,2228 -9615,2078 -9876,1928 -10189,1761 -10497,1580 -10768,1390 -11026,1184 -11247,988 -11462,763 -11642,569 -11813,353 -12172,-145 -12374,-369 -12583,-588 -12830,-822 -12908,-903 -13135,-1142 -13309,-1343 -13462,-1550 -13597,-1756 -13727,-1963
Køge Bugt Motorvejen	BAB -13700,-1973 -13583,-1781 -13446,-1583 -13292,-1379 -13118,-1163 -12901,-932 -12807,-853 -12567,-620 -12352,-396 -12164,-168 -11797,330 -11632,538 -11452,742 -11226,962 -11014,1161 -10759,1368 -10488,1554 -10179,1735 -9865,1898 -9603,2049 -9359,2209 -9032,2444 -8831,2607 -8457,2918 -8183,3151 -7995,3315 -7867,3433 -7637,3622 -7469,3747 -7323,3855 -7138,3979 -6984,4071 -6699,4222 -6407,4367 -6078,4531 -5923,4604 -5827,4648 -5598,4766 -5381,4871 -5199,4959 -4926,5073 -4572,5197
Ishøj Stationsvej	BAB -7418,4720 -7494,4723 -7688,4738 -7785,4758 -7884,4788 -7973,4823 -8288,4978 -8887,5279 -9317,5493 -9649,5665 -10176,5948 -10436,6095 -10492,6127
Hveen Boulevard	BAB -10492,6127 -10547,6179 -10581,6236 -10605,6298 -10609,6363 -10604,6515
Ishøj Stationsvej	BAB -10501,6117 -10450,6081 -10425,6070 -10297,5999 -10181,5937 -10061,5870 -9572,5606 -9260,5443 -8968,5300 -8892,5261 -8797,5213 -8465,5047 -8272,4949 -7981,4808 -7888,4771 -7865,4762 -7741,4734 -7599,4713 -7420,4700
Hveen Boulevard	BAB -10531,8415 -10529,8382 -10540,8212 -10548,8042 -10563,7780 -10573,7500 -10579,7377 -10584,7280 -10586,7232 -10594,7008 -10606,6796 -10607,6750 -10612,6656 -10619,6518 -10621,6497 -10624,6429 -10627,6382 -10619,6306 -10605,6257 -10577,6193 -10526,6134 -10501,6117
Hveen Boulevard	BAB -10604,6515 -10589,6799 -10569,7260 -10564,7377 -10530,7916 -10523,8215 -10511,8414
Holbækmotorvejen	BAB -10658,9205 -10640,9207 -10454,9272 -10361,9298 -10156,9337
Holbækmotorvejen	BAB -10163,9375 -10382,9365 -10492,9372 -10595,9387 -10650,9395 -10685,9393 -10729,9380 -10738,9371
Holbækmotorvejen	BAB -17031,8325 -16975,8337 -16858,8354 -16727,8363 -16676,8362 -16551,8356 -16279,8304 -16194,8284 -16090,8257 -15973,8223 -15840,8196 -15686,8176 -15511,8172 -15353,8185 -15153,8222 -14806,8350 -14431,8583 -14217,8727 -14165,8758 -14092,8805 -13790,8986 -13648,9059 -13295,9203 -13004,9284 -12806,9323 -12586,9359 -12347,9376 -11998,9382 -11242,9303 -10864,9291 -10636,9298 -10430,9316 -10156,9337 -9760,9362 -9406,9353 -9155,9320 -8945,9256 -8816,9194 -8685,9108 -8429,8867 -8377,8820
Holbækmotorvejen	BAB -9043,9380 -9238,9418 -9409,9418 -9769,9403 -10163,9375 -10434,9343 -10637,9324 -10864,9319 -11243,9334 -12000,9410 -12349,9406 -12588,9385 -12803,9352 -13007,9307 -13186,9258 -13296,9228 -13641,9088 -13801,9007 -14187,8773 -14442,8614
Køge Bugt Motorvejen	BAB -8841,2630 -9106,2456 -9340,2245
Køge Bugt Motorvejen	BAB -9359,2209 -9169,2317 -9016,2413 -8831,2607
Motorring 4	BAB -9406,9353 -9070,9352 -8930,9369 -8818,9398 -8706,9442 -8591,9501
Motorring 4	BAB -4910,13691 -4925,13624 -5006,13414 -5096,13266 -5171,13161 -5245,13074 -5370,12948 -5536,12801 -5998,12426 -6832,11721 -7191,11370 -7466,11043 -7525,10970 -8036,10183 -8221,9928 -8355,9800 -8547,9633 -8679,9557 -8809,9502 -8931,9459 -9238,9418
Holbækmotorvejen	BAB::Br -8910,9347 -9043,9380
Holbækmotorvejen	BAB -8461,8755 -8445,8745 -8437,8714 -8428,8694 -8416,8680 -8398,8670 -8375,8667 -8356,8669 -8315,8682 -8294,8686 -8272,8684 -8254,8679 -8237,8668 -7985,8445
Holbækmotorvejen	BAB -8318,8738 -8315,8718 -8325,8697 -8358,8674 -8389,8677 -8419,8699 -8435,8745 -8425,8761
Holbækmotorvejen	BAB -8429,8867 -8381,8816
Motorring 4	BAB -8221,9928 -8363,9759 -8524,9578 -8576,9488 -8605,9398 -8614,9311 -8612,9237 -8588,9146 -8534,9036 -8468,8944 -8350,8821
Holbækmotorvejen	BAB -8167,8818 -8194,8967 -8208,8989 -8227,9004 -8272,9020 -8335,9020 -8378,9032 -8419,9051 -8527,9134
Motorring 4	BAB -8251,8824 -8344,8941 -8368,8988
Motorring 4	BAB::Br -8368,8988 -8386,9023 -8402,9058 -8410,9105
Motorring 4	BAB -8410,9105 -8421,9149 -8430,9226 -8431,9327 -8393,9485 -8325,9627 -8126,9972 -8003,10171 -7508,10950 -7289,11216 -7180,11344 -6811,11704 -5986,12399 -5524,12777 -5370,12912 -5223,13052 -5189,13090 -5109,13207 -5058,13285 -4987,13412 -4908,13623 -4894,13668
Holbækmotorvejen	BAB::Br -8381,8816 -8334,8765 -8318,8738
Holbækmotorvejen	BAB::Br -8377,8820 -8305,8751
Motorring 4	BAB::Br -8350,8821 -8289,8756
Holbækmotorvejen	BAB -8271,8819 -8329,8883 -8541,9124
Holbækmotorvejen	BAB::Br -8527,9134 -8680,9235
Holbækmotorvejen	BAB::Br -8541,9124 -8680,9235
Holbækmotorvejen	BAB -8680,9235 -8796,9300 -8910,9347
Motorring 4	BAB::Br -8591,9501 -8524,9536
Motorring 4	BAB -8524,9536 -8475,9575 -8363,9670 -8279,9766 -8126,9972
Motorring 4	BAB -7114,7261 -6997,7001 -6930,6640 -6951,6449 -7012,6249 -7104,6041 -7167,5909 -7215,5751 -7248,5602 -7276,5456 -7316,5170 -7348,4906 -7383,4673 -7419,4453 -7464,4162 -7490,4013 -7528,3894 -7621,3721 -7784,3529
Motorring 4	BAB -7995,3315 -7835,3385 -7718,3444 -7646,3502 -7570,3598
Motorring 4	BAB::Br -7570,3598 -7531,3677 -7504,3783
Holbækmotorvejen	BAB -8080,8588 -8217,8779
Holbækmotorvejen	BAB -8305,8751 -8142,8599 -7985,8445 -7783,8252 -7481,7898 -7266,7540 -7114,7261 -7018,7111 -6860,6949 -6675,6835 -6580,6791 -6452,6751 -6310,6728
Motorring 4	BAB -8289,8756 -8142,8599
Holbækmotorvejen	BAB -1449,6912 -1627,6889 -1741,6879 -1899,6883 -2158,6913 -2276,6920 -2385,6930 -3182,6996 -4030,7020 -4492,6997 -4946,6964 -5148,6936 -5575,6882 -5903,6827 -6066,6807 -6245,6807 -6391,6828 -6523,6870 -6661,6933 -6730,6975 -6823,7045 -7090,7367 -7218,7569 -7470,7935 -7788,8285 -8080,8588 -8231,8772
Holbækmotorvejen	BAB::Br -8231,8772 -8271,8819
Holbækmotorvejen	BAB::Br -8217,8779 -8251,8824
Holbækmotorvejen	BAB -8251,8824 -8320,8927 -8326,8949 -8312,8979 -8289,8991 -8260,8991 -8228,8980 -8212,8966 -8188,8833 -8192,8814
Motorring 4	BAB -7504,3783 -7447,4163 -7405,4438 -7366,4676 -7336,4907 -7297,5162 -7248,5439 -7224,5565 -7182,5709 -7129,5822 -7062,5944 -6887,6270 -6856,6369 -6841,6450 -6821,6653 -6844,6844
Ishøj Stationsvej	BAB -6367,4423 -6386,4436 -6567,4549 -6676,4604 -6792,4654 -6923,4689 -7070,4715 -7327,4720
Ishøj Stationsvej	BAB::Br -7327,4720 -7418,4720
Ishøj Stationsvej	BAB -7328,4697 -7164,4698 -7027,4694 -6920,4676 -6780,4637 -6699,4603 -6610,4557 -6512,4494 -6397,4409
Ishøj Stationsvej	BAB::Br -7420,4700 -7328,4697
	BAB -7062,5944 -6959,6085 -6867,6197 -6710,6327 -6472,6486 -6277,6594 -6075,6678 -5765,6788
	BAB -6934,6269 -6999,6189 -7104,6041
	BAB::Br -6788,6390 -6866,6329 -6934,6269
Motorring 4	BAB -6886,7015 -7090,7367
Motorring 4	BAB -6832,11721 -7056,11554 -7114,11499
Motorring 4	BAB -7289,11216 -7048,11442
Motorring 4	BAB -7048,11442 -6811,11704
Motorring 4	BAB -7114,11499 -7466,11043
	BAB -6034,4568 -6386,4436
Ishøj Stationsvej	BAB -4789,3631 -4803,3640 -4828,3663 -4965,3759 -5031,3795 -5083,3818 -5110,3827 -5208,3860 -5631,3972 -5742,4011 -5757,4018 -5818,4043 -5943,4104 -6075,4197 -6095,4209 -6290,4371 -6321,4392
	BAB -6303,4379 -6156,4467 -6015,4547 -5923,4604
Ishøj Stationsvej	BAB::Br -6321,4392 -6367,4423
Ishøj Stationsvej	BAB -6346,4371 -6153,4232 -5985,4120 -5902,4072 -5764,4006 -5749,4000 -5674,3976 -5401,3897 -5171,3828 -5093,3801 -4968,3741 -4832,3659 -4803,3640
Ishøj Stationsvej	BAB::Br -6397,4409 -6346,4371
	BAB -5903,6827 -6077,6781 -6204,6732 -6334,6672 -6497,6580 -6788,6390
Motorring 4	BAB::Br -6844,6844 -6886,7015
Holbækmotorvejen	BAB::Br -6310,6728 -6178,6719
Holbækmotorvejen	BAB -6178,6719 -6074,6721 -5969,6739 -5765,6788 -5578,6841 -5389,6881 -5144,6918 -4914,6942 -4614,6971 -4262,6988 -4027,6985 -3181,6961 -2849,6934 -2270,6888 -1920,6857 -1777,6855 -1637,6861 -1439,6880
Hillerødmotorvejen	BAB -7279,29334 -7080,29196 -6635,28962 -6093,28688 -5459,28301 -4947,27921 -4778,27777
Hillerødmotorvejen	BAB -4760,27804 -4907,27923 -5046,28034 -5268,28197 -5473,28337 -5702,28484 -6041,28686 -6324,28843 -6621,28990 -6945,29152 -7172,29286 -7261,29356
	BAB -4448,7035 -4946,6964
Holbækmotorvejen	BAB -4914,6942 -4666,6948 -4427,6942
Frederikssundsmotorvejen	BAB -5189,13090 -4982,13316 -4906,13373 -4797,13430 -4693,13452 -4592,13459 -4500,13450 -4367,13416 -2792,12762 -2569,12699 -2465,12704 -2318,12727 -2212,12728 -2026,12700
Motorring 4	BAB -4808,13689 -4918,13742 -4934,13747 -4964,13749 -4988,13746 -5011,13738 -5026,13729 -5038,13720 -5047,13708 -5054,13696 -5059,13675 -5060,13650 -5054,13619 -5029,13550 -5020,13517 -5018,13480 -5027,13411 -5040,13370 -5096,13266
Motorring 4	BAB -5204,14719 -5194,14695 -5178,14684 -5091,14693 -5028,14695 -4988,14668 -4960,14620
Motorring 4	BAB -5083,15954 -5086,15929 -5084,15909 -5077,15877 -5067,15839 -5055,15794 -5051,15742 -5057,15682 -5072,15601 -5083,15480
Motorring 4	BAB -4959,15911 -5014,15774 -5040,15698 -5058,15620 -5083,15483 -5083,15480 -5082,15393 -5069,15235 -5030,15024 -4991,14802 -4960,14620 -4882,14218 -4871,13935 -4898,13762
Køge Bugt Motorvejen	BAB -975,5720 -1142,5708 -1298,5687 -1514,5669 -1758,5639 -2060,5611 -2417,5571 -2793,5534 -3235,5492 -3566,5453 -3786,5420 -4065,5366 -4337,5290
Køge Bugt Motorvejen	BAB::Br -4572,5197 -4322,5280
Køge Bugt Motorvejen	BAB -4322,5280 -4106,5338 -4029,5353 -3776,5399 -3569,5436 -3245,5471 -2385,5558 -2419,5555 -2061,5590 -1756,5624 -1507,5656 -1306,5672 -1158,5686 -970,5706 -778,5713 -620,5692 -585,5682
Køge Bugt Motorvejen	BAB::Br -4337,5290 -4584,5212
Holbækmotorvejen	BAB -4427,6942 -4405,6943 -4284,6962 -4027,6985
	BAB -4030,7020 -4420,7035 -4448,7035
Frederikssundsmotorvejen	BAB -2016,12714 -2209,12743 -2324,12741 -2470,12723 -2568,12730 -2785,12789 -4330,13442 -4511,13528 -4808,13689
Frederikssundsmotorvejen	BAB -4367,13416 -4949,13718 -4989,13724 -5019,13714 -5034,13693 -5036,13669 -5026,13644 -5014,13633 -4998,13624 -4981,13625 -4964,13628 -4949,13634 -4936,13644 -4927,13658 -4910,13691
Motorring 4	BAB -4330,13442 -4464,13517 -4541,13567 -4663,13688 -4749,13834 -4812,14004 -4841,14110 -4864,14227
Motorring 4	BAB::Br -4898,13762 -4910,13691
Motorring 4	BAB -4880,13757 -4851,13940 -4864,14227 -4933,14621 -4970,14808 -5011,15031 -5052,15241 -5064,15392 -5063,15486 -5047,15606 -5027,15699 -5003,15770 -4943,15904
Motorring 4	BAB::Br -4894,13668 -4880,13757
Motorring 4	BAB -4970,14808 -4963,14856 -4936,14878 -4903,14882 -4879,14875 -4853,14845 -4842,14805 -4843,14785
Motorring 4	BAB -5047,15606 -5018,15693 -4993,15743 -4958,15791 -4901,15838 -4847,15870 -4829,15888 -4819,15921
Motorring 4	BAB -4959,15911 -4976,15889 -4995,15871 -5014,15866 -5042,15868 -5059,15880 -5071,15903 -5072,15927 -5069,15951
Motorring 4	BAB -4560,16719 -4611,16630 -4625,16603 -4774,16302
Motorring 4	BAB::Br -4939,15951 -4959,15911
Motorring 4	BAB::Br -4943,15904 -4919,15951
Motorring 4	BAB -4919,15951 -4777,16253
Motorring 4	BAB -4943,15904 -4955,15867 -4956,15857 -4951,15847 -4942,15839 -4926,15835 -4909,15841 -4848,15875 -4836,15889 -4829,15922
Motorring 4	BAB::Br -4774,16302 -4796,16254
Motorring 4	BAB -4796,16254 -4939,15951
Motorring 4	BAB::Br -4777,16253 -4752,16304
Motorring 4	BAB -4752,16304 -4602,16600 -4584,16636 -4560,16719
Hillerødmotorvejen	BAB -4724,27733 -4649,27668 -4574,27579 -4500,27497 -4434,27412 -4381,27338 -4312,27233 -4254,27121 -4218,27043 -4189,26974 -4160,26902 -4133,26814 -4089,26649 -4064,26467 -4055,26372 -4053,26278 -4063,26139 -4072,26047 -4093,25908 -4121,25771 -4177,25475 -4214,25272
Hillerødmotorvejen	BAB -4188,25267 -4160,25408 -4126,25592 -4072,25865 -4058,25972 -4042,26092 -4034,26193 -4033,26275 -4038,26446 -4062,26622 -4080,26705 -4092,26758 -4129,26879 -4170,26992 -4205,27074 -4259,27184 -4319,27286 -4381,27379 -4420,27431 -4465,27488 -4535,27572 -4617,27662 -4707,27748
Hillerødmotorvejen	BAB::Br -4707,27748 -4760,27804
Hillerødmotorvejen	BAB::Br -4778,27777 -4724,27733
Køge Bugt Motorvejen	BAB -3707,5485 -3726,5474 -3793,5444 -3963,5400 -4065,5366
Køge Bugt Motorvejen	BAB -4029,5353 -3892,5366 -3740,5382 -3694,5381 -3648,5380 -3628,5387 -3610,5404
Hillerødmotorvejen	BAB -2959,22298 -3155,22490 -3305,22673 -3460,22907 -3574,23123 -3656,23256 -3752,23380 -3891,23549 -4018,23719 -4093,23828 -4127,23882 -4176,23992 -4219,24101
Hillerødmotorvejen	BAB -4244,25127 -4266,24996 -4286,24874 -4306,24750 -4318,24620 -4323,24475 -4310,24353 -4279,24206
Hillerødmotorvejen	BAB::Br -4219,24101 -4262,24223
Hillerødmotorvejen	BAB -4262,24223 -4283,24345 -4295,24466 -4297,24572 -4288,24710 -4280,24772 -4255,24899 -4239,24997 -4216,25121
Hillerødmotorvejen	BAB::Br -4279,24206 -4247,24084
Hillerødmotorvejen	BAB -4247,24084 -4161,23894 -3934,23567 -3652,23219 -3468,22902 -3374,22723 -3267,22559 -3140,22402 -2999,22263
Hillerødmotorvejen	BAB::Br -4214,25272 -4244,25127
Hillerødmotorvejen	BAB::Br -4216,25121 -4188,25267
	BAB -4091,26239 -4084,26098 -4086,26010 -4097,25931 -4121,25771
	BAB -4126,25592 -4066,25848 -4037,25975 -3988,26245
	BAB -4072,25865 -4050,25971 -4026,26091 -4019,26188 -4014,26319 -4008,26332 -4002,26340 -3986,26347 -3968,26353 -3949,26351 -3918,26330 -3913,26293 -3927,26272 -3957,26257 -3988,26245
	BAB -4092,26758 -4115,26875 -4150,26984 -4241,27230 -4262,27276 -4302,27334 -4343,27378 -4399,27431 -4468,27508 -4507,27553 -4617,27662
	BAB -4574,27579 -4456,27420 -4394,27313 -4340,27207 -4228,27029 -4193,26959 -4133,26814
Køge Bugt Motorvejen	BAB -3095,5436 -3082,5430 -3041,5418 -2977,5427 -2714,5515 -2385,5558
Køge Bugt Motorvejen	BAB -2417,5571 -2618,5565 -2732,5561 -2831,5568 -2901,5583 -2943,5594
	BAB -3374,22723 -3253,22524 -3079,22294 -3001,22196 -2953,22138
Holbækmotorvejen	BAB -2413,6770 -2441,6773 -2490,6774 -2521,6788 -2541,6814 -2541,6840 -2536,6862 -2511,6879 -2468,6889 -2270,6888
	BAB -2158,6913 -2233,6930 -2266,6953 -2295,6974 -2308,7001 -2336,7074 -2345,7095 -2366,7115 -2401,7132 -2438,7136 -2456,7133
	BAB -2456,7125 -2439,7122 -2403,7118 -2378,7107 -2354,7087 -2337,7053 -2317,6993 -2321,6966 -2338,6942 -2385,6930
Holbækmotorvejen	BAB -2849,6934 -2730,6916 -2679,6902 -2639,6881 -2594,6844 -2537,6785 -2511,6768 -2484,6765 -2441,6773
	BAB -2486,21960 -2540,21998 -2608,22059 -2671,22127 -2728,22202
Hillerødmotorvejen	BAB -920,21035 -1064,21156 -1179,21257 -1296,21361 -1347,21399 -1501,21490 -1770,21623 -1998,21719 -2188,21803 -2410,21914 -2486,21960 -2529,21987 -2728,22119
Hillerødmotorvejen	BAB::Br -2999,22263 -2914,22187 -2737,22056
Hillerødmotorvejen	BAB -2737,22056 -2541,21935 -1939,21672 -1506,21476 -1319,21357 -924,21019
Hillerødmotorvejen	BAB::Br -2728,22119 -2872,22226 -2959,22298
	BAB -2953,22138 -2930,22115 -2915,22097 -2883,22075 -2840,22048 -2755,22016 -2541,21935
	BAB -2728,22202 -2807,22280 -2894,22321 -2973,22357 -3045,22402 -3155,22490
	BAB -697,6402 -628,6139 -606,6062 -593,5999 -587,5944 -593,5903 -610,5860 -638,5821 -695,5780 -758,5755 -816,5744 -975,5720
Amagermotorvejen	BAB 4380,4048 3853,4097 3503,4130 3305,4150 3183,4162 2903,4186 2742,4203 2577,4212 2318,4203 2058,4158 1989,4145 1851,4112 1696,4079 1568,4059 1473,4051 1397,4050 1310,4054 1185,4075 1130,4089 943,4151 804,4230 688,4320 583,4429 512,4522 413,4683 394,4719 322,4854 207,5065 100,5243 40,5318 -96,5455 -192,5532 -305,5602 -451,5664 -611,5709 -770,5726 -975,5720
Motorring 3-Holbækmotorvejen	BAB -910,7222 -913,7181 -896,7094
Motorring 3-Holbækmotorvejen	BAB -861,7114 -858,7178 -840,7199 -816,7212 -795,7209 -777,7198 -765,7185 -764,7161 -767,7144 -787,7126 -912,7074
Motorring 3	BAB -861,7114 -903,7322 -925,7491 -945,7716 -949,7911 -973,9028 -986,9282 -1016,9541 -1062,9938 -1073,10081 -1072,10233 -1054,10393 -1016,10539 -961,10694 -815,11043 -704,11342 -607,11684 -507,12077 -447,12214 -402,12316 -327,12433 -252,12531
	BAB -1307,6903 -1194,6894 -1103,6874 -972,6821 -905,6786 -852,6747 -809,6697 -774,6632 -716,6465
Motorring 3-Holbækmotorvejen	BAB -728,7173 -749,7200 -786,7236 -844,7290 -876,7339 -893,7376 -914,7492 -945,7716
Motorring 3-Holbækmotorvejen	BAB -972,6821 -867,6826 -776,6867 -727,6925 -706,6971 -696,7033 -696,7083
Motorring 3	BAB::Br -830,6870 -812,6814
Motorring 3	BAB -863,7008 -830,6870
Motorring 3	BAB -806,6873 -843,7022
Motorring 3	BAB::Br -843,7022 -861,7114
Motorring 3	BAB -278,12529 -308,12490 -363,12413 -442,12271 -523,12078 -626,11690 -722,11352 -831,11043 -977,10698 -1036,10533 -1072,10392 -1089,10231 -1089,10061 -1079,9933 -1034,9535 -1005,9278 -989,9030 -976,7926 -967,7713 -948,7487 -924,7312 -910,7222 -883,7097
Holbækmotorvejen	BAB 402,7541 -151,7372 -460,7243 -613,7180 -763,7127 -912,7074 -1168,6981 -1313,6937
Holbækmotorvejen	BAB::Br -1313,6937 -1449,6912
Holbækmotorvejen	BAB::Br -1439,6880 -1307,6903
Holbækmotorvejen	BAB -1307,6903 -1157,6945 -906,7035 -743,7096 -606,7154 -143,7331 413,7522
Motorring 3-Holbækmotorvejen	BAB::Br -896,7094 -878,7005
Motorring 3-Holbækmotorvejen	BAB -878,7005 -864,6938 -878,6892 -912,6867 -945,6862 -987,6875 -1008,6899 -1013,6934 -997,6968 -967,6992 -743,7096
Motorring 3	BAB::Br -883,7097 -863,7008
	BAB -460,7243 -571,7208 -625,7200 -671,7205 -717,7213 -772,7242 -820,7276 -847,7311 -868,7345 -888,7393 -914,7492
	BAB -948,7487 -950,7423 -952,7327 -956,7252 -987,7165 -1018,7110 -1063,7059 -1126,7014 -1192,6978 -1313,6937
	BAB -1172,9889 -1186,9894 -1190,9906 -1206,9993 -1203,10018 -1192,10037 -1173,10048 -1151,10051 -1130,10045 -1115,10025 -1108,10005 -1101,9965 -1083,9816 -1076,9774 -1063,9706 -1050,9635 -1034,9535
	BAB -1072,10392 -1085,10340 -1102,10233 -1106,10162 -1108,10113 -1102,9999 -1101,9965
	BAB -1102,10233 -1111,10187 -1122,10151 -1138,10119 -1174,10081 -1206,10043 -1214,10025 -1215,9999 -1195,9897 -1196,9890 -1211,9880
	BAB -1083,9816 -1085,9796 -1087,9768 -1095,9750 -1114,9734 -1137,9729 -1160,9733 -1179,9747 -1193,9773 -1201,9797 -1210,9835 -1212,9852 -1205,9862 -1186,9876
	BAB -880,9960 -909,9961 -916,9970 -928,10067 -944,10121 -966,10168 -1000,10210 -1032,10253 -1047,10287 -1051,10316 -1049,10358 -1033,10449 -1016,10539
	BAB -1016,9541 -1017,9619 -1011,9663 -997,9689 -932,9755 -921,9775 -915,9800 -920,9935 -922,9950
	BAB -928,9949 -926,9933 -925,9925 -921,9833 -920,9796 -930,9768 -948,9747 -969,9740 -995,9744 -1017,9758 -1033,9778 -1042,9811 -1073,10081
Amagermotorvejen	BAB -585,5682 -483,5661 -311,5585 -194,5515 -100,5444 -3,5353 83,5235 190,5060 240,4953 307,4836 398,4669 491,4516 565,4417 680,4303 808,4204 937,4130 1122,4072 1216,4050 1304,4039 1393,4033 1472,4031 1642,4054 1830,4094 2060,4138 2322,4183 2579,4195 2743,4185 2900,4171 3182,4143 3498,4112 3851,4080 4380,4030
	BAB -585,5682 -497,5657 -360,5600 -309,5575 -269,5550 -185,5491 -154,5465 -129,5438 -117,5409 -120,5383 -131,5366 -160,5352 -189,5353 -215,5364 -242,5385 -284,5421 -326,5463 -362,5507 -430,5610
Motorring 3	BAB -454,5622 -396,5520 -305,5410 -203,5318 -66,5235 63,5139 174,5037 240,4953
Motorring 3	BAB 40,5318 1,5379 -88,5470 -185,5561 -310,5677 -436,5814 -560,6028 -611,6166
Motorring 3	BAB -812,6814 -716,6465 -697,6402
Motorring 3	BAB -471,5695 -503,5774 -526,5850 -570,6004 -611,6166 -678,6407 -733,6626 -794,6827
Motorring 3	BAB::Br -430,5610 -471,5695
Motorring 3	BAB -697,6402 -623,6149 -586,6022 -541,5831 -488,5693
Motorring 3	BAB::Br -488,5693 -454,5622
Motorring 3-Holbækmotorvejen	BAB::Br -696,7083 -728,7173
Motorring 3	BAB::Br -794,6827 -806,6873
	BAB -447,12214 -399,12293 -368,12335 -336,12358 -304,12372 -225,12393 -194,12403 -166,12425 -154,12449 -146,12498 -144,12533 -144,12544
	BAB -631,12558 -631,12547 -629,12471 -624,12417 -613,12378 -593,12341 -516,12252 -502,12225 -497,12206 -497,12182 -523,12078
	BAB -363,12413 -418,12343 -440,12318 -468,12305 -509,12301 -544,12311 -581,12339 -598,12366 -615,12412 -620,12472 -622,12545 -622,12558
	BAB -158,12533 -160,12474 -166,12443 -183,12419 -201,12410 -229,12407 -258,12422 -279,12459 -271,12492 -247,12530
Motorring 3	BAB::Br -248,12567 -278,12529
	BAB -33,12800 -71,12771 -107,12755 -168,12747 -414,12733
	BAB -831,20903 -811,20859 -779,20832 -740,20806 -708,20789 -652,20760 -570,20706
Hillerødmotorvejen	BAB::Br -924,21019 -767,20885 -570,20706 -491,20639
	BAB -578,20733 -619,20779 -705,20885 -737,20924 -781,20999 -846,21131 -887,21180
Hillerødmotorvejen	BAB::Br -481,20654 -578,20733 -681,20826 -766,20900 -920,21035
Hillerødmotorvejen	BAB::Br -491,20639 -371,20530 -303,20473
Hillerødmotorvejen	BAB::Br -297,20487 -372,20553 -481,20654
Amagermotorvejen	BAB 565,4417 683,4287 708,4252 720,4219 711,4179 686,4151 517,4074
Amagermotorvejen	BAB 502,4069 517,4074 699,4142 755,4151 827,4147 878,4137 1012,4092 1150,4053 1217,4049
Amagermotorvejen	BAB 779,4341 747,4393 717,4425 671,4452 572,4501 526,4538 475,4598 411,4701 394,4719
Holbækmotorvejen	BAB::Br 522,7573 402,7541
Holbækmotorvejen	BAB::Br 413,7522 529,7550
Holbækmotorvejen	BAB 3336,8261 3179,8259 3073,8251 2678,8183 2411,8130 1855,7946 1760,7913 1433,7804 1116,7716 1086,7707 522,7573
Motorring 3	BAB::Br -252,12531 -231,12559
Motorring 3	BAB::Br -247,12530 -220,12560
Motorring 3	BAB -231,12559 -105,12699 53,12860 246,13081 368,13253 492,13455 578,13645
Motorring 3	BAB -220,12560 39,12838
Motorring 3	BAB -40,12546 -45,12563 -47,12635 -46,12698 -40,12725 -18,12763 22,12810 39,12838 53,12860
Motorring 3	BAB 565,13654 480,13468 359,13266 235,13097 5,12838 -33,12800 -63,12771 -212,12610 -248,12567
	BAB 295,19619 282,19661 258,19726 235,19792 223,19825 213,19860
Hillerødmotorvejen	BAB -303,20473 -193,20377 -116,20306 -68,20248 -19,20185 31,20113 87,20024 132,19940 170,19868 290,19604 325,19516 429,19257 534,19038 735,18671
Hillerødmotorvejen	BAB 746,18677 714,18739 658,18844 600,18950 513,19116 459,19226 434,19280 411,19336 366,19446 319,19563 295,19619 247,19734 197,19842 142,19951 81,20065 16,20172 -19,20226 -43,20255 -110,20318 -195,20399 -297,20487
	BAB -371,20530 -233,20365
	BAB -43,20255 -101,20331 -180,20417
	BAB -233,20365 -68,20248
	BAB -180,20417 -372,20553
Amagermotorvejen	BAB 1185,4075 1098,4107 994,4148 907,4193 851,4237 823,4265 796,4308 779,4341
Holbækmotorvejen	BAB 529,7550 1026,7671 1076,7685 1304,7744 1765,7889 1861,7920 2411,8108 2676,8168 3078,8229 3177,8244 3338,8248
	BAB 1026,7671 1466,7765
	BAB 1439,7837 1116,7716
Motorring 3	BAB 1020,15557 976,15320 952,15229 925,15098 806,14764 747,14552 713,14330 619,13834 596,13760
Motorring 3	BAB::Br 596,13760 565,13654
Motorring 3	BAB 612,13754 634,13829 726,14323 761,14537 826,14751 937,15087 997,15325 1006,15397
Motorring 3	BAB::Br 578,13645 612,13754
	BAB 1020,15557 999,15470 987,15431 970,15404 947,15394 924,15391 906,15403 897,15416 893,15437 899,15457 939,15518
	BAB 930,15524 895,15467 885,15447 881,15430 886,15410 896,15397 946,15357 958,15341 965,15318 952,15229
Motorring 3	BAB 1017,17822 994,17721 977,17600 971,17520 967,17130 967,16834 971,16756 988,16594 1047,16214 1060,16022 1057,15847 1032,15626 1019,15552
Motorring 3	BAB::Br 1006,15397 1036,15545
Motorring 3	BAB 1036,15545 1052,15628 1076,15834 1075,15917 1074,16037 1062,16218 1008,16596 990,16758 988,16933 985,17140 990,17471 993,17591 1009,17712 1035,17822
Motorring 3	BAB::Br 1019,15552 1020,15557
	BAB 971,17520 966,17435 965,17377 960,17335 949,17306 933,17287 912,17270 869,17244 822,17215 774,17187 749,17173 741,17160 737,17145 740,17126 744,17101
	BAB 988,16933 995,16989 1006,17055 1016,17081 1027,17098 1055,17125 1094,17149 1130,17171 1141,17196 1145,17220 1134,17243 1121,17257
	BAB 1118,17249 1133,17231 1137,17209 1130,17182 1108,17167 1079,17150 1047,17142 1025,17148 1002,17163 993,17200 993,17206
	BAB 967,17130 957,17017 925,16992 864,16986 815,17009 769,17091
	BAB 967,16834 961,16941 941,16968 910,16982 867,16982 818,16996 799,17023 762,17089
Motorring 3	BAB 925,18325 961,18207 969,18153 963,18093 973,18036 992,17995 1026,17953
Hillerødmotorvejen	BAB 4428,14956 4400,15015 4298,15169 4157,15353 3999,15533 3800,15732 3587,15957 3432,16111 3227,16273 3112,16359 2848,16554 2624,16718 2486,16818 2385,16895 2115,17091 1798,17350 1740,17402 1603,17529 1514,17616 1351,17771 1317,17803 1259,17863 1218,17906 1189,17943 1167,17971 1144,18003 1128,18023 1006,18202 875,18436
	BAB 732,18603 928,18319
Hillerødmotorvejen	BAB::Br 875,18436 746,18677
Hillerødmotorvejen	BAB::Br 735,18671 866,18431
Hillerødmotorvejen	BAB 866,18431 928,18319 925,18325 1013,18153 1096,18022 1109,18009 1124,17987 1169,17929 1232,17850 1311,17774 1440,17655 1396,17696 1827,17292 1978,17174 2108,17079 2278,16949 2378,16880 2520,16768 2611,16702 2710,16633 2848,16534 3008,16416 3161,16300 3272,16220 3331,16173 3386,16130 3423,16098 3636,15883 3748,15764 3883,15626 3951,15553 4153,15332 4232,15229 4307,15126 4379,15020 4428,14956
Hillerødmotorvejen	BAB 987,18245 866,18485 849,18545 840,18596 837,18602
	BAB 1080,18022 1062,18002 1039,17996 1019,17998 1003,18009 992,18027 983,18053 989,18076 997,18086 1009,18089 1018,18090 1029,18086 1049,18065 1057,18057 1096,18022
	BAB 1489,7772 1861,7920
	BAB 1855,7946 1459,7844
	BAB 1042,15575 1074,15680 1083,15698 1098,15716 1111,15726 1135,15731 1158,15728 1175,15722 1191,15707 1209,15677 1241,15601 1312,15419 1322,15383 1330,15361 1351,15354
	BAB 1351,15354 1335,15373 1263,15563 1228,15648 1207,15701 1186,15723 1155,15740 1120,15758 1096,15777 1085,15817 1081,15874 1075,15917
	BAB 1355,15351 1351,15354
	BAB 1396,17696 1584,17493 1827,17292
	BAB 1740,17402 1637,17514 1588,17555 1514,17616
	BAB 1351,17771 1304,17824 1289,17848 1271,17896 1251,18047 1244,18093 1235,18154 1233,18202 1239,18239 1256,18281 1313,18365
	BAB 1138,18129 1117,18099
	BAB 1295,18367 1226,18291 1182,18234 1153,18204 1118,18191 1087,18187 1050,18192 1017,18211 987,18245
Motorring 3	BAB 2040,18961 1867,18865 1615,18693 1426,18520 1330,18411 1295,18367 1250,18305 1192,18221 1138,18129
Motorring 3	BAB::Br 1093,17990 1116,18027 1130,18049
	BAB 1109,18009 1126,17969 1151,17933 1164,17909 1168,17892 1166,17878 1162,17868 1156,17859 1146,17852
Motorring 3	BAB::Br 1035,17822 1064,17915 1093,17990 1108,18029 1120,18050 1146,18115
Motorring 3	BAB 1146,18115 1247,18285 1313,18365 1402,18473 1621,18675 1871,18846 2063,18947
Motorring 3	BAB::Br 1138,18129 1043,17915 1032,17878 1017,17822
	BAB::Br 1146,17852 1124,17841
	BAB 1124,17841 1107,17840 1091,17844 1077,17856 1071,17866 1067,17890
Motorring 3	BAB::Br 1026,17953 1033,17918
Motorring 3	BAB 1033,17918 1032,17878
Motorring 3	BAB 1130,18049 1155,18070 1175,18075 1190,18074 1207,18066 1224,18053 1235,18018 1230,17993 1223,17984 1218,17978 1206,17973 1194,17971 1180,17974 1163,17986 1144,18003
	BAB::Br 1117,18099 1080,18022
	BAB::Br 1067,17890 1082,17944 1093,17990
Amagermotorvejen	BAB 2060,4138 2248,4159 2325,4165 2406,4164 2489,4150 2618,4112 2683,4101 2788,4096 2889,4116 2989,4135 3182,4143
Amagermotorvejen	BAB 3305,4150 3265,4162 3090,4186 3005,4204 2843,4245 2781,4256 2709,4264 2696,4263 2616,4261 2517,4251 2390,4233 2023,4159 1989,4145
Motorring 3	BAB::Br 2063,18947 2196,19008 2244,19023
Motorring 3	BAB::Br 2301,19063 2231,19038
Motorring 3	BAB::Br 2315,19045 2805,19205
Motorring 3	BAB::Br 2802,19236 2301,19063
Motorring 3	BAB::Br 2231,19038 2166,19012 2040,18961
Motorring 3	BAB::Br 2244,19023 2315,19045
	BAB 2624,16718 2498,16835
	BAB 2484,16774 2611,16702
	BAB 2378,16880 2484,16774
	BAB 2498,16835 2385,16895
Motorring 3	BAB 5534,21154 5517,21073 5473,20869 5433,20724 5353,20495 5297,20360 5253,20280 5205,20212 5140,20134 5058,20068 4995,20020 4926,19979 4856,19946 4797,19924 4726,19900 4659,19885 4568,19872 4421,19852 4091,19806 4013,19790 3894,19759 3875,19753 3739,19704 3658,19670 3544,19608 3387,19517 3264,19442 3164,19388 2980,19303 2885,19268
Motorring 3	BAB::Br 2805,19205 2890,19236
Motorring 3	BAB 2890,19236 2991,19278 3169,19371 3270,19429 3388,19494 3552,19593 3659,19653 3756,19693 3906,19751 4065,19788 4133,19800 4617,19855 4682,19867 4707,19873 4744,19883 4813,19907 4880,19932 4957,19972 5019,20009 5086,20061 5162,20134 5232,20220 5280,20292 5321,20370 5370,20489 5449,20719 5476,20785
Motorring 3	BAB::Br 2885,19268 2802,19236
	BAB 2912,22694 2952,22580 2997,22506
	BAB 3388,19494 3474,19537 3600,19597 3684,19634
	BAB 3682,19715 3682,19713 3496,19596 3387,19517
Lyngby Omfartsvej	BAB 3001,23546 3023,23477 3035,23409 3037,23303 3018,23161 2981,22937 2948,22696 2967,22580 2997,22506 3075,22408 3214,22297 3304,22207 3393,22088 3480,21919 3639,21621 3720,21498 3802,21406 3897,21327 3993,21267
Lyngby Omfartsvej	BAB 3996,21284 3899,21345 3812,21415 3730,21509 3650,21634 3488,21936 3398,22101 3314,22222 3226,22315 3078,22425 3028,22488 3007,22514 2975,22586 2963,22694 2993,22936 3028,23160 3049,23302 3046,23411 3037,23482
	BAB 3028,22488 3013,22525 3002,22566 2992,22722
Amagermotorvejen	BAB::Br 4380,4030 4973,3981 5207,3976 5381,3984
Amagermotorvejen	BAB::Br 5378,4000 5209,3993 4970,3999 4380,4048
	BAB 4157,15353 4119,15410 4078,15477 4039,15562 4004,15614 3972,15653
	BAB 3684,19634 3873,19732 3999,19771
	BAB 3875,19753 3845,19747 3696,19716 3682,19715
	BAB 4421,19852 4349,19847 4321,19846 4299,19851 4275,19871 4264,19895 4269,19923 4283,19942 4332,20003
Lyngby Omfartsvej	BAB 4953,20621 4913,20690 4856,20761 4814,20802 4743,20849 4481,20992 4237,21127 4040,21255
Lyngby Omfartsvej	BAB 4029,21241 4235,21116 4476,20977 4744,20831 4805,20792 4845,20751 4907,20677 4940,20619
Lyngby Omfartsvej	BAB::Br 4040,21255 3996,21284
Lyngby Omfartsvej	BAB::Br 3993,21267 4029,21241
	BAB 4707,19873 4740,19874 4763,19873 4777,19870 4790,19864 4812,19848 4835,19829
	BAB 4842,19840 4832,19851 4825,19866 4822,19880 4827,19897 4846,19912 4880,19932
Lyngby Omfartsvej	BAB 5096,20213 5056,20361 5000,20534 4963,20604
Lyngby Omfartsvej	BAB::Br 4963,20604 4953,20621
Lyngby Omfartsvej	BAB::Br 4940,20619 4951,20599
Lyngby Omfartsvej	BAB 4951,20599 4987,20527 5031,20351 5079,20201
	BAB 4958,28879 4881,28962 4835,28988 4782,29006 4747,29023 4716,29054 4693,29090 4681,29147 4694,29183
Amagermotorvejen	BAB 5381,3984 5561,4018 5709,4072 5859,4145 5985,4236 6099,4351 6199,4474 6305,4683 6391,4892 6453,5016 6564,5212
Amagermotorvejen	BAB 6626,5361 6536,5224 6438,5029 6371,4894 6285,4688 6181,4485 6084,4362 5967,4246 5847,4161 5700,4088 5555,4037 5378,4000
Helsingørmotorvejen	BAB 5534,21154 5532,21099 5531,21025 5532,20947 5532,20785 5525,20660 5511,20409 5509,20358 5502,20244 5500,20225 5495,20162 5475,20089 5332,19916 5300,19822 5329,19751 5372,19685 5476,19595 5549,19485 5577,19443 5709,19245 5844,19067 5979,18903 6116,18726 6242,18539 6375,18337 6480,18164 6605,17980 6718,17808 6756,17755 6864,17603 7004,17399 7098,17257
Lyngby Omfartsvej	BAB 5515,19566 5468,19638 5403,19736 5371,19786 5329,19844
	BAB 5293,20206 5304,20201 5313,20189 5319,20168 5345,20034 5347,20014 5344,19993 5337,19978 5327,19968 5313,19961 5292,19958
	BAB 5086,20061 5190,20151 5226,20185 5248,20201 5260,20207 5269,20208
	BAB 5292,19958 5260,19966
	BAB 5260,19966 5219,20011
	BAB 5058,20068 5095,20142
Lyngby Omfartsvej	BAB::Br 5172,20074 5096,20213
Lyngby Omfartsvej	BAB::Br 5079,20201 5162,20056
Lyngby Omfartsvej	BAB 5162,20056 5203,19999 5235,19950 5273,19898
Helsingørmotorvejen	BAB::Br 5480,19698 5480,19745
Helsingørmotorvejen	BAB 5480,19745 5485,19833 5485,19898 5497,20082 5513,20163 5516,20194 5517,20212 5523,20414 5525,20478 5539,20671 5547,20756 5560,20830 5578,20892 5595,20961 5604,21010 5609,21054 5611,21102 5613,21161 5607,21232 5602,21276 5599,21318 5595,21408 5589,21439
Lyngby Omfartsvej	BAB::Br 5273,19898 5319,19826
Lyngby Omfartsvej	BAB 5319,19826 5363,19763 5394,19717 5476,19595
Lyngby Omfartsvej	BAB::Br 5329,19844 5280,19926
Lyngby Omfartsvej	BAB 5280,19926 5257,19959 5219,20011 5172,20074
Helsingørmotorvejen	BAB 7117,17267 7011,17406 6873,17608 6768,17761 6730,17817 6618,17986 6493,18172 6383,18347 6252,18548 6125,18736 5988,18913 5859,19075 5722,19251 5589,19452 5561,19494 5515,19566 5492,19641 5480,19698
	BAB 5269,20208 5293,20206
	BAB 5416,20755 5410,20728 5396,20679 5353,20495
	BAB 5370,20489 5466,20713 5475,20735
Motorring 3; Helsingørmotorvejen	BAB 5544,20945 5563,21005 5575,21069 5582,21158 5582,21311 5589,21439 5592,21478 5616,21780 5632,21924 5657,22056 5693,22227
Motorring 3	BAB::Br 5476,20785 5521,20881 5544,20945
Helsingørmotorvejen	BAB 5673,22227 5639,22047 5617,21931 5599,21782 5570,21411 5534,21154
	BAB 5525,20478 5554,20691
	BAB 5554,20691 5578,20812 5599,20924 5609,21054
	BAB 5509,20720 5511,20409
	BAB 5534,21154 5416,20755
	BAB 5585,21890 5570,21411
	BAB 5592,21478 5609,21632 5612,21657 5629,21835 5629,21846 5639,21913 5645,21947 5661,22007 5673,22039 5699,22063 5726,22072 5749,22069 5766,22059 5776,22038 5775,22019 5767,21983 5751,21899
	BAB 5673,22227 5633,22089 5592,21973 5586,21913 5585,21890
	BAB 5346,28306 5522,28053
	BAB 5110,28677 5346,28306
	BAB 5409,28340 5349,28415 5208,28567
	BAB 5601,27768 5599,27826 5584,27923 5557,28024 5532,28091 5487,28205 5464,28256 5409,28340
Motorring 3; Helsingørmotorvejen	BAB 6106,25565 5967,25965 5737,26620 5681,26825 5662,26967 5601,27768 5584,27887 5568,27960 5532,28072 5501,28143 5416,28284 5208,28567 4971,28905 4836,29083 4481,29555
Helsingørmotorvejen	BAB 4466,29523 4958,28879 5110,28677 5453,28199 5522,28053 5556,27945 5570,27890 5583,27769 5643,26960 5663,26811 5697,26680 5723,26579 5916,26039 6089,25555
Øresundsmotorvejen	BAB 16354,6100 16243,6163 16138,6218 16001,6267 15807,6309 15608,6337 15455,6330 15313,6314 15091,6269 14940,6227 14778,6183 14404,6081 14016,5999 13661,5958 12854,5914 11849,5850 11188,5823 10894,5789 10654,5743 10320,5680 10027,5635 9727,5623 9353,5646 8854,5683 8475,5709 8125,5735 7929,5745 7846,5752 7763,5761 7677,5768 7521,5766 7399,5762 7303,5748 7212,5730 7060,5681 6904,5603 6754,5498 6626,5361
Øresundsmotorvejen	BAB 6564,5212 6644,5348 6769,5479 6916,5590 7054,5667 7247,5723 7486,5753 7705,5746 7918,5728
Amagermotorvejen	BAB 7700,6486 7677,6462 7624,6416 7465,6265 7315,6124 7132,5957 6949,5777 6800,5607 6626,5361
Amagermotorvejen	BAB 6564,5212 6658,5316 6820,5433 6865,5481 6896,5543
	BAB 5764,21899 5767,21912 5776,21961 5787,22017 5788,22040 5781,22060 5762,22078 5730,22094 5704,22121 5695,22157 5693,22227
Motorring 3; Helsingørmotorvejen	BAB 5693,22227 5873,23084 5920,23316 5998,23677 6036,23856 6085,24094 6121,24271 6187,24574 6197,24699 6195,24821 6167,25224 6149,25391 6106,25565
Helsingørmotorvejen	BAB 6089,25555 6126,25389 6145,25217 6171,24820 6176,24698 6165,24576 6126,24387 6058,24053 6019,23847 5673,22227
	BAB 6219,24208 6208,24208 6182,24206 6153,24211 6141,24223 6127,24238 6121,24271
	BAB 6085,24094 6110,24144 6122,24162 6147,24179 6183,24190 6229,24197
	BAB 6126,24387 6099,24298 6083,24257 6054,24202 6039,24187 6016,24173 5991,24168 5976,24166 5937,24161
	BAB 5937,24161 5959,24154 6008,24153 6026,24150 6045,24137 6056,24112 6059,24086 6058,24053
	BAB 5967,25965 5955,26032 5908,26168 5859,26305 5836,26378 5800,26483 5796,26521 5807,26537 5820,26545 5838,26553
	BAB 5838,26553 5816,26556 5799,26558 5782,26566 5763,26584 5737,26620
	BAB 5697,26680 5718,26564 5717,26543 5706,26520 5670,26494 5632,26469 5620,26446 5629,26416 5633,26403 5669,26327
	BAB 5629,26416 5632,26447 5650,26470 5682,26491 5720,26497 5748,26482 5777,26403 5812,26305 5879,26119 5916,26039
Amagermotorvejen	BAB::Br 6896,5543 6958,5669
Amagermotorvejen	BAB 6958,5669 6998,5744 7141,5929 7327,6111 7474,6250 7678,6444 7714,6477
Øresundsmotorvejen	BAB 7624,6416 7510,6345 7433,6319 7360,6280 7306,6235 7245,6159 7217,6084 7215,6069
Øresundsmotorvejen	BAB::Br 7311,5786 7394,5726
Øresundsmotorvejen	BAB::Br 7215,6069 7211,5995 7217,5960
Øresundsmotorvejen	BAB 7217,5960 7224,5924 7251,5863 7311,5786
Helsingørmotorvejen	BAB::Br 7205,17137 7117,17267
Helsingørmotorvejen	BAB::Br 7098,17257 7190,17121
	BAB 6618,17986 6467,18255
Øresundsmotorvejen	BAB 7394,5726 7487,5690 7597,5685 7705,5707 7818,5723 7918,5728
Amagermotorvejen	BAB 7957,6724 7908,6676 7829,6600 7730,6512
Øresundsmotorvejen	BAB 7677,5768 7537,5796 7426,5863 7382,5924 7366,5979 7358,6035 7377,6127 7474,6250
Amagermotorvejen	BAB::Br 7714,6477 7744,6501
Amagermotorvejen	BAB 7744,6501 7840,6584 7961,6694
Amagermotorvejen	BAB::Br 7730,6512 7700,6486
Øresundsmotorvejen	BAB 7918,5728 8122,5714 8470,5690 8627,5677 8852,5662 9357,5630 9723,5608 10025,5616 10327,5652 10654,5723 10845,5762 11191,5804 11849,5833 12859,5900 13664,5948 14018,5983 14412,6066 14790,6161 15106,6248 15315,6299 15506,6320 15687,6316 15842,6292 16031,6244 16179,6183 16347,6088
Helsingørmotorvejen	BAB 8055,15415 8017,15533 7980,15635 7885,15949 7816,16159 7771,16288 7705,16402 7612,16551 7429,16812 7311,16985 7205,17137
Helsingørmotorvejen	BAB 7190,17121 7293,16975 7412,16801 7598,16537 7692,16391 7759,16271 7797,16153 7867,15939 7964,15633 8002,15528 8039,15414
	BAB 7392,16485 7415,16508 7440,16534 7481,16573
	BAB 7504,16715 7439,16810 7311,16985
	BAB 7481,16573 7502,16595 7520,16628 7525,16650 7524,16676 7518,16695 7504,16715
	BAB 8627,5677 9089,5596
	BAB 8627,5677 9071,5615 9334,5589 9365,5596 9376,5610
Øresundsmotorvejen	BAB 9112,5708 8822,5706 8475,5709
Øresundsmotorvejen	BAB 10845,5762 11322,5795
	BAB 12859,5900 13601,5936 13718,5938 13901,5924 13958,5909
	BAB 13627,5968 13528,5968 13359,5954 13057,5930 12854,5914
	BAB 13966,5949 13896,5938 13810,5950
	BAB::Tu 13810,5950 13627,5968
	BAB 14412,6066 14548,6082
	BAB 14548,6082 14700,6106 14819,6135 14887,6153 15012,6194 15107,6229 15315,6299
	BAB 14877,6277 14890,6296 14926,6326 14955,6336 15002,6340 15042,6331 15059,6313 15064,6292 15049,6272 14940,6227
	BAB 15455,6330 15320,6328 15267,6321 15209,6319 15153,6326 15088,6337 15046,6347 15001,6352 14953,6348 14920,6335 14880,6299 14877,6277
Øresundsmotorvejen	BAB::Tu 19953,3793 17073,5642 16354,6100
Øresundsmotorvejen	BAB::Tu 16347,6088 19945,3783
