#: #: -*- coding: utf-8 -*-
#:encoding: utf-8
#:date: 20080810220007
#:
# Converted from openstreetmap data using ./miscsrc/osm2bbd
# DO NOT EDIT THIS FILE! Edit the original openstreetmap data!
#
Metro M1+M2	U 4018,12007 3759,12076 3557,12128
Metro M1+M2	U 4969,11731 4696,11811 4439,11890 4257,11934 4144,11973 4087,11988
Metro M1+M2	U 4087,11988 4018,12007
Metro M1+M2	U 5680,11546 5452,11609 5237,11661 5047,11711
Metro M1+M2	U 5047,11711 4969,11731
Metro M1+M2	U 6444,11491 6108,11475 5988,11476 5881,11485 5815,11506 5752,11527 5680,11546
Metro M1+M2	U 6444,11491 6946,11504 7438,11552 7749,11581
Metro M1+M2	U 7749,11581 7932,11597 8060,11625 8240,11682 8373,11758 8553,11824 8818,11846 9024,11830
Metro M1+M2	U 9024,11830 9166,11800 9375,11721 9614,11594 9815,11471 9970,11360
Metro M1	U 9460,4601 9463,4623 9527,4876 9587,5170 9682,5578 9720,5747 9819,6196 9929,6730 10096,7530
	U 9452,4633 9442,4583 9445,4558 9454,4541 9487,4525 9527,4528 9583,4539 9609,4546 9635,4563 9655,4596 9661,4621 9721,4999 9775,5349
	U 9460,4601 9463,4569 9479,4545 9500,4537 9532,4538 9568,4544 9598,4558 9607,4569 9614,4585 9619,4603 9628,4666 9626,4692 9622,4706 9616,4720 9670,5020 9686,5119 9687,5141
	U 9622,4706 9693,5119 9687,5141 9651,5241 9645,5296 9649,5318 9670,5342 9695,5352 9721,5349 9747,5337 9759,5314 9761,5293 9759,5278 9744,5238 9733,5213 9719,5119 9703,5022 9690,4937 9658,4710 9645,4698
	U 9679,4954 9685,4937 9650,4716 9644,4708
	U 9671,4962 9626,4692
	U 9643,4938 9625,4816 9612,4735 9616,4720
	U 9637,4937 9622,4841 9625,4816
	U 9681,4974 9679,4954 9644,4708 9645,4698 9628,4666
	U 9719,5119 9721,4999
	U 9661,5027 9680,5147 9671,5170 9655,5212 9640,5252 9645,5296
	U 9690,4937 9681,4974 9703,5147 9733,5213
	U 9651,5028 9670,5155 9671,5170
	U 9644,5030 9662,5169 9658,5185 9655,5212
	U 9635,5031 9656,5168 9658,5185
Metro M1	U 10310,8536 10314,8648 10302,8731 10274,8829 10229,8912 10156,8980 10069,9053 10000,9146 9977,9210 9974,9322
Metro M1	U 9974,9322 10027,9579 10103,9729 10190,9811 10288,9863 10437,9939 10515,10024 10533,10066 10535,10109
Metro M1	U 10096,7530 10310,8536
Metro M1+M2	U 10412,10557 10447,10459 10491,10302 10535,10109
Metro M2	U 10535,10109 10562,10060 10596,10017 10712,9908 10883,9797 11036,9690 11226,9587 11316,9536 11426,9492 11703,9439 12002,9425 12190,9426
Metro M1+M2	U 9970,11360 10074,11254 10156,11144 10256,10993 10315,10860 10412,10557
Metro M2	U 12964,9431 12874,9472 12757,9511 12671,9519 12514,9495 12398,9466 12287,9434 12190,9426
Metro M2	U 13653,7694 13608,7786 13512,8024 13421,8256 13356,8428 13248,8707 13204,8814 13037,9280 12979,9412 12964,9431
Metro M2	U 14142,6902 14110,6967
Metro M2	U 14110,6967 14066,7041 14013,7096 13928,7169 13848,7251 13774,7358 13726,7459 13698,7531 13679,7569
Metro M2	U 13679,7569 13665,7644 13653,7694
Metro M2	U 14450,6015 14437,6061 14432,6113 14426,6159 14411,6236 14398,6289 14381,6330 14358,6380
Metro M2	U 14358,6380 14303,6501 14282,6549 14206,6735 14186,6794 14142,6902
