#: #: -*- coding: utf-8 -*-
#:encoding: utf-8
#:date: 20080810220007
#:
# Converted from openstreetmap data using ./miscsrc/osm2bbd
# DO NOT EDIT THIS FILE! Edit the original openstreetmap data!
#
	F:W -10874,1157 -10870,1167 -10825,1189 -10808,1190 -10799,1183 -10789,1161 -10779,1138 -10793,1139 -10825,1140 -10874,1157
	F:W -10790,6796 -10730,6785 -10673,6759 -10649,6736 -10651,6693 -10661,6681 -10704,6720 -10743,6748 -10780,6767 -10805,6782 -10790,6796
Bastrup Sø	F:W -11792,26555 -11667,26473 -11518,26424 -11381,26467 -11255,26462 -11168,26561 -11058,26638 -11009,26655 -10953,26632 -10942,26550 -10985,26429 -11207,26259 -11260,26248 -11311,26261 -11404,26278 -11451,26259 -11632,26274 -11834,26345 -11922,26328 -12087,26266 -12156,26219 -12248,26177 -12359,26172 -12430,26219 -12447,26329 -12486,26398 -12458,26439 -12391,26448 -12266,26461 -12169,26447 -11975,26515 -11889,26562 -11792,26555
	F:W -10015,6851 -9835,6845 -9834,6832 -10014,6838 -10015,6851
	F:W -10246,9035 -10237,9046 -10233,9064 -10210,9073 -10182,9074 -10180,9103 -10188,9110 -10156,9128 -10134,9159 -10137,9190 -10128,9195 -10118,9202 -10110,9226 -10083,9248 -10066,9257 -10052,9254 -10049,9265 -10058,9279 -10096,9283 -10115,9274 -10132,9255 -10139,9227 -10166,9204 -10199,9200 -10242,9154 -10236,9140 -10221,9138 -10223,9129 -10245,9135 -10255,9113 -10263,9063 -10257,9051 -10262,9042 -10259,9033 -10246,9035
	F:W -9946,15714 -9948,15707 -9939,15678 -9923,15651 -9902,15663 -9902,15684 -9864,15706 -9845,15720 -9797,15725 -9779,15719 -9765,15714 -9716,15713 -9691,15724 -9682,15734 -9648,15756 -9650,15787 -9664,15794 -9720,15799 -9743,15792 -9773,15786 -9795,15776 -9812,15765 -9830,15770 -9852,15750 -9873,15732 -9886,15720 -9910,15720 -9946,15714
	F:W -9506,1673 -9506,1692 -9494,1709 -9476,1721 -9434,1730 -9402,1741 -9381,1747 -9369,1743 -9358,1747 -9353,1756 -9314,1757 -9272,1752 -9267,1741 -9272,1722 -9278,1711 -9304,1696 -9313,1692 -9322,1647 -9336,1639 -9353,1632 -9370,1622 -9379,1621 -9393,1627 -9411,1625 -9434,1625 -9445,1629 -9448,1626 -9452,1616 -9474,1610 -9492,1621 -9506,1673
	F:W -9484,8244 -9484,8227 -9490,8192 -9495,8162 -9487,8147 -9500,8129 -9496,8101 -9466,8061 -9440,8060 -9396,8067 -9371,8090 -9372,8113 -9400,8217 -9427,8235 -9458,8246 -9484,8244
	W2 -8706,6322 -8378,6336 -7657,6374 -7552,6379 -7379,6283 -7356,6271 -7233,6258 -7139,6219 -7093,6212 -7046,6224
	W2 -7926,7342 -8009,7357 -8021,7357 -8055,7343 -8071,7345 -8091,7344 -8108,7342 -8133,7334 -8148,7325 -8165,7304 -8180,7294 -8194,7289 -8208,7294 -8218,7294 -8226,7305 -8233,7308 -8291,7292 -8297,7285 -8296,7274 -8300,7272 -8314,7270 -8319,7265 -8326,7262 -8336,7259 -8344,7252 -8352,7246 -8377,7233 -8387,7226 -8403,7227 -8417,7224 -8423,7217 -8436,7218 -8443,7216 -8439,7202 -8441,7197 -8448,7199 -8475,7205 -8492,7200 -8505,7191 -8520,7193 -8530,7187 -8538,7182 -8559,7182 -8570,7174 -8585,7172 -8600,7165 -8605,7166
Mølleåen	W2 -7388,25094 -7395,25120 -7393,25157 -7397,25200 -7397,25230 -7397,25246 -7398,25353 -7424,25439 -7441,25505 -7694,25655 -7816,25688 -7918,25788 -7940,25839 -7986,25870 -8023,25880 -8210,25854 -8273,25881 -8389,25952 -8555,26033 -8758,26146 -8818,26183 -8873,26231 -8938,26297 -9003,26361 -9024,26372 -9299,26486
	F:W -7677,8750 -7627,8623 -7653,8641 -7682,8664 -7697,8693 -7713,8724 -7710,8732 -7677,8750
	F:W -8284,8932 -8264,8895 -8243,8867 -8227,8847 -8216,8847 -8212,8860 -8216,8895 -8226,8935 -8235,8954 -8255,8960 -8275,8958 -8284,8932
	W2 -8181,9801 -8153,9756 -8128,9709 -8108,9679 -8104,9669 -8102,9654 -8090,9633 -8074,9608 -8072,9565 -8056,9549 -8061,9535 -8061,9520 -8054,9508 -8054,9495 -8066,9486 -8056,9476 -8057,9464 -8051,9453 -8053,9443 -8057,9436 -8059,9425 -8059,9414 -8052,9400 -8054,9387 -8050,9380 -8056,9369 -8049,9353 -8053,9339 -8059,9329 -8053,9319 -8052,9303 -8055,9292 -8054,9271 -8045,9260 -8041,9244 -8036,9231 -8023,9225 -8014,9219 -8013,9202 -8001,9186 -7989,9177 -7979,9168 -7968,9163 -7962,9154 -7950,9140 -7942,9136 -7941,9125 -7926,9104 -7915,9093 -7909,9084 -7890,9063 -7891,9047 -7859,9034 -7850,9024 -7831,9021 -7814,9034 -7799,9035 -7777,9029 -7768,9026 -7754,8979 -7743,8945 -7737,8925 -7728,8916 -7713,8919 -7693,8926
	F:W -6819,3330 -6797,3304 -6788,3276 -6778,3219 -6785,3183 -6799,3168 -6847,3162 -6891,3167 -6911,3152 -6937,3124 -6976,3109 -6972,3099 -6939,3087 -6894,3082 -6840,3097 -6772,3106 -6725,3103 -6700,3134 -6701,3179 -6743,3211 -6764,3229 -6759,3250 -6780,3307 -6808,3339 -6819,3330
	W2 -7450,6960 -7408,6939 -7347,6930 -7291,6906 -7253,6894 -7208,6868 -7155,6833 -7122,6794 -7092,6732 -7082,6676 -7052,6639 -7013,6607 -6995,6588 -6961,6594 -6890,6596 -6850,6596 -6788,6584 -6724,6574 -6682,6551 -6638,6514 -6587,6461 -6542,6405 -6516,6384
	W2 -7627,8623 -7577,8578 -7524,8529 -7514,8521 -7441,8447 -7374,8383 -7362,8342 -7358,8308 -7355,8286 -7365,8264 -7377,8244 -7380,8219 -7382,8203 -7381,8190 -7363,8163 -7355,8142 -7357,8124 -7362,8111 -7366,8097 -7363,8070 -7355,8042 -7341,8020 -7340,8001 -7342,7986 -7349,7970 -7351,7952 -7348,7882 -7340,7855 -7336,7839 -7316,7830 -7300,7818 -7273,7806 -7258,7791 -7227,7781 -7189,7766 -7152,7752 -7094,7744 -7053,7739 -7012,7735 -6967,7729 -6957,7725 -6930,7701 -6861,7652 -6852,7639 -6842,7626 -6843,7618 -6837,7603 -6833,7595 -6833,7586 -6813,7570 -6807,7563 -6798,7504 -6794,7495 -6786,7482 -6767,7475 -6717,7456 -6674,7443 -6650,7430 -6644,7419 -6644,7406 -6658,7395 -6678,7387 -6700,7379 -6715,7365 -6730,7354 -6748,7335 -6764,7319 -6784,7277 -6791,7256 -6789,7248 -6745,7188 -6729,7167 -6714,7151
Mølleåen	W2 -6936,24658 -6950,24660 -6965,24666 -6985,24676 -7000,24684 -7014,24697 -7030,24700 -7050,24706 -7059,24718 -7071,24717 -7082,24725 -7100,24734 -7129,24742 -7166,24760 -7206,24782 -7248,24802 -7287,24821 -7316,24836 -7332,24840 -7343,24865 -7350,24919 -7388,25094
	F:W -5752,6557 -5788,6613 -5811,6654 -5842,6746 -5851,6744 -5846,6735 -6078,6654 -6303,6554 -6504,6443 -6520,6422 -6516,6384 -6513,6357 -6453,6244 -6419,6245 -6311,6269 -6097,6353 -5900,6453 -5752,6557
	W2 -6434,6229 -6389,6200 -6338,6104 -6286,5987 -6265,5960 -6217,5902 -6202,5878 -6192,5853 -6165,5787 -6152,5760 -6010,5652 -5948,5604 -5927,5586 -5912,5559 -5892,5436 -5866,5293 -5857,5275 -5817,5205 -5802,5176 -5787,5160 -5737,5142 -5640,5122 -5567,5123 -5480,5130 -5410,5123 -5348,5111 -5217,5119 -5145,5139 -5060,5159 -5040,5165 -4955,5129 -4851,5055 -4800,5007
	F:W -6712,7137 -6714,7151 -6686,7137 -6650,7133 -6631,7135 -6623,7132 -6603,7143 -6562,7172 -6524,7208 -6465,7196 -6455,7186 -6452,7174 -6453,7153 -6426,7107 -6378,7084 -6347,7087 -6339,7084 -6300,7099 -6292,7109 -6268,7142 -6263,7164 -6259,7186 -6252,7192 -6201,7195 -6200,7198 -6172,7201 -6160,7196 -6139,7183 -6119,7182 -6101,7186 -6089,7200 -6087,7235 -6077,7279 -6057,7292 -6052,7306 -6024,7299 -6003,7301 -5981,7302 -5951,7294 -5919,7270 -5898,7242 -5840,7149 -5799,7059 -5788,7002 -5913,6955 -5887,6900 -5871,6844 -5879,6842 -5895,6894 -5925,6956 -5960,7002 -5973,7025 -5998,7060 -6020,7069 -6069,7091 -6116,7099 -6157,7097 -6233,7068 -6264,7046 -6273,7030 -6285,7016 -6286,6998 -6274,6979 -6217,6924 -6227,6901 -6247,6889 -6280,6881 -6379,6894 -6438,6906 -6477,6924 -6561,6963 -6612,7001 -6658,7039 -6693,7075 -6703,7130 -6712,7137
	F:W -6350,9137 -6301,9145 -6290,9145 -6282,9140 -6278,9131 -6285,9121 -6295,9115 -6347,9109 -6357,9112 -6363,9119 -6364,9128 -6350,9137
	F:W -6955,10476 -6930,10472 -6909,10460 -6897,10440 -6892,10419 -6896,10402 -6907,10386 -6924,10375 -6945,10370 -6966,10371 -6984,10380 -7001,10394 -7008,10419 -7005,10440 -6993,10454 -6977,10469 -6955,10476
Søndersø	F:W -6126,21160 -6152,21144 -6183,21198 -6226,21249 -6332,21273 -6399,21259 -6420,21228 -6397,21182 -6419,21131 -6554,21177 -6614,21284 -6623,21444 -6632,21581 -6712,21637 -6824,21735 -6869,21786 -6867,21863 -6870,22006 -6834,22070 -6790,22113 -6709,22149 -6611,22191 -6538,22203 -6462,22202 -6399,22216 -6340,22207 -6269,22154 -6193,22125 -6076,22104 -6001,22067 -5848,21984 -5758,21969 -5664,22013 -5643,21993 -5563,21975 -5536,21978 -5422,21915 -5234,21812 -5098,21706 -5143,21634 -5145,21539 -5108,21463 -5045,21435 -5054,21367 -5105,21277 -5203,21218 -5325,21219 -5435,21211 -5560,21160 -5706,21201 -5774,21271 -5894,21332 -5982,21361 -6069,21346 -6147,21247 -6129,21205 -6126,21160
Farum Sø	F:W -6746,24766 -6594,24750 -6506,24785 -6278,24786 -6241,24760 -6159,24817 -5983,24906 -5837,25023 -5641,25091 -5472,25084 -5292,25166 -5237,25207 -5193,25221 -5168,25209 -4988,25255 -4846,25272 -4676,25265 -4465,25225 -4370,25208 -4317,25146 -4333,25079 -4423,25040 -4465,25020 -4446,24961 -4571,24763 -4665,24578 -4758,24586 -4867,24556 -4961,24539 -5034,24509 -5106,24511 -5190,24531 -5180,24491 -5156,24447 -5186,24399 -5298,24385 -5381,24350 -5683,24476 -5852,24512 -5963,24515 -6085,24559 -6162,24556 -6239,24515 -6319,24500 -6398,24461 -6539,24497 -6632,24472 -6761,24453 -6826,24488 -6938,24512 -6963,24584 -6936,24658 -6891,24704 -6850,24729 -6746,24766
	F:W -6091,3923 -6060,3865 -6051,3843 -6055,3836 -6069,3833 -6080,3837 -6096,3843 -6101,3841 -6106,3829 -6122,3814 -6139,3808 -6149,3814 -6147,3826 -6113,3842 -6103,3853 -6105,3861 -6117,3870 -6122,3888 -6116,3898 -6120,3910 -6117,3926 -6105,3928 -6091,3923
	F:W -5840,10507 -5804,10500 -5775,10492 -5755,10483 -5734,10484 -5713,10486 -5692,10472 -5686,10452 -5690,10425 -5699,10405 -5721,10401 -5740,10411 -5744,10433 -5734,10453 -5730,10468 -5749,10477 -5767,10479 -5780,10467 -5805,10456 -5838,10455 -5860,10472 -5861,10495 -5840,10507
	F:W -4809,1858 -4921,1786 -5040,1765 -5129,1834 -5160,1930 -5248,2044 -5261,2079 -5231,2110 -5187,2110 -5253,2179 -5175,2221 -5114,2222 -5069,2209 -5035,2220 -5011,2247 -5018,2321 -5007,2339 -5040,2372 -5065,2369 -5075,2381 -5004,2416 -4962,2310 -4944,2285 -4916,2278 -4892,2279 -4887,2300 -4890,2321 -4866,2321 -4856,2346 -4912,2461 -4776,2552 -4598,2682 -4503,2732 -4423,2766 -4421,2770 -4391,2829 -4288,2938 -4170,3021 -4089,3058 -4020,2957 -3954,2885 -3823,2879 -3702,2941 -3617,2926 -3525,2852 -3522,2723 -3643,2634 -3912,2532 -4065,2438 -4126,2432 -4215,2376 -4276,2364 -4296,2345 -4295,2272 -4417,2113 -4589,1967 -4726,1927 -4809,1858
	F:W -5511,8600 -5464,8610 -5240,8655 -5230,8615 -5500,8560 -5511,8600
	F:W -5156,10083 -5153,10051 -5156,10035 -5171,10020 -5210,10010 -5239,10010 -5258,10025 -5260,10054 -5242,10078 -5213,10093 -5172,10098 -5156,10083
	F:W -5468,11230 -5448,11231 -5425,11238 -5402,11243 -5381,11244 -5350,11233 -5315,11220 -5268,11211 -5233,11207 -5207,11216 -5175,11240 -5171,11262 -5182,11288 -5199,11306 -5221,11321 -5236,11315 -5248,11310 -5263,11319 -5288,11325 -5304,11321 -5311,11308 -5321,11297 -5333,11297 -5347,11312 -5378,11324 -5406,11327 -5439,11321 -5460,11305 -5467,11295 -5467,11287 -5478,11273 -5486,11249 -5473,11231
	F:W -5145,18728 -5133,18706 -5106,18670 -5126,18650 -5142,18650 -5163,18662 -5175,18651 -5165,18613 -5175,18611 -5207,18648 -5214,18663 -5201,18672 -5200,18699 -5179,18718 -5145,18728
	F:W -5470,19328 -5439,19333 -5424,19297 -5428,19285 -5410,19259 -5413,19250 -5454,19242 -5484,19251 -5516,19268 -5510,19285 -5515,19292 -5504,19303 -5497,19301 -5479,19317 -5470,19328
	F:W -5195,19626 -5167,19597 -5164,19580 -5188,19514 -5185,19492 -5172,19483 -5093,19473 -5060,19498 -5051,19526 -5010,19517 -5015,19508 -5065,19479 -5084,19457 -5084,19436 -5075,19420 -5097,19398 -5107,19418 -5183,19443 -5233,19389 -5231,19375 -5240,19356 -5255,19362 -5254,19379 -5228,19405 -5222,19430 -5231,19500 -5217,19570 -5195,19626
	F:W -5841,20151 -5805,20096 -5807,20069 -5815,20034 -5798,20020 -5762,20008 -5725,20022 -5687,20025 -5664,20058 -5629,20077 -5586,20075 -5559,20060 -5536,20087 -5554,20116 -5584,20124 -5616,20145 -5588,20172 -5532,20160 -5550,20205 -5571,20210 -5611,20193 -5658,20168 -5687,20186 -5705,20216 -5726,20231 -5731,20196 -5716,20170 -5724,20143 -5759,20123 -5788,20142 -5818,20179 -5841,20151
	W2 -3601,3699 -3743,3854 -3786,3874 -3834,3879 -3919,3928 -3933,3965 -3944,4030 -3975,4104 -4023,4187 -4052,4219 -4146,4256 -4173,4268 -4188,4289 -4187,4344 -4195,4362 -4232,4397 -4255,4429 -4272,4465 -4294,4481 -4369,4515 -4403,4559 -4430,4596 -4475,4649 -4497,4674 -4570,4723 -4687,4914 -4800,5007
	F:W -4648,7089 -4639,7079 -4615,7066 -4554,7055 -4528,7063 -4519,7082 -4515,7102 -4532,7113 -4559,7117 -4570,7109 -4592,7100 -4608,7100 -4624,7105 -4638,7107 -4648,7102 -4648,7089
	F:W -4459,10076 -4458,10038 -4454,10019 -4438,10010 -4340,10046 -4325,10062 -4325,10075 -4350,10074 -4434,10091 -4459,10076
	F:W -4819,14731 -4778,14727 -4702,14725 -4609,14711 -4538,14680 -4493,14640 -4493,14611 -4527,14581 -4594,14571 -4664,14573 -4737,14585 -4799,14611 -4843,14629 -4871,14677 -4854,14715 -4819,14731
	F:W -4594,15551 -4702,15550 -4708,15561 -4717,15791 -4459,15802 -4441,15567 -4448,15560 -4551,15555 -4551,15575 -4520,15582 -4487,15596 -4465,15635 -4462,15675 -4466,15722 -4492,15762 -4538,15779 -4586,15781 -4633,15781 -4672,15752 -4688,15709 -4694,15686 -4688,15638 -4657,15589 -4599,15569 -4587,15563 -4594,15551
	F:W -4652,18761 -4622,18735 -4601,18728 -4566,18713 -4556,18711 -4544,18736 -4517,18745 -4506,18766 -4511,18773 -4516,18792 -4542,18803 -4553,18794 -4570,18798 -4605,18797 -4622,18789 -4641,18788 -4652,18773 -4652,18761
	F:W -4991,18937 -4940,18937 -4928,18914 -4945,18877 -4969,18868 -4997,18881 -5002,18902 -4991,18937
	F:W -4920,18939 -4925,18947 -4911,18958 -4897,19000 -4893,19030 -4870,19052 -4842,19089 -4843,19131 -4815,19168 -4796,19177 -4740,19170 -4736,19157 -4749,19134 -4738,19127 -4756,19091 -4780,19067 -4793,19072 -4826,19049 -4842,19028 -4840,19009 -4863,18958 -4883,18948 -4901,18949 -4920,18939
	F:W -3961,10945 -3967,11005 -3956,11031 -3934,11050 -3910,11055 -3898,11051 -3897,11027 -3909,11015 -3916,10997 -3909,10980 -3886,10952 -3882,10943 -3887,10938 -3901,10937 -3954,10936 -3961,10945
	F:W -4001,12167 -4006,12146 -4014,12119 -4029,12100 -4045,12083 -4057,12077 -4068,12078 -4077,12085 -4078,12097 -4083,12112 -4087,12140 -4084,12164 -4072,12178 -4044,12189 -4015,12190 -3999,12186 -4001,12169
	W2 998,14228 983,14250 952,14270 910,14276 835,14279 816,14279 777,14286 735,14291 667,14295 646,14301 624,14314 576,14375 541,14422 516,14442 486,14483 473,14510 446,14562 431,14593 395,14606 360,14617 333,14614 288,14606 273,14593 245,14580 220,14566 202,14550 187,14535 155,14521 37,14475 -39,14446 -154,14422 -347,14378 -382,14372 -425,14370 -469,14377 -494,14371 -530,14341 -577,14305 -637,14288 -689,14282 -733,14292 -771,14315 -781,14328 -799,14343 -883,14388 -908,14396 -950,14402 -1016,14408 -1056,14399 -1102,14386 -1192,14372 -1324,14361 -1415,14358 -1461,14371 -1486,14382 -1711,14425 -1877,14475 -1924,14479 -1977,14473 -2032,14456 -2089,14423 -2267,14319 -2368,14247 -2529,14121 -2637,14036 -2656,14023 -2674,14018 -2695,14022 -2818,14047 -2831,14052 -2872,14077 -2903,14087 -2944,14074 -3025,14040 -3062,14016 -3081,13994 -3099,13972 -3128,13946 -3159,13920 -3197,13873 -3234,13829 -3275,13757 -3299,13731 -3340,13724 -3358,13716 -3440,13719 -3477,13724 -3480,13735 -3544,13723 -3594,13695 -3636,13662 -3660,13648 -3685,13639 -3707,13628 -3777,13614 -3878,13579 -3900,13573 -3955,13542 -3974,13533 -4011,13537 -4098,13529 -4117,13515
Furesø	F:W -2000,22746 -2245,22827 -2437,22962 -2544,23136 -2611,23291 -2703,23529 -2820,23718 -2947,23977 -3013,24140 -3115,24290 -3168,24305 -3230,24294 -3286,24347 -3379,24452 -3469,24532 -3606,24615 -3678,24664 -3690,24758 -3736,24807 -3794,24883 -3850,24899 -3882,24992 -3938,25012 -3993,24998 -4017,25003 -3974,25033 -3955,25123 -3910,25158 -3855,25242 -3811,25283 -3752,25286 -3601,25284 -3474,25262 -3394,25235 -3290,25236 -3079,25345 -2978,25423 -2930,25445 -2807,25556 -2757,25620 -2649,25675 -2570,25745 -2483,25793 -2387,25788 -2311,25762 -2070,25743 -2049,25772 -1871,25803 -1746,25845 -1695,25899 -1620,25998 -1587,26049 -1542,26126 -1518,26180 -1461,26221 -1388,26249 -1284,26258 -1246,26274 -1149,26312 -937,26291 -781,26296 -733,26302 -641,26298 -602,26288 -580,26241 -548,26241 -520,26269 -421,26310 -325,26404 -226,26449 -144,26521 -27,26577 3,26566 20,26584 49,26593 86,26627 146,26647 193,26632 224,26649 218,26685 270,26706 337,26723 391,26686 471,26652 515,26656 576,26640 655,26608 809,26522 968,26407 1027,26379 1073,26329 1096,26274 1097,26211 1071,26160 1035,26123 1038,26100 1062,26088 1101,25977 1102,25933 1085,25906 1074,25889 1068,25879 1054,25881 1005,25897 939,25872 942,25853 990,25867 1007,25838 1013,25812 982,25793 957,25773 852,25755 718,25733 625,25742 549,25710 448,25637 392,25565 323,25517 254,25484 186,25472 129,25473 51,25478 -35,25530 -119,25558 -201,25579 -273,25582 -338,25552 -370,25530 -432,25497 -514,25482 -565,25501 -588,25549 -643,25571 -698,25621 -739,25633 -768,25606 -895,25611 -999,25595 -1048,25599 -1050,25626 -1120,25580 -1132,25511 -1088,25416 -1105,25389 -1091,25336 -1076,25285 -1010,25250 -950,25223 -882,25232 -816,25261 -736,25286 -692,25277 -662,25239 -665,25205 -635,25169 -591,25118 -510,25092 -492,25053 -529,25008 -570,24993 -624,24975 -664,24970 -726,25004 -837,24993 -878,25001 -891,25037 -921,25018 -938,25001 -946,24962 -947,24916 -935,24796 -894,24612 -835,24524 -753,24465 -690,24480 -624,24479 -575,24451 -546,24384 -548,24282 -530,24209 -484,24162 -442,24118 -414,24089 -256,23945 -63,23794 49,23698 56,23674 100,23615 159,23534 163,23516 198,23359 211,23310 199,23209 194,23159 188,23080 196,23062 185,23039 137,22946 130,22932 91,22904 90,22895 136,22881 145,22864 143,22853 140,22840 129,22833 117,22833 119,22839 127,22841 134,22849 130,22872 109,22882 79,22886 62,22873 61,22846 82,22809 69,22795 66,22789 35,22791 12,22748 -36,22745 -108,22732 -186,22740 -202,22782 -333,22751 -441,22771 -592,22724 -690,22673 -811,22649 -910,22647 -1052,22642 -1206,22682 -1415,22702 -1594,22719 -1851,22712 -2000,22746
	F:W -3294,6931 -3220,6926 -3227,6905 -3223,6868 -3301,6874 -3294,6931
	F:W -3197,6900 -3196,6925 -3161,6923 -3159,6898 -3197,6900
	F:W -3073,14193 -3071,14187 -3020,14182 -3018,14193 -3023,14208 -3039,14211 -3054,14207 -3073,14193
	F:W -3251,13744 -3237,13765 -3227,13769 -3204,13767 -3194,13740 -3196,13725 -3218,13715 -3223,13710 -3232,13708 -3251,13744
	F:W -3261,13694 -3270,13718 -3277,13724 -3282,13715 -3287,13709 -3285,13696 -3280,13691 -3261,13694
	F:W -3088,15646 -3087,15654 -3104,15657 -3119,15654 -3134,15641 -3153,15635 -3171,15633 -3171,15623 -3161,15611 -3139,15596 -3104,15587 -3097,15593 -3103,15603 -3116,15607 -3124,15615 -3126,15627 -3116,15634 -3111,15646 -3098,15641 -3088,15646
	F:W -3407,19639 -3393,19596 -3386,19557 -3384,19533 -3388,19522 -3398,19515 -3418,19515 -3438,19531 -3439,19552 -3440,19566 -3433,19581 -3437,19605 -3436,19623 -3432,19634 -3407,19639
	F:W 495,4026 478,3979 566,3696 547,3688 533,3724 476,3756 406,3757 262,3776 208,3785 170,3800 122,3790 20,3800 -64,3838 -101,3849 -183,3857 -297,3859 -322,3868 -362,3919 -454,3882 -552,3901 -616,3893 -698,3884 -729,3894 -783,3890 -849,3888 -969,3910 -1019,3898 -1146,3906 -1319,3919 -1387,3899 -1463,3915 -1550,3912 -1677,3903 -1709,3923 -1785,3917 -1839,3917 -1920,3911 -2014,3913 -2077,3911 -2180,3875 -2245,3849 -2325,3839 -2402,3814 -2449,3776 -2471,3770 -2480,3785 -2482,3804 -2478,3819 -2504,3850 -2537,3874 -2561,3940 -2552,3985 -2526,4028 -2468,4040 -2432,4031 -2405,4046 -2402,4056 -2369,4069 -2280,4103 -2143,4147 -1866,4154 -1858,4138 -1866,4091 -1888,4077 -1884,4053 -1866,4044 -1861,3975 -1831,3943 -1806,3949 -1804,3975 -1799,4006 -1799,4029 -1819,4099 -1829,4140 -1814,4154 -1765,4149 -1305,4139 -1133,4126 -1098,4129 -1084,4121 -1047,4084 -1028,4039 -1014,3958 -994,3926 -979,3926 -970,3948 -988,4098 -418,4096 -426,4039 -415,3988 -414,3965 -392,3943 -368,3938 -365,3958 -385,4095 -248,4069 10,4071 332,4063 369,4056 396,4032 430,4016 461,4022 488,4034 495,4026
	F:W -2404,17230 -2386,17235 -2370,17253 -2352,17244 -2312,17255 -2233,17224 -2225,17208 -2142,17178 -2135,17158 -2139,17118 -2173,17040 -2196,17022 -2223,16979 -2233,16982 -2230,17004 -2283,17011 -2302,17018 -2278,16966 -2256,16936 -2266,16917 -2352,16889 -2409,16878 -2454,16886 -2492,16904 -2550,16924 -2573,16962 -2643,17001 -2624,17032 -2617,17024 -2613,17005 -2590,16998 -2560,16978 -2539,16972 -2518,16955 -2496,16966 -2478,16986 -2449,17015 -2440,17029 -2438,17031 -2452,17039 -2463,17072 -2469,17070 -2477,17055 -2494,17060 -2500,17044 -2515,17048 -2509,17064 -2569,17086 -2602,17075 -2608,17055 -2625,17063 -2615,17080 -2585,17098 -2663,17173 -2667,17199 -2618,17209 -2587,17192 -2552,17199 -2547,17210 -2559,17225 -2525,17239 -2455,17235 -2404,17230
	W2 -1726,16290 -1722,16271 -1714,16258 -1709,16247 -1712,16229 -1697,16209 -1620,16147 -1614,16137 -1611,16127 -1585,16102 -1575,16067 -1553,16035 -1521,16006 -1503,16005 -1479,16023 -1460,16031 -1416,16016 -1402,15997 -1398,15959 -1392,15923 -1370,15877
	W 3427,15176 3403,15178 3384,15177 3347,15158 3338,15158 3146,15243 3126,15251 2794,15396 2478,15541 2110,15374 1928,15288 1873,15262 1823,15201 1727,15086 1504,14814 1229,14472 1153,14381 986,14178 951,14133 946,14119 930,13878 851,13762 788,13677 610,13418 484,13233 348,13036 257,12903 244,12889 226,12885 212,12881 160,12812 67,12662 2,12568 -94,12420 -127,12380 -139,12369 -159,12367 -180,12362 -190,12352 -199,12330 -367,11904 -406,11811 -417,11797 -435,11790 -448,11782 -456,11766 -592,11358 -647,11212 -658,11202 -675,11197 -684,11188 -721,11056 -814,10703 -844,10636 -895,10579 -904,10566 -904,10550 -856,10448 -855,10435 -871,10263 -887,9998 -889,9903 -904,9616 -950,9571 -948,9552 -906,9515 -902,9507 -899,8983 -947,8915 -945,8894 -900,8839 -892,8660 -889,8335 -889,8246 -884,8222 -858,8200 -836,7885 -819,7604 -779,7581 -707,7293 -659,7084 -636,6988 -604,6966 -522,6703 -435,6386 -407,6376 -300,6031 -230,5811 -217,5797 -164,5777 188,5325 212,5295 246,5291 534,4915 571,4866 629,4802 657,4801 955,4427 985,4381
	W -900,8839 -899,8891
	W -899,8983 -899,8921
	F:W -1056,14572 -1030,14457 -1040,14440 -1081,14424 -1113,14426 -1145,14444 -1158,14484 -1156,14527 -1076,14578 -1056,14572
	W2 -1057,14609 -1027,14662 -962,14918 -948,14979 -935,15003 -911,15053 -910,15099 -929,15244 -918,15282
	W2 -916,15305 -921,15343 -945,15388 -970,15425 -979,15463 -990,15492 -1018,15540 -1039,15562
	F:W -1094,17639 -1100,17625 -1092,17610 -1053,17600 -1021,17588 -1005,17597 -1017,17611 -1027,17622 -1024,17634 -1036,17649 -1056,17657 -1078,17651 -1094,17639
	F:W -1260,28790 -1220,28776 -1139,28862 -1042,28884 -991,28851 -988,28789 -975,28742 -1011,28710 -1067,28690 -1100,28695 -1148,28694 -1172,28625 -1132,28586 -1083,28581 -1089,28538 -1049,28439 -1067,28381 -1123,28399 -1174,28430 -1242,28562 -1289,28575 -1325,28584 -1328,28640 -1330,28692 -1325,28736 -1296,28772 -1260,28790
	F:W -453,5421 -442,5433 -424,5435 -411,5427 -407,5411 -413,5398 -431,5390 -451,5400 -453,5421
	F:W -808,18818 -787,18832 -783,18851 -785,18875 -795,18891 -811,18898 -821,18895 -825,18874 -829,18864 -831,18843 -825,18828 -808,18818
	F:W -988,18996 -950,18993 -921,19001 -914,18994 -902,18996 -903,19008 -918,19013 -927,19023 -930,19042 -960,19039 -1005,19021 -1006,19010 -1002,19001 -988,18996
	F:W -800,19066 -805,19082 -807,19104 -815,19105 -822,19101 -838,19091 -841,19082 -845,19065 -842,19057 -829,19052 -810,19054 -800,19066
	F:W -550,19117 -551,19140 -561,19156 -573,19154 -586,19144 -600,19121 -603,19104 -600,19094 -587,19088 -570,19091 -556,19098 -550,19117
	F:W -511,18930 -514,18944 -525,18949 -535,18942 -538,18929 -535,18919 -521,18918 -511,18930
Store Hulsø	F:W -647,22231 -681,22213 -716,22188 -735,22154 -770,22145 -827,22156 -878,22185 -886,22245 -850,22282 -742,22302 -721,22275 -681,22258 -647,22231
	F:W 181,5923 169,5935 176,5952 193,5969 215,5972 236,5959 252,5944 241,5918 226,5902 207,5904 195,5916 181,5923
	F:W -66,6418 -60,6400 -19,6408 -9,6426 -29,6435 -66,6418
	F:W 435,7677 411,7673 407,7676 374,7668 373,7650 366,7618 383,7618 408,7635 410,7644 433,7654 435,7677
	F:W 465,7190 464,7154 464,7125 457,7122 440,7122 432,7129 427,7137 427,7144 422,7152 420,7162 424,7175 434,7184 447,7190 461,7193 465,7190
	F:W 365,10241 354,10255 345,10273 348,10301 371,10309 382,10301 384,10279 397,10263 400,10247 389,10237 377,10236 365,10241
	F:W 257,10920 301,10919 309,10906 317,10884 308,10877 310,10865 319,10856 320,10848 200,10855 203,10913 212,10920 222,10918 217,10910 215,10898 217,10889 222,10881 233,10875 241,10874 255,10875 265,10884 270,10894 270,10906 266,10912 257,10920
	F:W 133,21281 109,21287 88,21303 71,21291 78,21273 75,21255 61,21235 55,21211 58,21192 43,21176 34,21154 3,21135 0,21099 22,21075 42,21066 50,21081 53,21099 47,21104 52,21125 69,21162 68,21178 97,21203 121,21210 137,21226 158,21220 175,21192 193,21169 224,21163 243,21177 248,21199 237,21217 203,21237 173,21254 169,21271 151,21282 133,21281
Bagsværd Sø	F:W 1842,21701 1877,21686 1906,21668 1977,21667 2027,21629 2020,21580 2033,21578 2032,21569 2019,21571 2011,21533 1944,21537 1845,21544 1819,21516 1824,21482 1843,21436 1786,21363 1765,21341 1766,21298 1780,21276 1821,21261 1838,21228 1819,21198 1831,21171 1893,21151 1975,21122 2011,21073 2021,21003 2003,20936 1969,20903 1936,20884 1888,20862 1850,20846 1622,20836 1530,20815 1481,20797 1411,20774 1347,20804 1276,20854 1186,20961 1082,21185 1062,21221 1039,21228 1041,21248 1024,21270 1008,21314 993,21317 965,21330 955,21344 940,21363 915,21376 928,21404 940,21426 963,21431 983,21439 973,21468 931,21473 881,21467 814,21480 810,21505 780,21569 754,21558 694,21503 627,21462 617,21426 640,21372 629,21345 482,21339 463,21372 399,21397 364,21436 307,21466 226,21534 142,21532 94,21552 58,21578 26,21607 9,21641 -9,21701 -45,21754 -91,21787 -216,21851 -219,21896 -258,21922 -276,21960 -298,21980 -298,22004 -268,22033 -238,22071 -189,22084 -112,22075 -65,22066 -5,22038 29,22002 52,21961 100,21944 159,21960 193,21959 225,21954 255,21947 285,21929 297,21881 330,21857 418,21868 563,21822 595,21862 622,21884 663,21875 717,21849 808,21810 865,21774 958,21774 1054,21776 1163,21775 1189,21778 1247,21770 1287,21760 1331,21762 1367,21756 1410,21753 1570,21744 1580,21754 1596,21753 1607,21748 1699,21758 1706,21767 1741,21772 1779,21766 1795,21762 1807,21755 1815,21715 1842,21701
	W 69,22795 128,22725 169,22675 200,22635 230,22591 245,22559 268,22516 284,22488 325,22448 375,22412 428,22380 493,22339 560,22303 631,22261 709,22232 774,22219 839,22202 902,22196 985,22198 1120,22203 1225,22207 1280,22207 1324,22196 1402,22158 1760,21961 1897,21881 1905,21876 1933,21860 1974,21854 2019,21855 2065,21866 2101,21877
	F:W -56,27280 -63,27258 -62,27240 -52,27224 -41,27221 -12,27230 -12,27268 -23,27271 -28,27283 -56,27280
	F:W -20,27322 -9,27332 10,27331 10,27325 23,27324 34,27300 25,27287 5,27260 -8,27270 -18,27288 -20,27322
	F:W 1041,4306 1352,4274 1358,4285 1354,4304 1031,4340 1021,4346 993,4381 985,4381 981,4373 1032,4309 972,4189 977,4184 1041,4306
	W2 2454,10507 2415,10616 2380,10664 2365,10750 2357,10843 2322,10913 2316,10934 2306,11008 2275,11047 2240,11094 2189,11147 2152,11232 2121,11298 2119,11337 2122,11353 2137,11368 2182,11392 2263,11434 2276,11447 2347,11577 2352,11594 2270,11745 2245,11787 2227,12021 2234,12071 2235,12103 2211,12153 2149,12252 2102,12311 2021,12404 1996,12443 1947,12505 1935,12537 1930,12576 1912,12682 1905,12719 1894,12745 1874,12774 1686,13060 1677,13083 1672,13113 1694,13241 1708,13324 1716,13394 1690,13577 1688,13613 1684,13639 1692,13709 1704,13747 1696,13777 1672,13805 1639,13826 1533,13837 1474,13844 1426,13864 1344,13908 1300,13925 1213,13961 1143,14002 1121,14021 1099,14053 1048,14154
	F:W 744,14898 746,14880 746,14862 747,14847 752,14827 756,14812 766,14801 785,14812 799,14832 808,14861 811,14887 811,14915 797,14930 774,14929 748,14923 744,14898
	F:W 934,15004 925,14983 938,14976 935,14959 919,14937 918,14912 927,14883 938,14891 947,14909 967,14921 996,14935 1032,14965 1045,14978 1012,14988 980,15008 957,15019 934,15004
	W2 1194,15041 1056,14975 1038,14970
	F:W 637,24123 642,24137 639,24145 657,24154 661,24169 679,24164 688,24157 682,24146 698,24139 704,24125 697,24117 673,24123 656,24124 643,24119 637,24123
	F:W 569,25222 578,25219 583,25224 624,25227 648,25233 673,25255 714,25266 716,25286 681,25288 646,25287 607,25274 575,25258 567,25243 569,25222
	F:W 1620,9154 1514,9151 1476,9158 1433,9141 1393,9124 1377,9080 1359,9061 1325,9040 1321,9021 1326,9002 1341,8999 1356,9004 1392,9029 1399,9036 1412,9038 1440,9046 1472,9061 1531,9091 1628,9131 1620,9154
	F:W 1582,13500 1590,13497 1599,13488 1605,13478 1609,13464 1618,13451 1629,13441 1635,13433 1633,13420 1627,13415 1627,13406 1618,13398 1601,13405 1590,13407 1571,13417 1555,13425 1537,13439 1527,13447 1520,13453 1529,13464 1546,13477 1558,13486 1565,13493 1582,13500
	W2 1290,15285 1250,15111 1242,15096 1214,15064
	W2 1294,15338 1251,15480 1227,15534 1188,15602 1160,15646
	F:W 1329,19093 1335,19094 1340,19090 1350,19092 1357,19089 1361,19080 1363,19072 1365,19064 1367,19057 1369,19049 1372,19042 1369,19038 1370,19032 1372,19030 1373,19024 1371,19017 1370,19013 1365,19009 1358,19007 1358,19011 1352,19017 1353,19024 1347,19027 1346,19031 1350,19039 1341,19041 1339,19049 1337,19054 1341,19063 1337,19070 1331,19068 1331,19075 1326,19082 1329,19093
	F:W 1460,24258 1462,24288 1474,24304 1505,24323 1533,24331 1553,24328 1565,24308 1542,24298 1526,24276 1527,24265 1522,24252 1497,24241 1470,24246 1460,24258
	F:W 1272,24399 1268,24415 1280,24427 1285,24453 1307,24472 1304,24513 1296,24541 1278,24565 1274,24606 1287,24610 1316,24602 1333,24600 1341,24586 1373,24574 1373,24559 1391,24538 1396,24518 1413,24512 1447,24534 1473,24539 1496,24520 1491,24494 1479,24459 1478,24446 1463,24446 1466,24437 1472,24430 1469,24405 1444,24388 1414,24388 1392,24387 1362,24394 1342,24408 1359,24415 1366,24432 1349,24462 1330,24464 1310,24440 1321,24427 1316,24413 1293,24403 1272,24399
	F:W 1173,24320 1177,24310 1188,24307 1204,24288 1205,24273 1199,24266 1211,24254 1242,24246 1247,24236 1260,24228 1270,24217 1294,24210 1331,24202 1347,24208 1360,24205 1363,24214 1357,24232 1365,24246 1345,24256 1338,24280 1329,24297 1312,24301 1288,24282 1254,24303 1243,24324 1247,24332 1231,24336 1228,24348 1208,24359 1191,24353 1181,24336 1173,24320
	F:W 1154,24494 1171,24521 1183,24527 1192,24522 1210,24501 1204,24487 1187,24465 1155,24473 1160,24483 1154,24494
Vejlesø	F:W 1348,25257 1360,25282 1295,25349 1236,25385 1206,25414 1216,25441 1332,25555 1356,25575 1447,25635 1506,25688 1557,25770 1593,25791 1662,25803 1726,25771 1747,25709 1690,25457 1597,25415 1535,25371 1521,25369 1462,25321 1458,25298 1472,25283 1508,25270 1540,25213 1518,25158 1445,25143 1355,25150 1341,25191 1342,25204 1348,25257
	F:W 1074,25889 1085,25906 1112,25891 1133,25882 1160,25866 1183,25841 1215,25807 1239,25784 1276,25741 1303,25710 1313,25692 1316,25673 1327,25660 1341,25622 1356,25575 1332,25555 1331,25585 1321,25617 1312,25655 1295,25690 1278,25718 1219,25778 1176,25827 1146,25859 1117,25874 1074,25889
	F:W 1473,24563 1495,24570 1500,24556 1508,24549 1528,24570 1542,24604 1525,24612 1496,24605 1492,24588 1473,24589 1465,24576 1473,24563
	F:W 863,25288 895,25288 960,25298 1014,25308 1017,25325 992,25342 987,25387 955,25392 946,25387 926,25352 912,25350 856,25317 855,25303 863,25288
	F:W 1162,25305 1288,25272 1297,25277 1295,25286 1269,25307 1259,25303 1254,25307 1233,25334 1214,25340 1199,25328 1190,25311 1183,25317 1174,25329 1157,25327 1151,25312 1162,25305
	F:W 1137,25664 1153,25685 1201,25681 1227,25671 1228,25644 1202,25628 1172,25618 1146,25622 1131,25636 1137,25664
	F:W 1341,27007 1354,27026 1365,27042 1367,27061 1386,27074 1384,27098 1393,27111 1416,27115 1421,27104 1416,27081 1399,27062 1387,27041 1388,27010 1373,26987 1348,26981 1341,27007
	F:W 1023,28848 1058,28785 1099,28719 1075,28674 1010,28657 949,28656 898,28654 850,28771 827,28868 837,28901 898,28900 921,28858 958,28874 1023,28848
	F:W 2393,4341 2392,4335 2400,4327 2406,4320 2409,4312 2423,4304 2443,4281 2470,4283 2459,4295 2442,4306 2435,4317 2426,4333 2406,4344 2393,4341
Damhus Sø	F:W 2898,10865 2865,10867 2838,10881 2802,10901 2784,10941 2745,11037 2721,11095 2698,11136 2671,11151 2635,11197 2614,11230 2578,11286 2551,11315 2512,11346 2483,11369 2454,11395 2431,11413 2390,11402 2344,11393 2333,11377 2309,11368 2282,11372 2264,11359 2215,11342 2187,11329 2155,11319 2138,11296 2164,11249 2178,11198 2197,11162 2315,11016 2328,10925 2374,10829 2383,10762 2396,10673 2423,10638 2459,10557 2488,10529 2521,10511 2573,10493 2899,10488 2975,10517 3007,10551 3037,10565 3071,10586 3098,10602 3107,10642 3114,10697 3122,10758 3132,10810 3134,10832 3163,10864 3194,10894 3271,10968 3229,11011 3195,11034 3150,11015 3074,10984 3014,10947 2988,10929 2943,10881 2932,10870 2898,10865
Harestrup Å	W2 2753,9619 2754,9667 2696,9723 2660,9768 2610,9834 2549,9958 2536,10009 2572,10133 2579,10160 2578,10201 2483,10402
Harestrup Å	W2 2483,10402 2454,10507
	W 1928,15288 1838,15308 1819,15295 1823,15201
	F:W 1952,18321 1961,18311 1954,18303 1943,18295 1932,18304 1917,18316 1914,18325 1923,18325 1927,18343 1922,18352 1928,18363 1926,18370 1924,18374 1953,18378 1974,18374 1980,18367 1992,18362 1999,18362 2025,18346 2019,18344 1997,18342 1994,18350 1981,18343 1967,18345 1964,18333 1952,18321
	F:W 1785,18405 1787,18414 1788,18423 1795,18425 1802,18420 1807,18410 1799,18403 1791,18401 1785,18405
	W2 1807,18410 1819,18403 1838,18400 1858,18394 1878,18383 1895,18376 1926,18370
Lyngby Sø	F:W 3012,22055 3044,22062 3068,22078 3056,22102 3064,22126 3101,22186 3115,22206 3146,22206 3183,22198 3192,22191 3183,22186 3148,22195 3135,22192 3135,22178 3147,22166 3182,22159 3225,22162 3241,22178 3270,22165 3295,22136 3329,22104 3418,21927 3401,21893 3414,21870 3441,21882 3472,21822 3511,21744 3482,21725 3496,21694 3488,21687 3480,21680 3455,21703 3428,21723 3393,21724 3373,21706 3377,21674 3382,21563 3321,21482 3318,21469 3268,21430 3213,21351 3040,21400 2937,21477 2886,21473 2896,21518 2771,21579 2683,21637 2424,21619 2380,21634 2365,21652 2363,21691 2328,21704 2318,21745 2298,21766 2286,21786 2292,21801 2216,21825 2148,21845 2105,21851 2101,21877 2096,21905 2103,21938 2135,21977 2153,22003 2191,22031 2252,22038 2349,22005 2411,22047 2425,22095 2482,22116 2502,22146 2521,22137 2524,22080 2585,22057 2617,22025 2631,21968 2688,21942 2732,21956 2755,21966 2775,21960 2799,21960 2809,21946 2808,21927 2849,21930 2859,21925 2851,21911 2868,21904 2895,21916 2947,21942 2973,21977 2996,21976 3011,21982 2995,22000 2992,22019 3012,22055
	W 1905,21876 1875,21848 1838,21817 1805,21792 1796,21788 1779,21766
	F:W 2007,24742 1995,24754 2001,24766 2018,24772 2010,24785 2026,24826 2050,24830 2089,24813 2097,24800 2092,24792 2072,24791 2068,24777 2078,24767 2090,24756 2089,24743 2076,24744 2072,24736 2082,24729 2073,24717 2062,24714 2042,24730 2042,24736 2007,24742
	F:W 2041,26200 2047,26187 2059,26166 2075,26161 2080,26153 2073,26145 2083,26110 2091,26095 2113,26086 2142,26098 2156,26117 2158,26137 2146,26154 2155,26176 2148,26194 2130,26205 2113,26204 2091,26197 2080,26214 2067,26217 2052,26216 2041,26200
	F:W 1724,27263 1728,27239 1731,27206 1726,27172 1719,27151 1713,27151 1704,27198 1693,27209 1672,27208 1626,27162 1630,27144 1633,27121 1617,27106 1567,27099 1568,27122 1567,27169 1574,27186 1573,27211 1584,27221 1594,27216 1622,27233 1649,27256 1665,27286 1709,27279 1724,27263
	F:W 1710,26889 1713,26909 1723,26915 1734,26950 1726,26964 1711,26976 1717,26990 1748,27012 1759,27009 1762,26996 1754,26981 1763,26959 1770,26931 1764,26902 1748,26879 1733,26874 1710,26889
Harestrup Å	W2 3146,8358 3117,8384 3085,8400 3012,8430 2965,8454 2947,8476 2781,8670 2758,8709 2727,8781 2709,8859 2703,8907 2703,8978 2709,9054 2725,9137 2747,9213 2750,9259 2753,9479
Harestrup Å	W2 3146,8358 3264,8226
	F:W 2940,16338 2929,16298 2933,16275 2931,16255 2955,16243 2995,16262 2980,16285 2987,16306 3016,16325 3014,16350 2979,16351 2971,16355 2940,16338
	F:W 2896,26306 3047,26390 3352,26415 3368,26405 3399,26364 3384,26346 3337,26330 3235,26282 3206,26252 3140,26234 3046,26117 2950,26078 2861,26081 2760,26027 2711,26010 2627,26007 2605,26025 2607,26064 2618,26107 2662,26174 2730,26195 2781,26234 2833,26277 2896,26306
	F:W 2411,26173 2395,26171 2384,26177 2384,26194 2400,26208 2416,26224 2429,26244 2454,26251 2483,26250 2502,26255 2506,26237 2494,26211 2465,26195 2434,26187 2411,26173
	F:W 2529,26796 2519,26781 2516,26746 2509,26727 2522,26709 2546,26716 2556,26735 2563,26775 2575,26800 2555,26811 2529,26796
	F:W 2466,27428 2477,27418 2487,27411 2496,27417 2504,27439 2497,27453 2485,27456 2478,27444 2466,27439 2466,27428
	F:W 2376,27325 2385,27313 2411,27296 2417,27291 2429,27263 2448,27254 2447,27264 2437,27289 2437,27299 2423,27316 2431,27327 2413,27343 2395,27348 2385,27338 2376,27325
	F:W 2317,27851 2319,27819 2329,27805 2348,27809 2362,27825 2367,27843 2390,27856 2386,27874 2361,27880 2331,27863 2317,27851
	F:W 2570,27862 2583,27867 2605,27843 2603,27808 2594,27793 2558,27805 2547,27839 2526,27856 2545,27883 2560,27881 2570,27862
	F:W 2274,28302 2376,28318 2400,28367 2498,28400 2534,28461 2627,28471 2653,28428 2639,28371 2583,28329 2572,28257 2566,28190 2524,28177 2442,28184 2376,28185 2282,28161 2249,28244 2274,28302
	F:W 2589,28003 2606,27963 2624,27955 2652,27925 2677,27925 2684,27957 2702,27970 2702,27989 2678,27989 2668,28010 2631,28009 2633,27999 2636,27994 2621,27991 2600,28011 2589,28003
Harestrup Å	W2 3264,8226 3330,8168 3389,8115 3415,8082 3434,8034 3457,7978 3510,7859 3521,7836 3593,7703 3605,7668 3616,7619 3624,7590 3636,7566 3655,7545 3687,7522 3714,7511 3749,7508 3800,7501 3844,7487 3882,7465 3924,7423 4073,7246 4084,7236 4170,7166 4227,7123 4286,7068 4333,7043 4364,7011 4393,6945 4415,6897
	F:W 3606,15267 3618,15283 3655,15285 3704,15315 3715,15322 3737,15335 3758,15349 3765,15354 3772,15356 3778,15359 3781,15360 3788,15358 3834,15367 3881,15357 3894,15348 3921,15333 3943,15328 4006,15330 4036,15303 4070,15313 4091,15330 4113,15328 4129,15320 4132,15305 4142,15295 4152,15289 4193,15232 4185,15229 4148,15273 4121,15300 4103,15318 4048,15284 4040,15261 4029,15235 4004,15216 4000,15181 4016,15175 4028,15204 4046,15200 4051,15184 4025,15176 4028,15161 4050,15141 4069,15135 4074,15132 4076,15121 4090,15121 4107,15109 4134,15105 4163,15111 4185,15129 4200,15147 4200,15177 4194,15218 4201,15220 4209,15206 4208,15189 4207,15159 4206,15138 4206,15096 4196,15075 4175,15018 4059,14944 4032,14982 3988,14985 3884,14932 3825,14956 3758,14923 3741,14862 3713,14806 3666,14778 3590,14761 3540,14780 3490,14783 3429,14760 3357,14724 3294,14691 3249,14618 3225,14573 3186,14525 3164,14545 3183,14581 3193,14614 3176,14643 3171,14708 3182,14744 3201,14802 3218,14840 3243,14872 3279,14910 3325,14944 3355,14974 3370,15005 3377,15034 3377,15067 3390,15083 3473,15063 3473,15042 3494,15025 3491,14958 3511,14924 3565,14928 3604,14926 3622,14932 3631,14954 3625,14973 3590,14985 3574,14998 3573,15021 3556,15127 3518,15128 3500,15101 3461,15114 3426,15167 3427,15176 3429,15185 3493,15195 3566,15233 3606,15267
	F:I 3779,15301 3780,15321 3776,15323 3776,15328 3782,15333 3788,15339 3788,15354 3778,15353 3772,15350 3760,15341 3733,15324 3713,15311 3687,15296 3674,15288 3660,15280 3653,15277 3654,15271 3673,15262 3677,15257 3714,15259 3728,15262 3738,15267 3743,15275 3747,15286 3750,15294 3770,15294 3772,15284 3784,15282 3789,15285 3791,15289 3790,15296 3787,15298 3779,15301
	F:I 3616,15263 3634,15270 3636,15275 3625,15276 3618,15274 3613,15268 3616,15263
	W 3488,21687 3517,21654 3569,21616 3612,21597 3698,21581 3741,21571 3773,21567 3851,21558 3919,21562 3947,21570 3975,21608
	W2 3472,21822 3490,21829 3513,21837 3550,21844 3590,21836 3638,21815 3685,21790 3724,21773 3744,21762
	F:W 3464,27849 3462,27819 3473,27769 3483,27759 3487,27764 3512,27786 3520,27805 3498,27811 3477,27826 3473,27846 3464,27849
	F:W 3409,28192 3439,28192 3441,28142 3449,28101 3466,28076 3455,28060 3437,28048 3421,28057 3422,28074 3429,28083 3416,28095 3402,28083 3399,28067 3384,28045 3376,28024 3355,28038 3331,28028 3315,28012 3298,28017 3283,28030 3274,28043 3254,28064 3244,28094 3263,28112 3277,28129 3298,28134 3325,28116 3337,28110 3374,28128 3392,28150 3402,28166 3409,28192
	F:W 4324,3797 4469,3783 4477,3860 4502,3887 4495,3902 4509,3911 4502,3938 4485,3941 4450,3950 4431,3948 4423,3958 4404,3960 4394,3972 4381,3968 4356,3976 4315,3962 4296,3937 4285,3883 4257,3861 4245,3854 4259,3836 4252,3821 4206,3819 4188,3832 4190,3840 4212,3849 4219,3847 4221,3854 4215,3862 4207,3855 4174,3849 4168,3836 4169,3826 4188,3824 4201,3810 4248,3804 4251,3811 4322,3807 4324,3797
	F:W 4421,13404 4458,13434 4478,13458 4478,13504 4501,13543 4518,13572 4532,13613 4475,13586 4443,13558 4411,13524 4399,13493 4399,13460 4408,13426 4420,13406 4421,13404
	F:W 4009,13855 4031,13868 4034,13875 4030,13879 4011,13879 4005,13876 4002,13869 4002,13859 4009,13855
	F:W 4255,14638 4290,14675 4279,14691 4300,14726 4351,14756 4381,14770 4419,14813 4425,14839 4511,14770 4502,14730 4485,14693 4428,14654 4404,14598 4386,14571 4358,14578 4269,14612 4255,14638
	F:W 4980,15652 4977,15636 4931,15602 4898,15573 4875,15544 4834,15500 4802,15468 4751,15451 4706,15402 4665,15379 4631,15363 4610,15329 4531,15330 4492,15323 4481,15358 4417,15358 4361,15329 4319,15313 4278,15276 4241,15322 4197,15371 4229,15394 4235,15449 4207,15513 4173,15582 4183,15597 4200,15599 4236,15549 4304,15479 4409,15488 4452,15505 4476,15549 4507,15536 4594,15578 4669,15601 4681,15632 4732,15631 4749,15611 4775,15624 4828,15637 4850,15651 4893,15639 4943,15635 4980,15652
	F:I 3961,15135 3963,15148 3952,15153 3939,15152 3930,15152 3930,15136 3939,15129 3961,15135
	F:I 3997,15320 3963,15321 3931,15322 3911,15330 3892,15341 3876,15351 3876,15339 3882,15321 3907,15299 3938,15294 3978,15295 4002,15299 4014,15303 4007,15315 3997,15320
Moelleaaen	W2 3631,22751 3650,22728 3659,22690 3681,22664 3714,22637 3748,22612 3785,22586 3805,22546 3815,22500 3833,22457 3884,22430 3932,22406 3963,22366 3964,22335 3956,22308 3941,22274 3920,22258 3907,22240 3890,22205 3878,22182 3877,22165 3886,22140 3899,22095 3908,22075 3896,22059 3895,22043 3910,22020 3905,22014 3882,22002 3873,21986 3880,21964 3890,21943 3909,21919 3923,21910 3944,21910 3950,21901 3941,21864 3936,21829 3910,21805 3895,21791
	F:W 3853,21725 3819,21722 3787,21731 3753,21728 3713,21724 3677,21726 3667,21734 3687,21736 3723,21738 3740,21746 3744,21762 3749,21772 3762,21780 3786,21782 3803,21775 3823,21770 3832,21756 3848,21743 3853,21725
	W2 3895,21791 3846,21768 3832,21756
	F:W 3656,22886 3646,22880 3634,22859 3624,22833 3612,22811 3613,22783 3613,22761 3631,22751 3646,22758 3669,22774 3688,22787 3705,22802 3710,22823 3720,22844 3727,22860 3734,22876 3723,22893 3695,22895 3680,22893 3656,22886
Moelleaaen	W2 3680,22893 3683,22913 3682,22946 3685,22968 3699,22985 3721,22998 3742,23002 3758,23015 3772,23035 3774,23055 3787,23095 3801,23127 3808,23133 3834,23127 3847,23136 3836,23151 3845,23162 3856,23171 3860,23186 3852,23194 3853,23208 3867,23221 3870,23234 3864,23278 3870,23288 3886,23285 3896,23286 3902,23304 3910,23326 3925,23335 3943,23330 3950,23336 3941,23353 3914,23402 3920,23413 3940,23427 3946,23457 3936,23487 3932,23509 3948,23529 3965,23559 3967,23583 3977,23597 4005,23616 4017,23647 4038,23671 4053,23693 4047,23711 4026,23738 4018,23747
	F:W 3892,24012 3910,24005 3931,23993 3949,23977 3977,23931 3996,23888 4021,23836 4020,23818 4013,23812 4014,23785 4020,23755 4018,23747 4015,23737 4002,23742 3989,23740 3976,23742 3966,23765 3952,23786 3935,23821 3919,23845 3896,23861 3890,23880 3897,23886 3891,23922 3893,23933 3877,23939 3878,23959 3868,23973 3872,23998 3892,24012
	W2 3893,24241 3855,24359 3857,24393 3912,24532 3941,24571 3959,24605
	F:W 4138,25243 4265,25326 4328,25381 4362,25454 4350,25475 4306,25480 4199,25405 4145,25343 4134,25305 4138,25243
	F:W 3952,24610 3975,24647 4041,24712 4113,24728 4213,24696 4237,24687 4260,24657 4193,24646 4097,24647 4020,24631 3985,24617 3970,24599 3959,24605 3952,24610
	F:W 3579,27302 3572,27323 3563,27334 3562,27367 3565,27389 3576,27419 3578,27454 3602,27492 3616,27515 3629,27522 3647,27514 3659,27497 3651,27478 3640,27456 3646,27444 3631,27421 3609,27399 3601,27374 3610,27351 3619,27335 3620,27303 3609,27285 3583,27281 3579,27302
	F:W 3758,27595 3784,27606 3801,27634 3814,27679 3813,27705 3835,27746 3814,27756 3768,27779 3710,27820 3695,27830 3684,27822 3700,27801 3742,27782 3755,27759 3745,27744 3719,27752 3719,27723 3698,27690 3691,27688 3688,27672 3692,27618 3702,27596 3725,27599 3758,27595
	F:W 3723,26968 3725,26941 3731,26938 3768,26951 3774,26962 3758,26979 3737,26982 3723,26968
	F:W 3988,26807 4015,26785 4061,26803 4091,26802 4096,26785 4111,26792 4169,26866 4180,26877 4165,26881 4133,26857 4092,26859 4079,26865 4022,26826 3988,26807
	F:W 3840,28618 3827,28615 3815,28599 3808,28581 3802,28563 3808,28558 3825,28563 3845,28562 3858,28547 3878,28535 3900,28553 3919,28581 3937,28599 3961,28597 3979,28612 3988,28630 4018,28657 4037,28682 4068,28696 4084,28709 4069,28726 4038,28732 4010,28742 3981,28756 3961,28729 3948,28718 3914,28717 3882,28737 3861,28763 3861,28787 3857,28828 3828,28838 3802,28829 3793,28805 3787,28792 3799,28775 3826,28761 3844,28747 3857,28729 3888,28715 3901,28688 3903,28661 3899,28622 3893,28601 3879,28584 3850,28582 3851,28601 3840,28618
	F:W 7415,567 7412,492 7413,433 7374,366 7425,292 7444,222 7400,179 7290,273 7241,243 7328,174 7311,119 7263,85 7349,45 7424,126 7504,173 7496,114 7403,50 7432,-32 7397,-100 7421,-153 7474,-123 7487,-81 7475,39 7538,65 7567,-67 7546,-143 7444,-199 7517,-268 7587,-354 7517,-443 7342,-509 7095,-521 6837,-443 6619,-334 6485,-203 6351,-2 6240,138 6082,364 5900,673 5738,899 5607,1154 5431,1414 5346,1599 5279,1756 5231,1934 5215,2067 5222,2117 5275,2172 5341,2053 5582,1691 5727,1456 5852,1259 6010,1033 6084,913 6109,789 6157,665 6231,579 6289,584 6329,622 6401,636 6355,685 6372,735 6426,711 6468,662 6487,600 6438,570 6384,582 6353,531 6439,499 6544,472 6491,400 6578,339 6615,278 6659,129 6759,60 6856,-34 6872,45 6875,107 6842,194 6927,200 6854,282 6875,332 6784,381 6823,431 6908,466 6872,495 6782,468 6745,509 6875,557 6934,529 6969,580 7028,572 7103,624 7120,678 7012,892 7116,853 7171,808 7248,809 7338,790 7406,754 7445,646 7415,567
	F:W 5485,3725 5489,3705 5482,3686 5477,3666 5472,3643 5461,3613 5445,3586 5411,3562 5335,3525 5285,3513 5207,3505 5169,3508 5147,3513 5129,3552 5134,3584 5175,3689 5197,3724 5217,3745 5392,3849 5410,3860 5426,3854 5472,3818 5477,3798 5471,3758 5471,3744 5485,3725
	F:W 4672,14343 4673,14330 4663,14325 4652,14333 4645,14321 4654,14311 4651,14301 4652,14290 4720,14277 4752,14290 4757,14330 4735,14352 4701,14358 4672,14343
Utterslev Mose	F:W 5883,15688 5828,15680 5682,15659 5645,15658 5616,15658 5563,15646 5498,15633 5427,15608 5370,15549 5366,15493 5381,15466 5345,15490 5280,15506 5260,15470 5236,15470 5219,15489 5226,15522 5136,15557 5125,15572 5065,15613 5043,15650 5006,15646 5006,15661 5034,15663 5026,15706 5029,15735 5068,15812 5092,15914 5123,15935 5193,16005 5165,16031 5200,16019 5243,16047 5303,16053 5432,16042 5482,16025 5549,16031 5603,16023 5616,16056 5631,16048 5623,16010 5646,15996 5664,15970 5702,15895 5774,15806 5777,15781 5812,15775 5887,15795 5931,15824 5949,15852 5969,15866 5990,15865 5994,15857 6000,15846 5981,15855 5975,15826 6002,15801 6010,15766 6001,15754 5975,15747 5948,15718 5936,15713 5919,15714 5916,15701 5883,15688
	F:I 5163,15643 5141,15647 5122,15644 5114,15656 5100,15662 5081,15662 5061,15659 5057,15653 5059,15638 5069,15623 5077,15613 5097,15600 5120,15586 5130,15579 5138,15569 5147,15561 5163,15552 5208,15540 5228,15532 5225,15541 5224,15555 5228,15559 5234,15557 5234,15550 5238,15543 5241,15556 5244,15574 5248,15594 5241,15597 5237,15611 5229,15620 5213,15624 5207,15638 5194,15644 5179,15648 5167,15647 5163,15643
	F:I 5286,15973 5292,16002 5308,16028 5305,16040 5290,16043 5261,16039 5236,16030 5214,16014 5204,15998 5186,15985 5147,15949 5118,15919 5108,15906 5098,15885 5087,15858 5077,15816 5061,15783 5053,15770 5042,15743 5036,15714 5036,15693 5043,15672 5058,15673 5116,15704 5169,15737 5207,15775 5208,15786 5224,15807 5243,15858 5253,15884 5276,15929 5283,15947 5286,15973
	F:W 5000,17861 5018,17865 5025,17895 5013,17911 4993,17918 4982,17913 4975,17897 4973,17878 4979,17861 5000,17861
Vintappersøen	F:W 4921,20508 4930,20520 4931,20540 4952,20546 4960,20523 4965,20506 4983,20440 4998,20372 4998,20346 4991,20335 4977,20339 4951,20344 4926,20357 4901,20385 4885,20421 4880,20464 4902,20464 4913,20478 4905,20484 4891,20472 4873,20492 4884,20531 4912,20542 4913,20526 4903,20510 4908,20499 4921,20508
	W2 6968,25111 6952,25102 6906,25118 6858,25138 6827,25160 6811,25159 6800,25144 6753,25118 6635,25050 6595,25019 6494,24996 6359,24995 6243,25000 6195,25008 6144,25004 5960,24991 5934,24989 5914,24975 5815,24967 5797,24973 5665,25070 5606,25112 5581,25147 5520,25170 5493,25164 5392,25158 5324,25143 5275,25113 5193,25058 5151,25040 5102,25017 5090,25001 5060,24989 5042,24968 5025,24919 4995,24907 4983,24897 4955,24890 4919,24890 4882,24890
	F:W 4713,24711 4725,24706 4749,24722 4765,24738 4778,24768 4796,24809 4826,24830 4853,24848 4872,24862 4879,24879 4882,24890 4875,24893 4867,24893 4861,24900 4853,24898 4845,24903 4826,24909 4805,24896 4796,24891 4793,24886 4799,24872 4784,24847 4771,24837 4757,24808 4760,24793 4736,24734 4718,24720 4713,24711
	F:W 4819,25724 4889,25722 4902,25711 4937,25721 4951,25717 4990,25725 5017,25723 5029,25702 5025,25693 4993,25691 4975,25703 4944,25703 4920,25689 4904,25665 4885,25656 4860,25660 4817,25680 4810,25707 4819,25724
	F:W 4410,26693 4448,26683 4474,26684 4499,26706 4508,26724 4549,26734 4578,26752 4570,26775 4534,26797 4495,26795 4472,26775 4453,26747 4418,26728 4410,26693
	F:W 4771,27162 4790,27175 4817,27177 4850,27167 4870,27149 4872,27124 4866,27100 4876,27077 4904,27048 4943,27029 4984,27004 4992,26976 4983,26961 4953,26949 4924,26983 4880,27010 4854,27031 4833,27036 4818,27040 4806,27056 4802,27088 4770,27141 4771,27162
	F:W 4553,26992 4583,27003 4614,27001 4656,26999 4672,26990 4664,26983 4631,26983 4600,26977 4575,26967 4548,26966 4543,26979 4553,26992
	F:W 4600,27183 4596,27151 4550,27111 4493,27065 4407,27037 4356,27023 4311,27019 4225,27021 4224,27026 4254,27036 4287,27061 4308,27076 4406,27095 4453,27098 4505,27117 4539,27154 4551,27189 4576,27196 4600,27183
	F:W 4554,28465 4550,28453 4563,28434 4587,28431 4615,28435 4636,28450 4644,28471 4643,28490 4630,28500 4611,28497 4607,28483 4583,28482 4567,28477 4554,28465
	F:W 5412,7077 5420,7092 5432,7117 5443,7121 5456,7118 5462,7110 5460,7087 5454,7083 5448,7076 5450,7067 5437,7059 5425,7062 5412,7077
	F:W 5366,7100 5383,7101 5390,7108 5384,7117 5372,7122 5357,7113 5366,7100
	F:W 5447,7272 5455,7281 5452,7290 5444,7293 5438,7287 5439,7279 5447,7272
	F:W 5415,7198 5424,7202 5427,7213 5423,7219 5415,7218 5410,7210 5415,7198
	F:W 5823,7404 5831,7408 5922,7351 5918,7347 5903,7340 5891,7351 5883,7349 5859,7332 5848,7327 5841,7330 5847,7344 5840,7348 5833,7346 5819,7330 5806,7332 5823,7404
	F:W 5580,10782 5590,10779 5592,10763 5587,10735 5577,10724 5564,10714 5550,10712 5537,10717 5538,10730 5552,10755 5566,10764 5573,10775 5580,10782
	F:W 5793,10506 5795,10518 5799,10525 5804,10528 5817,10528 5828,10524 5832,10514 5829,10505 5827,10499 5827,10491 5826,10481 5822,10472 5815,10468 5807,10468 5809,10456 5799,10448 5788,10459 5789,10476 5781,10478 5786,10487 5781,10494 5781,10502 5786,10505 5793,10506
	F:W 5848,11001 5863,11005 5883,11006 5893,11009 5902,11015 5917,11021 5929,11022 5944,11018 5953,11017 5965,11020 5972,11028 5972,11039 5967,11052 5964,11062 5965,11077 5967,11086 5973,11092 5980,11092 5989,11094 5999,11100 6011,11108 6023,11111 6034,11114 6054,11108 6066,11100 6071,11089 6078,11082 6088,11077 6097,11072 6097,11065 6095,11054 6090,11038 6081,11026 6072,11017 6074,11007 6079,10999 6081,10989 6080,10982 6082,10973 6084,10963 6083,10954 6080,10936 6087,10925 6092,10915 6104,10907 6112,10897 6119,10883 6118,10871 6118,10857 6118,10846 6113,10842 6106,10835 6102,10825 6104,10816 6105,10809 6101,10803 6093,10797 6089,10789 6089,10775 6084,10763 6073,10757 6054,10749 6043,10745 6035,10741 6031,10730 6032,10721 6042,10715 6053,10711 6061,10705 6064,10695 6065,10678 6067,10666 6059,10657 6041,10647 6027,10640 6017,10636 6004,10634 5990,10634 5976,10637 5958,10644 5927,10644 5915,10647 5897,10659 5873,10679 5868,10683 5860,10686 5847,10687 5835,10686 5822,10685 5801,10687 5791,10695 5782,10707 5777,10718 5776,10730 5776,10735 5777,10747 5784,10758 5796,10765 5815,10772 5834,10778 5849,10787 5858,10799 5859,10813 5854,10822 5837,10835 5833,10847 5833,10859 5841,10875 5846,10893 5851,10908 5849,10920 5842,10928 5826,10945 5819,10958 5821,10969 5826,10983 5836,10992 5848,11001
	F:I 5320,15656 5310,15622 5302,15592 5293,15562 5287,15534 5287,15520 5295,15512 5311,15512 5332,15506 5355,15502 5359,15510 5360,15522 5360,15546 5360,15567 5363,15574 5373,15584 5395,15603 5415,15617 5448,15632 5460,15637 5472,15637 5474,15642 5472,15652 5459,15669 5446,15677 5431,15686 5420,15692 5410,15689 5401,15683 5383,15681 5375,15677 5357,15677 5344,15676 5332,15666 5320,15656
	F:I 5637,15679 5657,15677 5666,15673 5690,15671 5701,15674 5696,15681 5684,15686 5669,15696 5653,15703 5631,15699 5615,15688 5602,15679 5615,15676 5629,15680 5637,15679
	F:I 5433,16032 5414,16034 5399,16031 5397,16016 5404,15997 5406,15980 5399,15973 5394,15962 5389,15956 5371,15952 5360,15947 5360,15919 5371,15910 5392,15912 5427,15926 5438,15924 5463,15920 5492,15934 5500,15941 5521,15943 5557,15967 5575,15977 5598,16001 5598,16010 5578,16018 5551,16023 5529,16022 5511,16017 5490,16014 5469,16020 5447,16029 5433,16032
	F:I 5772,15688 5803,15688 5843,15688 5849,15693 5839,15696 5816,15695 5806,15695 5795,15701 5787,15707 5776,15704 5772,15688
	F:I 5641,15772 5666,15778 5695,15785 5710,15788 5724,15788 5743,15787 5767,15786 5767,15803 5756,15814 5738,15834 5727,15841 5716,15857 5699,15884 5685,15907 5668,15940 5656,15963 5651,15978 5638,15986 5620,15990 5612,15987 5601,15973 5583,15958 5558,15940 5545,15925 5528,15912 5514,15900 5505,15881 5497,15868 5500,15848 5514,15828 5532,15804 5558,15784 5584,15772 5612,15766 5641,15772
	F:I 5445,15844 5424,15842 5412,15834 5400,15827 5397,15818 5381,15817 5375,15812 5377,15802 5385,15792 5394,15787 5395,15775 5406,15770 5420,15758 5436,15747 5457,15747 5476,15752 5487,15763 5492,15773 5488,15780 5487,15786 5498,15788 5498,15800 5491,15812 5479,15824 5470,15836 5459,15841 5445,15844
	F:W 5359,25754 5370,25763 5379,25762 5396,25752 5405,25751 5414,25762 5447,25766 5464,25801 5462,25843 5451,25864 5437,25867 5430,25862 5426,25846 5412,25839 5400,25857 5390,25861 5379,25854 5369,25837 5344,25816 5335,25797 5338,25768 5344,25755 5359,25754
	F:W 5482,26249 5488,26227 5483,26203 5474,26185 5464,26176 5450,26178 5441,26194 5435,26215 5441,26234 5464,26252 5482,26249
	F:W 5402,27883 5388,27887 5382,27899 5388,27917 5402,27957 5415,27965 5435,28011 5460,28029 5476,28022 5481,28010 5476,27987 5463,27962 5447,27948 5447,27935 5451,27920 5433,27894 5412,27880 5402,27883
	W 6057,7188 6078,7001 6077,6986 6076,6971 6081,6951 6088,6935 6090,6916 6089,6900 6094,6872 6100,6845 6105,6818 6109,6788
	F:W 6527,8178 6570,8156 6606,8141 6632,8142 6641,8154 6639,8172 6564,8210 6551,8215 6518,8193 6527,8178
	F:I 5884,15762 5893,15782 5882,15786 5873,15782 5862,15779 5844,15772 5841,15767 5850,15764 5860,15765 5872,15760 5884,15762
	F:I 5965,15830 5971,15838 5973,15856 5967,15858 5961,15853 5958,15845 5955,15837 5948,15836 5945,15827 5945,15821 5956,15824 5965,15830
Gentofte Sø	F:W 6378,18610 6343,18679 6298,18691 6308,18752 6269,18824 6220,18902 6210,19006 6231,19099 6252,19195 6251,19273 6263,19375 6348,19503 6385,19398 6428,19263 6438,19181 6480,19077 6507,19030 6525,18975 6583,18829 6602,18781 6621,18693 6626,18618 6596,18563 6594,18536 6595,18465 6591,18433 6541,18410 6435,18411 6404,18416 6388,18427 6356,18483 6355,18538 6375,18574 6378,18610
	F:W 6430,20827 6444,20815 6462,20766 6381,20748 6317,20747 6303,20749 6288,20755 6276,20770 6279,20787 6297,20798 6351,20815 6367,20826 6409,20832 6430,20827
	F:W 6187,20956 6197,20958 6207,20953 6218,20956 6220,20959 6226,20952 6245,20946 6247,20934 6239,20922 6222,20919 6201,20924 6189,20922 6184,20928 6184,20937 6178,20946 6187,20956
	F:W 6116,20766 6124,20763 6127,20751 6140,20751 6152,20755 6162,20760 6177,20757 6177,20750 6165,20745 6160,20749 6154,20743 6156,20736 6150,20732 6130,20726 6099,20725 6075,20726 6067,20736 6066,20749 6068,20760 6077,20769 6080,20774 6076,20779 6079,20787 6094,20790 6108,20791 6116,20779 6107,20777 6116,20766
	F:W 5829,21440 5827,21434 5818,21429 5811,21435 5809,21443 5819,21448 5829,21440
	F:W 6127,21794 6138,21790 6138,21770 6132,21766 6133,21754 6126,21742 6117,21737 6107,21743 6115,21759 6109,21769 6118,21779 6124,21779 6127,21794
	F:W 5706,27662 5675,27615 5652,27605 5636,27619 5652,27655 5686,27675 5703,27678 5706,27662
	F:W 6203,27065 6239,27086 6282,27122 6279,27135 6262,27138 6200,27125 6156,27084 6170,27066 6187,27060 6203,27065
	F:W 6940,1691 7064,1612 7050,1590 7074,1553 7008,1473 6982,1481 6964,1481 6964,1489 6920,1507 6902,1563 6886,1585 6880,1603 6845,1632 6841,1657 6852,1681 6888,1676 6940,1691
	F:W 7477,1387 7554,1359 7577,1343 7602,1271 7588,1260 7559,1257 7526,1269 7497,1296 7470,1317 7443,1338 7437,1362 7451,1381 7477,1387
	F:W 7109,5843 7166,5906 7172,5908 7181,5905 7185,5897 7211,5850 7222,5830 7253,5791 7256,5783 7243,5774 7208,5765 7094,5728 7033,5708 7030,5715 7035,5727 7055,5763 7109,5843
	F:W 6719,20137 6735,20121 6717,20104 6689,20093 6654,20101 6638,20106 6619,20115 6632,20124 6635,20139 6658,20158 6689,20175 6722,20180 6730,20163 6706,20160 6674,20152 6676,20136 6685,20121 6701,20125 6719,20137
	F:W 6584,19319 6595,19311 6594,19293 6599,19235 6589,19225 6575,19225 6560,19234 6553,19257 6555,19280 6560,19300 6567,19304 6570,19316 6584,19319
	F:W 6648,20862 6658,20862 6682,20848 6698,20848 6720,20854 6738,20843 6764,20831 6775,20823 6782,20815 6771,20803 6777,20794 6771,20790 6774,20771 6785,20762 6792,20736 6800,20727 6811,20725 6860,20731 6864,20721 6879,20726 6881,20719 6857,20713 6810,20711 6810,20704 6802,20704 6798,20714 6726,20708 6710,20711 6682,20710 6658,20717 6647,20750 6646,20833 6636,20847 6635,20867 6648,20862
	F:W 6756,21236 6754,21245 6762,21258 6779,21269 6792,21301 6809,21307 6816,21297 6786,21256 6794,21243 6776,21228 6756,21236
	F:W 7062,21743 7093,21746 7120,21740 7147,21723 7174,21703 7161,21674 7129,21641 7094,21633 7092,21622 7054,21620 7015,21633 6993,21635 6989,21660 7006,21694 7028,21718 7062,21743
	F:W 6424,21741 6430,21734 6426,21713 6416,21710 6412,21722 6416,21734 6424,21741
	F:W 7285,25511 7291,25489 7302,25510 7305,25522 7330,25537 7358,25547 7376,25540 7394,25532 7418,25532 7432,25542 7445,25530 7588,25503 7743,25469 7768,25474 7781,25464 7842,25449 7899,25434 7921,25419 7927,25399 7929,25301 7900,25295 7885,25312 7846,25323 7821,25316 7812,25329 7740,25374 7636,25428 7569,25492 7493,25510 7440,25520 7393,25522 7366,25519 7308,25505 7291,25478 7323,25396 7333,25371 7332,25353 7324,25339 7313,25325 7301,25300 7257,25273 7253,25259 7214,25230 7198,25246 7208,25268 7215,25285 7200,25310 7175,25309 7153,25294 7138,25273 7118,25235 7098,25189 7073,25158 7051,25151 7026,25148 7002,25134 6976,25103 6968,25111 6961,25118 6975,25137 6994,25150 7029,25165 7058,25175 7078,25192 7098,25221 7116,25271 7153,25319 7177,25333 7169,25361 7166,25377 7138,25397 7152,25425 7183,25462 7212,25489 7248,25482 7285,25511
	F:W 6609,25595 6606,25560 6596,25528 6582,25517 6567,25528 6564,25553 6577,25587 6587,25609 6603,25608 6609,25595
	F:W 6394,27480 6409,27474 6434,27479 6476,27505 6489,27525 6479,27533 6457,27532 6397,27490 6394,27480
	F:W 8024,6845 8022,6871 8020,6899 8013,6927 8003,6951 7993,6976 7989,6988 7988,6997 7997,6999 8050,6995 8115,6999 8169,7000 8188,7007 8202,7018 8242,7023 8220,7008 8187,6979 8095,6875 8035,6808 8020,6800 8020,6813 8024,6845
	F:W 8344,7156 8379,7156 8413,7161 8440,7155 8467,7154 8522,7147 8527,7140 8438,7144 8362,7145 8074,7164 8054,7168 8046,7181 8043,7333 7994,7348 8000,7363 8051,7343 8062,7182 8084,7179 8126,7173 8169,7167 8230,7167 8273,7161 8344,7156
Emdrup Sø	F:W 7579,16223 7612,16191 7632,16201 7679,16203 7737,16190 7765,16122 7759,16116 7673,16113 7582,16121 7546,16136 7510,16147 7498,16067 7472,16020 7455,15992 7361,16015 7307,16000 7279,16019 7274,16072 7282,16080 7285,16143 7351,16147 7396,16184 7476,16237 7500,16245 7529,16234 7579,16223
	F:W 7626,21345 7617,21350 7599,21339 7605,21328 7588,21315 7574,21310 7574,21302 7560,21296 7555,21290 7565,21287 7585,21304 7598,21294 7610,21289 7637,21289 7664,21302 7690,21327 7708,21323 7747,21344 7754,21358 7771,21365 7790,21366 7782,21381 7769,21391 7750,21412 7739,21418 7717,21419 7697,21413 7686,21399 7676,21390 7668,21406 7659,21404 7654,21389 7624,21376 7643,21362 7638,21351 7626,21345
	F:W 7080,24760 7101,24757 7115,24748 7129,24723 7143,24700 7156,24683 7152,24658 7157,24645 7156,24619 7164,24601 7189,24598 7198,24578 7191,24560 7191,24539 7178,24525 7171,24514 7159,24518 7138,24519 7106,24526 7091,24544 7089,24565 7079,24588 7074,24632 7049,24634 7034,24644 7033,24660 7025,24674 7020,24693 7023,24712 7028,24729 7035,24743 7047,24752 7058,24757 7080,24760
	F:W 7461,24258 7443,24264 7430,24259 7422,24248 7422,24236 7436,24230 7457,24240 7461,24258
	F:W 7460,28235 7462,28198 7474,28185 7494,28197 7495,28264 7474,28261 7460,28235
	F:W 8685,-1706 8617,-1654 8560,-1585 8567,-1550 8573,-1499 8583,-1464 8549,-1475 8525,-1462 8524,-1424 8503,-1424 8495,-1389 8528,-1352 8523,-1272 8517,-1246 8499,-1248 8492,-1229 8523,-1192 8542,-1223 8566,-1273 8619,-1369 8632,-1427 8628,-1493 8638,-1593 8685,-1706
	F:W 8679,-1520 8694,-1526 8698,-1552 8720,-1557 8731,-1575 8726,-1597 8732,-1627 8744,-1608 8759,-1636 8771,-1678 8804,-1684 8842,-1750 8764,-1787 8742,-1780 8731,-1763 8714,-1715 8703,-1687 8718,-1665 8711,-1637 8694,-1611 8672,-1604 8670,-1571 8673,-1539 8679,-1520
	F:W 9680,-2013 9690,-2020 9690,-2041 9692,-2054 9739,-2083 9745,-2074 9772,-2073 9791,-2072 9807,-2080 9824,-2090 9844,-2083 9871,-2073 9874,-2084 9855,-2093 9854,-2122 9840,-2109 9816,-2103 9817,-2127 9836,-2149 9877,-2160 9909,-2163 9920,-2143 9925,-2108 9942,-2106 9958,-2102 9963,-2080 9955,-2039 9972,-2038 9983,-2015 10010,-1984 10024,-1986 10019,-2011 10003,-2098 10003,-2167 9981,-2177 9919,-2176 9878,-2189 9851,-2206 9833,-2210 9808,-2192 9753,-2170 9700,-2146 9665,-2142 9643,-2142 9617,-2115 9557,-2107 9488,-2126 9431,-2150 9414,-2134 9400,-2116 9393,-2148 9372,-2166 9320,-2157 9250,-2136 9195,-2114 9164,-2113 9123,-2099 9060,-2068 9033,-2046 9069,-2049 9097,-2067 9147,-2067 9272,-2067 9302,-2080 9305,-2117 9341,-2144 9373,-2143 9370,-2111 9357,-2070 9338,-2035 9301,-2029 9261,-2032 9214,-2045 9196,-2022 9164,-2045 9112,-2042 9114,-2012 9082,-2033 9022,-2030 8981,-2005 8936,-1999 8900,-1951 8870,-1924 8783,-1851 8782,-1820 8870,-1783 8886,-1791 8965,-1850 9025,-1881 9025,-1905 9044,-1909 9056,-1883 9129,-1894 9349,-1915 9456,-1920 9629,-1952 9680,-2013
	F:W 8594,7054 8599,7061 8605,7084 8709,7087 9399,7043 9399,7035 8810,7066 8774,7045 8649,6971 8400,6822 8255,6944 8261,6957 8278,6973 8295,6984 8322,6998 8351,7010 8386,7022 8433,7035 8458,7040 8488,7046 8525,7050 8560,7051 8574,7050 8584,7051 8594,7054
	F:W 8219,7062 8164,7051 8127,7049 8080,7088 8085,7135 8414,7115 8424,7111 8414,7102 8377,7094 8287,7075 8219,7062
Sankt Jørgens Sø	F:W 8227,11167 8038,11190 8088,11545 8107,11552 8155,11538 8187,11522 8232,11494 8268,11466 8227,11167
Sankt Jørgens Sø	F:W 8176,10819 8128,10813 8091,10743 7988,10710 7975,10729 8033,11138 8222,11112 8176,10819
Peblinge Sø	F:W 8948,12533 8852,12425 8617,12133 8594,12131 8572,12110 8518,12145 8457,12184 8461,12202 8457,12223 8818,12663 8863,12702 8950,12624 8970,12593 8969,12565 8948,12533
	F:W 8441,12156 8556,12087 8547,12070 8548,12047 8556,12027 8420,11779 8297,11556 8245,11587 8248,11595 8243,11605 8203,11628 8195,11627 8190,11620 8132,11654 8277,11919 8396,12136 8415,12139 8429,12147 8441,12156
	F:W 8565,13915 8599,13945 8609,13961 8614,13993 8602,14026 8605,14063 8619,14074 8634,14074 8643,14052 8655,14027 8678,14016 8677,13995 8663,13970 8662,13945 8680,13917 8676,13884 8651,13867 8632,13848 8633,13833 8600,13800 8582,13780 8584,13764 8574,13737 8553,13720 8541,13738 8560,13755 8556,13777 8568,13798 8582,13810 8581,13832 8571,13845 8577,13887 8585,13897 8565,13915
	F:W 8496,16109 8513,16095 8543,16098 8570,16119 8589,16141 8616,16152 8650,16139 8660,16126 8642,16098 8629,16066 8616,16041 8573,16011 8547,16007 8528,15996 8495,15982 8487,15995 8507,16007 8498,16031 8482,16049 8462,16057 8470,16070 8490,16082 8496,16109
	F:W 8505,16063 8509,16042 8519,16027 8542,16021 8549,16037 8535,16054 8534,16072 8513,16082 8505,16063
	F:W 8360,21851 8344,21858 8325,21883 8309,21878 8303,21863 8323,21826 8311,21822 8309,21834 8299,21850 8282,21851 8272,21867 8244,21870 8223,21844 8230,21832 8216,21810 8195,21802 8193,21783 8168,21762 8173,21743 8188,21730 8207,21731 8229,21730 8249,21722 8273,21699 8295,21689 8311,21695 8333,21702 8355,21720 8380,21722 8367,21736 8371,21749 8387,21752 8415,21734 8506,21800 8503,21816 8486,21819 8461,21818 8408,21831 8394,21849 8384,21859 8360,21851
	F:W 8271,22818 8258,22827 8247,22814 8234,22800 8236,22787 8246,22783 8266,22785 8274,22808 8271,22818
	F:W 7901,23795 7913,23813 7877,23800 7884,23795 7901,23795
	F:W 8032,23765 8020,23759 8024,23748 8036,23738 8059,23738 8066,23749 8065,23768 8032,23765
	F:W 8030,24402 8023,24389 8024,24373 8033,24364 8049,24367 8058,24378 8048,24390 8042,24401 8030,24402
	F:W 8115,27731 8133,27683 8158,27617 8190,27617 8221,27666 8249,27718 8275,27753 8239,27790 8206,27830 8168,27834 8121,27839 8128,27817 8157,27810 8174,27818 8175,27781 8172,27759 8115,27731
	F:W 8189,28905 8201,28890 8209,28873 8198,28858 8221,28851 8254,28859 8263,28878 8245,28915 8209,28923 8189,28905
	F:W 8146,28981 8179,28955 8204,28974 8202,28984 8168,29006 8164,29014 8149,29012 8146,28981
	F:W 7687,28219 7689,28199 7683,28175 7663,28166 7650,28176 7642,28202 7660,28223 7676,28225 7687,28219
	F:W 9010,-1661 8917,-1652 8904,-1736 8975,-1746 9016,-1754 9050,-1759 9055,-1741 9059,-1711 9067,-1685 9066,-1670 9059,-1663 9047,-1662 9053,-1650 9060,-1653 9075,-1665 9077,-1681 9074,-1707 9065,-1750 9058,-1767 9046,-1769 8899,-1750 8893,-1742 8892,-1728 8907,-1647 8917,-1639 8979,-1647 9015,-1653 9010,-1661
	F:W 9587,6028 9554,6028 9529,6027 9500,6023 9473,6019 9445,6013 9417,6009 9370,6004 9371,6013 9419,6018 9444,6022 9471,6028 9500,6033 9529,6035 9556,6037 9589,6037 9587,6028
	F:W 9306,6010 9225,6026 9226,6035 9308,6019 9326,6016 9347,6015 9345,6007 9324,6007 9306,6010
	F:W 8931,10759 8940,10754 8933,10746 8940,10738 8956,10729 8978,10721 8986,10708 8975,10670 8953,10679 8960,10706 8942,10715 8926,10708 8914,10711 8907,10725 8890,10734 8874,10739 8865,10761 8874,10772 8875,10787 8889,10790 8885,10773 8900,10761 8913,10756 8931,10759
Ørstedparkens sø	F:W 8683,11489 8682,11465 8685,11449 8686,11409 8672,11384 8665,11376 8646,11366 8623,11369 8616,11383 8617,11404 8629,11422 8621,11452 8632,11470 8624,11492 8623,11521 8631,11545 8640,11566 8659,11588 8671,11603 8706,11620 8744,11629 8796,11622 8813,11603 8823,11584 8804,11562 8773,11556 8743,11555 8714,11551 8697,11551 8679,11537 8679,11513 8683,11489
	F:W 9237,12051 9213,12031 9203,12034 9189,12032 9185,12021 9169,12022 9157,12028 9150,12040 9150,12065 9158,12075 9174,12075 9186,12068 9199,12067 9208,12074 9215,12085 9211,12095 9213,12107 9216,12119 9213,12128 9199,12145 9202,12158 9208,12175 9213,12187 9204,12199 9204,12209 9213,12220 9227,12220 9234,12213 9231,12199 9223,12173 9227,12156 9231,12146 9235,12133 9251,12098 9251,12071 9237,12051
Sortedams Sø	F:W 9307,12995 9235,12847 9045,12651 8980,12676 8930,12713 8904,12737 8932,12780 8927,12789 9070,12936 9126,13044 9174,13118 9480,13355 9555,13194 9307,12995
	F:W 8711,13116 8698,13103 8688,13112 8703,13124 8711,13116
	F:W 8724,13143 8795,13208 8805,13200 8732,13134 8724,13143
	F:W 8708,15315 8670,15292 8607,15266 8574,15227 8592,15199 8633,15194 8666,15209 8686,15208 8732,15230 8760,15260 8736,15299 8708,15315
	F:W 8584,16073 8574,16056 8588,16049 8610,16060 8624,16077 8631,16097 8616,16101 8595,16092 8584,16073
	F:W 9129,17891 9154,17883 9160,17870 9161,17888 9152,17897 9128,17905 9121,17911 9122,17928 9120,17945 9106,17956 9092,17968 9071,18011 9100,17902 9129,17891
	F:W 9015,20768 9002,20771 8986,20781 8981,20796 8986,20810 9008,20805 9020,20799 9024,20781 9015,20768
	F:W 8807,22158 8782,22159 8761,22154 8744,22141 8739,22121 8749,22098 8768,22079 8780,22061 8786,21998 8776,21984 8780,21959 8803,21954 8829,21956 8908,21982 8928,21992 8926,22009 8911,22022 8892,22039 8858,22095 8846,22124 8831,22148 8807,22158
	F:W 8562,23328 8555,23332 8539,23325 8538,23309 8544,23298 8559,23286 8573,23280 8590,23285 8593,23302 8586,23305 8573,23306 8566,23296 8555,23304 8561,23317 8562,23328
	F:W 8564,24087 8555,24085 8548,24066 8547,24045 8563,24036 8580,24029 8594,24016 8610,24012 8618,24023 8626,24046 8622,24056 8606,24056 8582,24067 8573,24081 8564,24087
	F:W 8517,24805 8505,24812 8506,24803 8518,24794 8538,24781 8548,24778 8555,24784 8552,24794 8541,24800 8531,24800 8517,24805
	F:W 9142,25703 9156,25690 9170,25702 9182,25675 9207,25641 9234,25614 9258,25620 9271,25625 9292,25615 9314,25604 9331,25598 9371,25587 9392,25585 9405,25580 9395,25575 9391,25565 9393,25554 9385,25548 9388,25540 9397,25530 9394,25526 9383,25530 9371,25521 9353,25523 9333,25523 9318,25518 9300,25509 9287,25525 9272,25539 9271,25561 9263,25566 9262,25576 9247,25582 9231,25581 9207,25570 9161,25680 9148,25674 9130,25673 9111,25675 9103,25670 9105,25662 9043,25650 9063,25673 9033,25687 9026,25681 9020,25693 9012,25696 9007,25709 8988,25707 8984,25716 9007,25718 9024,25712 9035,25700 9049,25691 9057,25691 9074,25686 9080,25679 9092,25692 9087,25707 9082,25702 9066,25714 9048,25730 9039,25742 9022,25746 9038,25757 9063,25761 9075,25755 9088,25759 9104,25755 9116,25756 9125,25764 9135,25762 9145,25759 9126,25748 9123,25739 9134,25722 9142,25703
	F:W 9773,-2034 9756,-2046 9736,-2034 9716,-2013 9694,-1995 9688,-1987 9678,-1962 9708,-1972 9733,-1994 9756,-2008 9773,-2034
	F:W 9671,6013 9636,6022 9611,6025 9613,6033 9637,6030 9673,6023 9717,6010 9715,6002 9671,6013
	F:W 9745,6001 9794,5978 9829,5959 9853,5948 9872,5945 9870,5934 9851,5939 9824,5952 9789,5969 9743,5992 9745,6001
	F:W 10008,8362 10003,8390 10074,8418 10117,8408 10113,8379 10095,8361 10080,8318 10102,8253 10070,8224 10044,8144 10065,8117 10048,8070 10013,8036 9963,8038 9949,8073 9959,8096 9948,8134 9960,8154 9936,8202 9942,8276 9950,8321 9950,8352 9973,8372 9990,8358 10008,8362
	F:W 9818,10194 9809,10207 9766,10215 9742,10230 9740,10241 9801,10259 9843,10315 9928,10291 9937,10228 10004,10166 10088,10198 10119,10265 10200,10253 10216,10193 10302,10138 10366,10199 10374,10265 10448,10294 10488,10243 10588,10221 10615,10317 10600,10356 10607,10369 10620,10364 10682,10246 10627,10164 10608,10153 10312,10070 10070,10093 9880,10142 9823,10163 9818,10194
	F:W 9707,10807 9721,10788 9742,10800 9728,10819 9707,10807
	F:W 9465,12086 9522,12049 9449,11957 9382,12007 9399,12027 9434,12001 9429,11995 9452,11975 9469,12012 9480,12029 9487,12026 9509,12043 9483,12056 9475,12051 9457,12073 9465,12086
	F:W 9481,12469 9602,12472 9620,12453 9603,12439 9481,12437 9467,12448 9481,12469
	F:W 9632,12473 9619,12496 9642,12626 9679,12641 9820,12624 9837,12603 9815,12587 9684,12602 9677,12597 9655,12482 9632,12473
	F:W 9864,12648 9903,12747 9924,12772 9983,12772 9992,12761 9982,12750 9936,12747 9894,12660 9883,12646 9864,12648
	F:W 9400,21185 9398,21159 9394,21142 9382,21129 9363,21129 9352,21133 9341,21149 9344,21170 9352,21185 9374,21189 9391,21189 9400,21185
	F:W 9174,24832 9150,24836 9140,24815 9146,24805 9167,24815 9174,24832
	F:W 11056,10393 11017,10368 10959,10344 10930,10328 10918,10317 10814,10281 10796,10286 10784,10282 10776,10267 10738,10263 10731,10284 10751,10286 10756,10296 10746,10343 10722,10379 10685,10361 10656,10401 10672,10419 10694,10419 10776,10433 10815,10437 10887,10514 10894,10556 11018,10595 11064,10551 11159,10533 11194,10607 11189,10656 11294,10731 11354,10704 11434,10725 11450,10808 11430,10847 11498,10951 11517,10955 11558,10945 11644,10983 11638,11066 11591,11118 11635,11217 11696,11229 11770,11283 11736,11371 11696,11402 11705,11466 11720,11494 11739,11516 11779,11536 11821,11609 11758,11693 11723,11713 11716,11735 11711,11817 11720,11826 11746,11838 11759,11849 11770,11868 11794,11917 11836,11942 11842,11936 11846,11743 11853,11696 11867,11580 11838,11439 11837,11410 11827,11315 11760,11137 11704,10997 11643,10914 11462,10679 11304,10571 11198,10497 11173,10476 11092,10447 11082,10438 11058,10407 11056,10393
	F:W 10475,12319 10503,12343 10507,12361 10615,12441 10627,12435 10616,12396 10484,12297 10475,12319
	F:W 10286,12694 10293,12708 10407,12800 10417,12806 10419,12818 10437,12933 10443,12972 10454,12983 10468,12990 10487,12990 10495,12988 10621,12910 10625,12901 10616,12859 10589,12867 10586,12893 10493,12952 10481,12956 10472,12951 10454,12844 10469,12824 10432,12761 10407,12763 10315,12690 10316,12681 10413,12609 10439,12613 10481,12556 10464,12533 10491,12426 10506,12422 10600,12486 10604,12509 10630,12518 10644,12476 10501,12383 10466,12392 10437,12509 10432,12540 10426,12559 10416,12577 10288,12668 10286,12694
	F:W 10318,12520 10328,12568 10199,12661 10192,12676 10203,12680 10251,12646 10270,12644 10355,12590 10365,12572 10355,12543 10344,12518 10416,12506 10447,12384 10428,12370 10397,12480 10350,12489 10318,12520
	F:W 10406,12931 10408,12898 10405,12864 10384,12863 10342,12858 10369,12893 10406,12931
	F:W 10264,12754 10285,12774 10309,12791 10318,12795 10321,12808 10311,12825 10330,12845 10361,12796 10354,12786 10311,12754 10275,12723 10254,12724 10202,12689 10191,12692 10195,12709 10211,12722 10264,12754
	F:W 10047,18626 10040,18610 10029,18597 10013,18585 9907,18582 9843,18655 9844,18788 9927,18924 9955,18943 9968,18947 9983,18942 10046,18910 10047,18626
	F:W 10111,21451 10118,21431 10117,21409 10102,21384 10087,21386 10068,21416 10084,21433 10096,21449 10103,21516 10117,21561 10128,21542 10129,21519 10113,21501 10113,21482 10111,21451
	F:W 9778,21699 9789,21687 9802,21673 9821,21672 9862,21677 9898,21682 9906,21687 9902,21702 9892,21706 9857,21706 9807,21702 9778,21699
	F:W 11423,11056 11479,11180 11174,11306 11182,11320 11375,11245 11389,11272 11443,11252 11472,11314 11455,11321 11484,11370 11532,11615 11515,11761 11425,11795 11456,11866 11475,11872 11568,11875 11631,11868 11640,11858 11650,11714 11644,11590 11635,11475 11615,11355 11567,11232 11535,11160 11505,11093 11291,10851 11267,10835 11241,10823 11218,10820 11187,10818 11167,10819 11149,10829 11134,10838 11119,10852 11072,11033 11086,11047 11136,10861 11253,10861 11423,11056
	F:W 11870,11240 11839,11162 11867,11116 11873,11100 11870,11070 11856,11045 11832,11029 11775,11019 11747,10956 11735,10926 11666,10842 11674,10801 11669,10780 11652,10761 11627,10754 11597,10752 11573,10722 11505,10644 11313,10515 11312,10502 11309,10475 11299,10460 11283,10452 11267,10449 11239,10456 11077,10344 11055,10326 11042,10282 11030,10272 11015,10265 11003,10263 10968,10275 10958,10277 10788,10219 10778,10223 10775,10235 10949,10296 10960,10297 11005,10284 11014,10284 11024,10293 11045,10339 11228,10470 11265,10462 11281,10461 11292,10467 11298,10477 11300,10501 11305,10525 11494,10653 11548,10722 11591,10770 11636,10775 11653,10784 11660,10803 11651,10845 11728,10947 11768,11043 11825,11059 11839,11070 11844,11080 11846,11099 11843,11108 11814,11146 11859,11260 11867,11287 11878,11374 11930,11398 11939,11416 11944,11436 11930,11460 11900,11487 11902,11536 11910,11551 11914,11586 11903,11724 11909,11731 11934,11749 11939,11758 11938,11771 11934,11782 11884,11811 11879,11824 11948,11786 11955,11768 11951,11747 11938,11727 11921,11714 11933,11602 11931,11583 11917,11505 11958,11468 11967,11447 11972,11427 11963,11400 11949,11383 11895,11353 11889,11346 11876,11258 11870,11240
	F:I 10935,10484 10955,10449 11001,10417 11034,10496 10984,10509 10935,10484
	F:W 10846,12746 10829,12745 10808,12721 10804,12703 10811,12668 10821,12654 10835,12645 10853,12572 10837,12524 10830,12490 10816,12480 10809,12485 10800,12486 10792,12483 10781,12463 10727,12461 10690,12380 10679,12377 10635,12393 10641,12424 10675,12404 10702,12469 10661,12478 10645,12525 10672,12529 10690,12509 10807,12501 10815,12512 10779,12635 10750,12645 10743,12741 10769,12752 10774,12759 10806,12876 10797,12885 10681,12872 10660,12855 10635,12857 10644,12900 10722,12907 10795,12922 10820,12919 10835,12916 10850,12899 10856,12876 10846,12746
	F:W 10740,15260 10829,15454 10976,15407 10958,15343 10955,15303 10963,15263 11046,15397 11224,15340 11235,15313 11288,15291 11264,15230 11103,15281 11072,15203 11058,15173 11045,15167 11007,15183 10963,15202 10949,15232 10926,15204 10740,15260
	F:W 11617,4671 11619,4645 11639,4640 11667,4655 11664,4678 11638,4687 11617,4671
	F:W 11596,12079 11593,12095 11613,12102 11619,12117 11665,12169 11672,12212 11680,12223 11706,12230 11720,12227 11735,12218 11756,12186 11768,12158 11767,12145 11782,12136 11784,12118 11793,12108 11795,12082 11795,12074 11830,11985 11829,11971 11822,11963 11792,11947 11780,11943 11767,11950 11717,11988 11705,11994 11692,11995 11662,11999 11652,12007 11649,12012 11624,12080 11596,12079
	F:W 11868,15885 11860,15892 11801,15920 11794,15928 11786,15975 11775,15995 11770,16023 11776,16034 11792,16033 11935,15959 11942,15948 11946,15884 11942,15868 11928,15865 11878,15877 11868,15885
	W2 13214,-177 13213,-168 13204,-160 13190,-149 13140,-99 13113,-71 13050,-14 12812,215 12726,296 12707,316 12666,327 12585,348 12251,429 12263,456 12280,480 12287,494 12290,527 12297,550 12306,567 12315,592 12318,612 12323,635 12333,662 12344,681 12347,703 12355,722 12365,753 12377,792 12382,822 12392,842 12404,857 12410,879 12431,957 12448,1025 12455,1052 12440,1146 12427,1246 12408,1294 12394,1329 12391,1431 12399,1439 12414,1448 12435,1462 12453,1483 12475,1516 12494,1550 12531,1605 12547,1631 12571,1695 12592,1753 12619,1853 12646,1972 12664,2041 12669,2071 12673,2114 12675,2136 12679,2146 12687,2148
	F:W 12583,1586 12591,1578 12595,1569 12595,1555 12587,1541 12581,1534 12575,1527 12564,1523 12555,1521 12546,1521 12543,1527 12534,1526 12529,1530 12531,1542 12533,1551 12538,1559 12547,1564 12555,1572 12558,1580 12569,1583 12583,1586
	F:W 12458,1442 12479,1438 12493,1439 12500,1432 12500,1418 12495,1408 12492,1401 12485,1403 12479,1408 12473,1412 12449,1422 12445,1427 12447,1437 12458,1442
	F:W 12612,13401 12621,13258 12598,13255 12573,13268 12533,13273 12504,13272 12482,13264 12465,13254 12314,13410 12316,13429 12612,13401
	F:W 12658,13060 12640,13402 12916,13375 12928,13369 12986,13110 12832,13008 12822,13008 12666,13052 12658,13060
	F:W 12264,15753 12276,15750 12413,15665 12431,15649 12437,15633 12438,15547 12428,15540 12400,15538 12359,15554 12323,15572 12291,15601 12268,15633 12253,15668 12261,15687 12268,15706 12274,15722 12268,15730 12265,15742 12264,15753
	F:W 12083,15862 12168,15809 12185,15797 12185,15787 12176,15777 12162,15765 12146,15764 12077,15790 12065,15800 12054,15817 12041,15832 12004,15842 11979,15850 11967,15860 11965,15918 11976,15925 11988,15920 12083,15862
	F:W 13739,7846 13771,7778 13857,7801 13872,7816 13879,7833 13879,7846 13874,7857 13861,7874 13846,7885 13837,7913 13846,7930 13829,8003 13797,8048 13781,8057 13761,8067 13748,8097 13748,8118 13745,8137 13730,8152 13709,8166 13690,8166 13653,8144 13638,8171 13681,8193 13698,8199 13717,8196 13733,8184 13752,8168 13769,8160 13787,8140 13805,8121 13850,8027 13861,8013 13906,7906 13936,7841 13940,7825 13938,7804 13925,7783 13909,7771 13896,7765 13870,7759 13778,7741 13763,7739 13751,7748 13739,7766 13703,7835 13630,7978 13593,8047 13561,8106 13556,8117 13558,8124 13578,8135 13608,8153 13628,8161 13636,8152 13643,8142 13632,8134 13617,8126 13613,8122 13645,8055 13672,7993 13739,7846
	F:W 15981,1250 16025,1247 16041,1235 16056,1211 16066,1195 16070,1184 16079,1182 16103,1205 16126,1221 16141,1225 16148,1217 16169,1212 16179,1215 16194,1226 16214,1233 16225,1222 16205,1211 16181,1203 16165,1191 16140,1178 16119,1166 16108,1169 16134,1192 16160,1198 16165,1205 16149,1211 16133,1210 16106,1189 16088,1173 16069,1168 16059,1165 16057,1177 16059,1189 16031,1186 16008,1170 15988,1159 15976,1162 15943,1161 15923,1160 15909,1145 15901,1131 15884,1124 15884,1100 15921,1096 15943,1110 15947,1099 15938,1081 15925,1082 15925,1071 15910,1055 15901,1044 15879,1024 15853,1015 15853,994 15869,982 15879,978 15906,986 15928,993 15940,1002 15963,1023 15975,1024 15972,1003 15959,991 15952,978 15938,961 15926,959 15932,977 15923,979 15909,976 15904,964 15883,935 15888,919 15889,907 15871,909 15868,919 15865,958 15841,965 15825,958 15796,913 15787,895 15764,890 15735,878 15716,855 15704,844 15708,833 15731,823 15740,811 15715,815 15718,790 15715,775 15701,751 15685,746 15657,741 15636,742 15617,747 15638,758 15661,771 15676,795 15689,804 15687,838 15672,840 15661,831 15644,806 15627,797 15621,797 15607,806 15584,805 15557,798 15561,772 15585,744 15599,742 15610,735 15603,721 15605,705 15597,696 15580,703 15574,682 15566,671 15540,662 15503,650 15458,634 15437,622 15428,629 15413,636 15390,633 15368,614 15355,607 15334,597 15324,605 15299,592 15296,572 15268,548 15239,544 15216,532 15171,536 15193,558 15227,582 15285,615 15303,624 15318,624 15323,617 15343,631 15343,653 15359,665 15378,685 15412,722 15424,720 15457,735 15479,755 15495,779 15483,786 15463,765 15446,765 15462,785 15510,830 15524,837 15536,838 15536,824 15554,822 15608,827 15638,860 15652,873 15666,894 15655,919 15653,948 15663,954 15658,969 15644,976 15679,1022 15716,1064 15750,1095 15776,1122 15776,1140 15755,1157 15720,1179 15708,1185 15690,1193 15676,1188 15652,1154 15634,1132 15609,1099 15572,1051 15545,1015 15508,976 15477,943 15448,914 15422,889 15392,857 15373,839 15227,727 15208,715 15200,728 15244,757 15334,825 15384,867 15415,897 15460,938 15504,983 15536,1018 15566,1054 15604,1105 15641,1153 15671,1196 15683,1206 15695,1217 15702,1234 15725,1262 15777,1312 15800,1330 15812,1343 15869,1389 15895,1398 15899,1391 15880,1369 15836,1339 15799,1312 15756,1274 15724,1241 15702,1216 15728,1195 15783,1157 15801,1152 15811,1176 15832,1173 15845,1181 15856,1190 15860,1235 15888,1239 15891,1260 15948,1261 15981,1250
	F:W 16167,1439 16184,1430 16207,1418 16224,1419 16220,1434 16200,1444 16206,1457 16230,1452 16240,1465 16283,1437 16269,1424 16241,1419 16250,1403 16226,1392 16228,1380 16227,1358 16205,1340 16173,1350 16154,1361 16145,1380 16145,1399 16167,1439
	F:W 16076,1467 16082,1470 16090,1467 16092,1458 16093,1445 16090,1429 16084,1431 16080,1437 16074,1438 16074,1430 16066,1434 16058,1443 16050,1454 16058,1457 16076,1467
